Apr 23, 2014 17:10:37	29	44	0
Apr 23, 2014 17:10:38	34	48	0
Apr 23, 2014 17:10:39	29	44	0
Apr 23, 2014 17:10:40	41	30	0
Apr 23, 2014 17:10:41	64	27	0
Apr 23, 2014 17:10:42	87	43	0
Apr 23, 2014 17:10:44	83	56	0
Apr 23, 2014 17:10:45	70	63	0
Apr 23, 2014 17:10:46	44	51	0
Apr 23, 2014 17:10:47	61	57	0
Apr 23, 2014 17:10:48	64	64	0
Apr 23, 2014 17:10:49	64	51	0
Apr 23, 2014 17:10:50	91	56	0
Apr 23, 2014 17:10:51	64	60	0
Apr 23, 2014 17:10:52	60	70	0
Apr 23, 2014 17:10:53	53	78	0
Apr 23, 2014 17:10:54	35	80	0
Apr 23, 2014 17:10:55	54	93	0
Apr 23, 2014 17:10:56	50	87	0
Apr 23, 2014 17:10:57	53	93	0
Apr 23, 2014 17:10:58	44	91	0
Apr 23, 2014 17:10:59	34	70	0
Apr 23, 2014 17:11:00	47	66	0
Apr 23, 2014 17:11:01	43	61	0
Apr 23, 2014 17:11:02	60	69	0
Apr 23, 2014 17:11:03	67	77	0
Apr 23, 2014 17:11:04	48	70	0
Apr 23, 2014 17:11:05	53	78	0
Apr 23, 2014 17:11:06	47	75	0
Apr 23, 2014 17:11:07	60	69	0
Apr 23, 2014 17:11:08	75	69	0
Apr 23, 2014 17:11:09	78	63	0
Apr 23, 2014 17:11:10	77	51	0
Apr 23, 2014 17:11:11	69	53	0
Apr 23, 2014 17:11:12	48	56	0
Apr 23, 2014 17:11:13	41	53	0
Apr 23, 2014 17:11:14	43	56	0
Apr 23, 2014 17:11:15	77	56	0
Apr 23, 2014 17:11:16	63	61	0
Apr 23, 2014 17:11:17	66	64	0
Apr 23, 2014 17:11:18	57	69	0
Apr 23, 2014 17:11:20	44	50	0
Apr 23, 2014 17:11:21	67	47	0
Apr 23, 2014 17:11:22	63	21	0
Apr 23, 2014 17:11:23	41	21	0
Apr 23, 2014 17:11:24	38	44	0
Apr 23, 2014 17:11:25	23	61	0
Apr 23, 2014 17:11:26	17	88	0
Apr 23, 2014 17:11:27	47	90	0
Apr 23, 2014 17:11:28	48	87	0
Apr 23, 2014 17:11:29	53	74	0
Apr 23, 2014 17:11:30	67	56	0
Apr 23, 2014 17:11:31	69	63	0
Apr 23, 2014 17:11:32	63	51	0
Apr 23, 2014 17:11:33	70	60	0
Apr 23, 2014 17:11:34	63	66	0
Apr 23, 2014 17:11:35	57	67	0
Apr 23, 2014 17:11:36	69	70	0
Apr 23, 2014 17:11:37	61	66	0
Apr 23, 2014 17:11:38	50	54	0
Apr 23, 2014 17:11:39	54	51	0
Apr 23, 2014 17:11:40	38	63	0
Apr 23, 2014 17:11:41	43	51	0
Apr 23, 2014 17:11:42	40	54	0
Apr 23, 2014 17:11:43	37	60	0
Apr 23, 2014 17:11:44	50	60	0
Apr 23, 2014 17:11:45	64	96	0
Apr 23, 2014 17:11:46	51	93	0
Apr 23, 2014 17:11:47	69	87	0
Apr 23, 2014 17:11:48	69	83	0
Apr 23, 2014 17:11:49	74	80	0
Apr 23, 2014 17:11:50	84	74	0
Apr 23, 2014 17:11:51	57	84	0
Apr 23, 2014 17:11:52	57	91	0
Apr 23, 2014 17:11:53	57	83	0
Apr 23, 2014 17:11:54	34	88	0
Apr 23, 2014 17:11:56	48	91	0
Apr 23, 2014 17:11:57	34	64	0
Apr 23, 2014 17:11:58	14	64	0
Apr 23, 2014 17:11:59	24	75	0
Apr 23, 2014 17:12:00	30	66	0
Apr 23, 2014 17:12:01	27	74	0
Apr 23, 2014 17:12:02	16	57	0
Apr 23, 2014 17:12:03	37	41	0
Apr 23, 2014 17:12:04	11	30	0
Apr 23, 2014 17:12:05	43	38	0
Apr 23, 2014 17:12:06	50	54	0
Apr 23, 2014 17:12:07	50	54	51
Apr 23, 2014 17:12:08	50	54	51
Apr 23, 2014 17:12:09	50	54	25
Apr 23, 2014 17:12:10	56	69	0
Apr 23, 2014 17:12:11	56	69	25
Apr 23, 2014 17:12:12	70	63	0
Apr 23, 2014 17:12:13	54	63	0
Apr 23, 2014 17:12:14	63	56	0
Apr 23, 2014 17:12:15	38	38	0
Apr 23, 2014 17:12:16	30	41	0
Apr 23, 2014 17:12:17	35	56	0
Apr 23, 2014 17:12:18	44	81	0
Apr 23, 2014 17:12:19	44	83	0
Apr 23, 2014 17:12:20	47	64	0
Apr 23, 2014 17:12:21	26	43	0
Apr 23, 2014 17:12:22	30	29	0
Apr 23, 2014 17:12:23	26	40	0
Apr 23, 2014 17:12:24	30	53	0
Apr 23, 2014 17:12:25	44	77	0
Apr 23, 2014 17:12:26	26	83	0
Apr 23, 2014 17:12:27	21	74	0
Apr 23, 2014 17:12:28	24	83	0
Apr 23, 2014 17:12:29	26	64	0
Apr 23, 2014 17:12:30	44	67	0
Apr 23, 2014 17:12:31	48	75	0
Apr 23, 2014 17:12:33	50	70	0
Apr 23, 2014 17:12:34	60	83	0
Apr 23, 2014 17:12:35	60	83	26
Apr 23, 2014 17:12:36	60	83	26
Apr 23, 2014 17:12:37	57	83	0
Apr 23, 2014 17:12:38	60	56	0
Apr 23, 2014 17:12:39	60	56	26
Apr 23, 2014 17:12:40	60	56	25
Apr 23, 2014 17:12:41	57	63	0
Apr 23, 2014 17:12:42	50	64	0
Apr 23, 2014 17:12:43	64	56	0
Apr 23, 2014 17:12:44	67	83	0
Apr 23, 2014 17:12:45	67	83	26
Apr 23, 2014 17:12:46	67	83	51
Apr 23, 2014 17:12:47	67	83	51
Apr 23, 2014 17:12:48	67	50	0
Apr 23, 2014 17:12:49	43	61	0
Apr 23, 2014 17:12:50	43	61	51
Apr 23, 2014 17:12:51	53	50	0
Apr 23, 2014 17:12:52	54	67	0
Apr 23, 2014 17:12:53	56	69	0
Apr 23, 2014 17:12:54	56	69	25
Apr 23, 2014 17:12:55	75	51	0
Apr 23, 2014 17:12:56	67	74	0
Apr 23, 2014 17:12:57	69	51	0
Apr 23, 2014 17:12:58	69	51	51
Apr 23, 2014 17:12:59	44	47	0
Apr 23, 2014 17:13:00	23	43	0
Apr 23, 2014 17:13:01	8	24	0
Apr 23, 2014 17:13:02	7	40	0
Apr 23, 2014 17:13:03	13	50	0
Apr 23, 2014 17:13:04	21	63	0
Apr 23, 2014 17:13:05	43	67	0
Apr 23, 2014 17:13:06	38	66	0
Apr 23, 2014 17:13:07	47	77	0
Apr 23, 2014 17:13:09	43	77	0
Apr 23, 2014 17:13:10	30	90	0
Apr 23, 2014 17:13:11	38	94	0
Apr 23, 2014 17:13:12	43	93	0
Apr 23, 2014 17:13:13	53	84	0
Apr 23, 2014 17:13:14	64	77	0
Apr 23, 2014 17:13:15	61	66	0
Apr 23, 2014 17:13:16	61	66	25
Apr 23, 2014 17:13:17	61	66	25
Apr 23, 2014 17:13:18	61	66	25
Apr 23, 2014 17:13:19	44	77	0
Apr 23, 2014 17:13:20	21	63	0
Apr 23, 2014 17:13:21	30	70	0
Apr 23, 2014 17:13:22	60	70	0
Apr 23, 2014 17:13:23	60	70	25
Apr 23, 2014 17:13:24	53	63	0
Apr 23, 2014 17:13:25	53	63	25
Apr 23, 2014 17:13:26	80	66	0
Apr 23, 2014 17:13:27	75	57	0
Apr 23, 2014 17:13:28	61	54	0
Apr 23, 2014 17:13:29	57	57	0
Apr 23, 2014 17:13:30	53	75	0
Apr 23, 2014 17:13:31	48	83	0
Apr 23, 2014 17:13:32	48	84	0
Apr 23, 2014 17:13:33	48	84	25
Apr 23, 2014 17:13:34	38	61	0
Apr 23, 2014 17:13:35	38	61	0
Apr 23, 2014 17:13:36	26	47	0
Apr 23, 2014 17:13:37	35	53	0
Apr 23, 2014 17:13:38	48	70	0
Apr 23, 2014 17:13:39	54	70	0
Apr 23, 2014 17:13:40	54	70	25
Apr 23, 2014 17:13:41	54	70	25
Apr 23, 2014 17:13:42	54	70	25
Apr 23, 2014 17:13:43	70	75	0
Apr 23, 2014 17:13:45	64	70	0
Apr 23, 2014 17:13:46	75	67	0
Apr 23, 2014 17:13:47	74	69	0
Apr 23, 2014 17:13:48	74	69	25
Apr 23, 2014 17:13:49	74	69	51
Apr 23, 2014 17:13:50	66	70	0
Apr 23, 2014 17:13:51	44	66	0
Apr 23, 2014 17:13:52	44	66	25
Apr 23, 2014 17:13:53	44	66	25
Apr 23, 2014 17:13:54	44	66	25
Apr 23, 2014 17:13:55	40	54	0
Apr 23, 2014 17:13:56	34	60	0
Apr 23, 2014 17:13:57	34	54	0
Apr 23, 2014 17:13:58	48	74	0
Apr 23, 2014 17:13:59	63	75	0
Apr 23, 2014 17:14:00	63	75	26
Apr 23, 2014 17:14:01	60	66	0
Apr 23, 2014 17:14:02	61	75	0
Apr 23, 2014 17:14:03	54	51	0
Apr 23, 2014 17:14:04	54	51	25
Apr 23, 2014 17:14:05	43	54	0
Apr 23, 2014 17:14:06	43	54	51
Apr 23, 2014 17:14:07	67	44	0
Apr 23, 2014 17:14:08	70	43	0
Apr 23, 2014 17:14:09	70	43	51
Apr 23, 2014 17:14:10	63	56	0
Apr 23, 2014 17:14:11	63	56	26
Apr 23, 2014 17:14:12	56	43	0
Apr 23, 2014 17:14:13	41	67	0
Apr 23, 2014 17:14:14	41	67	26
Apr 23, 2014 17:14:15	44	56	0
Apr 23, 2014 17:14:16	50	60	0
Apr 23, 2014 17:14:17	50	60	51
Apr 23, 2014 17:14:18	60	80	0
Apr 23, 2014 17:14:19	38	67	0
Apr 23, 2014 17:14:21	38	67	26
Apr 23, 2014 17:14:22	24	75	26
Apr 23, 2014 17:14:23	24	51	0
Apr 23, 2014 17:14:24	17	35	0
Apr 23, 2014 17:14:25	17	35	51
Apr 23, 2014 17:14:26	17	26	0
Apr 23, 2014 17:14:27	34	24	0
Apr 23, 2014 17:14:28	34	24	26
Apr 23, 2014 17:14:29	34	24	51
Apr 23, 2014 17:14:30	51	43	0
Apr 23, 2014 17:14:31	56	48	0
Apr 23, 2014 17:14:32	87	66	0
Apr 23, 2014 17:14:33	77	61	0
Apr 23, 2014 17:14:34	63	74	0
Apr 23, 2014 17:14:35	63	74	51
Apr 23, 2014 17:14:36	51	88	0
Apr 23, 2014 17:14:37	51	88	25
Apr 23, 2014 17:14:38	29	78	0
Apr 23, 2014 17:14:39	20	91	0
Apr 23, 2014 17:14:40	3	83	0
Apr 23, 2014 17:14:41	3	83	25
Apr 23, 2014 17:14:42	13	90	0
Apr 23, 2014 17:14:43	26	100	0
Apr 23, 2014 17:14:44	38	80	0
Apr 23, 2014 17:14:45	63	70	0
Apr 23, 2014 17:14:46	61	53	0
Apr 23, 2014 17:14:47	56	57	0
Apr 23, 2014 17:14:48	48	70	0
Apr 23, 2014 17:14:49	37	69	0
Apr 23, 2014 17:14:50	51	61	52
Apr 23, 2014 17:14:51	44	54	0
Apr 23, 2014 17:14:52	64	50	0
Apr 23, 2014 17:14:53	64	61	0
Apr 23, 2014 17:14:55	57	70	0
Apr 23, 2014 17:14:56	57	70	26
Apr 23, 2014 17:14:57	48	54	0
Apr 23, 2014 17:14:58	30	53	0
Apr 23, 2014 17:14:59	40	40	0
Apr 23, 2014 17:15:00	35	47	0
Apr 23, 2014 17:15:01	48	57	0
Apr 23, 2014 17:15:02	69	56	0
Apr 23, 2014 17:15:03	64	70	0
Apr 23, 2014 17:15:04	64	43	0
Apr 23, 2014 17:15:05	47	40	0
Apr 23, 2014 17:15:06	16	44	0
Apr 23, 2014 17:15:07	3	38	0
Apr 23, 2014 17:15:08	1	75	0
Apr 23, 2014 17:15:09	21	87	0
Apr 23, 2014 17:15:10	54	80	0
Apr 23, 2014 17:15:11	56	91	0
Apr 23, 2014 17:15:12	57	93	0
Apr 23, 2014 17:15:13	43	90	0
Apr 23, 2014 17:15:14	26	84	0
Apr 23, 2014 17:15:15	20	57	0
Apr 23, 2014 17:15:16	34	50	0
Apr 23, 2014 17:15:17	43	37	0
Apr 23, 2014 17:15:18	43	35	0
Apr 23, 2014 17:15:19	63	56	0
Apr 23, 2014 17:15:20	61	43	0
Apr 23, 2014 17:15:21	57	56	0
Apr 23, 2014 17:15:22	51	53	0
Apr 23, 2014 17:15:23	35	54	0
Apr 23, 2014 17:15:24	35	47	0
Apr 23, 2014 17:15:25	30	60	0
Apr 23, 2014 17:15:26	23	57	0
Apr 23, 2014 17:15:27	29	51	0
Apr 23, 2014 17:15:28	27	53	0
Apr 23, 2014 17:15:29	20	20	0
Apr 23, 2014 17:15:30	44	34	0
Apr 23, 2014 17:15:32	60	47	0
Apr 23, 2014 17:15:33	61	41	0
Apr 23, 2014 17:15:34	66	70	0
Apr 23, 2014 17:15:35	66	70	0
Apr 23, 2014 17:15:36	54	87	0
Apr 23, 2014 17:15:37	34	83	0
Apr 23, 2014 17:15:38	40	67	0
Apr 23, 2014 17:15:39	26	60	0
Apr 23, 2014 17:15:40	13	43	0
Apr 23, 2014 17:15:41	37	64	0
Apr 23, 2014 17:15:42	38	75	0
Apr 23, 2014 17:15:43	61	77	0
Apr 23, 2014 17:15:44	80	88	0
Apr 23, 2014 17:15:45	75	81	0
Apr 23, 2014 17:15:46	63	90	0
Apr 23, 2014 17:15:47	67	84	0
Apr 23, 2014 17:15:48	57	88	0
Apr 23, 2014 17:15:49	50	88	0
Apr 23, 2014 17:15:50	57	90	0
Apr 23, 2014 17:15:51	40	97	0
Apr 23, 2014 17:15:52	44	94	0
Apr 23, 2014 17:15:53	43	94	0
Apr 23, 2014 17:15:54	43	84	0
Apr 23, 2014 17:15:55	34	80	0
Apr 23, 2014 17:15:56	40	93	0
Apr 23, 2014 17:15:57	34	77	0
Apr 23, 2014 17:15:58	23	87	0
Apr 23, 2014 17:15:59	34	91	0
Apr 23, 2014 17:16:00	44	84	0
Apr 23, 2014 17:16:01	27	84	0
Apr 23, 2014 17:16:02	40	84	0
Apr 23, 2014 17:16:03	38	81	0
Apr 23, 2014 17:16:04	43	80	0
Apr 23, 2014 17:16:05	56	90	0
Apr 23, 2014 17:16:06	56	81	0
Apr 23, 2014 17:16:07	67	75	0
Apr 23, 2014 17:16:09	66	78	0
Apr 23, 2014 17:16:10	64	77	0
Apr 23, 2014 17:16:11	56	94	0
Apr 23, 2014 17:16:12	44	96	0
Apr 23, 2014 17:16:13	50	93	0
Apr 23, 2014 17:16:14	53	91	0
Apr 23, 2014 17:16:15	61	81	0
Apr 23, 2014 17:16:16	50	87	0
Apr 23, 2014 17:16:17	48	78	0
Apr 23, 2014 17:16:18	34	69	0
Apr 23, 2014 17:16:19	41	63	0
Apr 23, 2014 17:16:20	47	51	0
Apr 23, 2014 17:16:21	44	54	0
Apr 23, 2014 17:16:22	64	66	0
Apr 23, 2014 17:16:23	60	63	0
Apr 23, 2014 17:16:24	84	69	0
Apr 23, 2014 17:16:25	78	67	0
Apr 23, 2014 17:16:26	64	66	0
Apr 23, 2014 17:16:27	54	77	0
Apr 23, 2014 17:16:28	56	75	0
Apr 23, 2014 17:16:29	53	75	0
Apr 23, 2014 17:16:30	61	64	0
Apr 23, 2014 17:16:31	51	61	0
Apr 23, 2014 17:16:32	48	69	0
Apr 23, 2014 17:16:33	64	75	0
Apr 23, 2014 17:16:34	67	83	0
Apr 23, 2014 17:16:35	69	93	0
Apr 23, 2014 17:16:36	80	84	0
Apr 23, 2014 17:16:37	61	84	0
Apr 23, 2014 17:16:38	74	88	0
Apr 23, 2014 17:16:39	61	78	0
Apr 23, 2014 17:16:40	48	70	0
Apr 23, 2014 17:16:41	48	83	0
Apr 23, 2014 17:16:42	35	84	0
Apr 23, 2014 17:16:43	63	77	0
Apr 23, 2014 17:16:45	75	80	0
Apr 23, 2014 17:16:46	53	57	0
Apr 23, 2014 17:16:47	54	66	0
Apr 23, 2014 17:16:48	40	75	0
Apr 23, 2014 17:16:49	27	88	0
Apr 23, 2014 17:16:50	50	94	0
Apr 23, 2014 17:16:51	50	91	0
Apr 23, 2014 17:16:52	38	100	0
Apr 23, 2014 17:16:53	48	93	0
Apr 23, 2014 17:16:54	43	97	0
Apr 23, 2014 17:16:55	47	94	0
Apr 23, 2014 17:16:56	54	67	0
Apr 23, 2014 17:16:57	53	77	0
Apr 23, 2014 17:16:58	44	75	0
Apr 23, 2014 17:16:59	34	70	0
Apr 23, 2014 17:17:00	27	80	0
Apr 23, 2014 17:17:01	35	66	0
Apr 23, 2014 17:17:02	26	57	0
Apr 23, 2014 17:17:03	41	57	0
Apr 23, 2014 17:17:04	60	60	0
Apr 23, 2014 17:17:05	48	60	0
Apr 23, 2014 17:17:06	61	66	0
Apr 23, 2014 17:17:07	64	66	0
Apr 23, 2014 17:17:08	43	54	0
Apr 23, 2014 17:17:09	50	50	0
Apr 23, 2014 17:17:10	50	60	0
Apr 23, 2014 17:17:11	26	56	0
Apr 23, 2014 17:17:12	38	78	0
Apr 23, 2014 17:17:13	29	80	0
Apr 23, 2014 17:17:14	35	80	0
Apr 23, 2014 17:17:15	44	81	0
Apr 23, 2014 17:17:16	43	87	0
Apr 23, 2014 17:17:17	53	81	0
Apr 23, 2014 17:17:18	37	70	0
Apr 23, 2014 17:17:19	38	64	0
Apr 23, 2014 17:17:21	41	48	0
Apr 23, 2014 17:17:22	40	57	0
Apr 23, 2014 17:17:23	47	54	0
Apr 23, 2014 17:17:24	48	63	0
Apr 23, 2014 17:17:25	48	66	0
Apr 23, 2014 17:17:26	53	61	0
Apr 23, 2014 17:17:27	63	69	0
Apr 23, 2014 17:17:28	48	94	0
Apr 23, 2014 17:17:29	35	100	0
Apr 23, 2014 17:17:30	34	100	0
Apr 23, 2014 17:17:31	37	100	0
Apr 23, 2014 17:17:32	51	100	0
Apr 23, 2014 17:17:33	61	94	0
Apr 23, 2014 17:17:34	69	88	0
Apr 23, 2014 17:17:35	67	77	0
Apr 23, 2014 17:17:36	61	81	0
Apr 23, 2014 17:17:37	60	74	0
Apr 23, 2014 17:17:38	35	64	0
Apr 23, 2014 17:17:39	35	66	0
Apr 23, 2014 17:17:40	27	53	0
Apr 23, 2014 17:17:41	20	54	0
Apr 23, 2014 17:17:42	54	60	0
Apr 23, 2014 17:17:43	54	54	0
Apr 23, 2014 17:17:44	56	74	0
Apr 23, 2014 17:17:45	66	75	0
Apr 23, 2014 17:17:46	40	93	0
Apr 23, 2014 17:17:47	29	88	0
Apr 23, 2014 17:17:48	27	77	0
Apr 23, 2014 17:17:49	24	77	0
Apr 23, 2014 17:17:50	14	53	0
Apr 23, 2014 17:17:51	21	63	0
Apr 23, 2014 17:17:52	20	51	0
Apr 23, 2014 17:17:53	17	43	0
Apr 23, 2014 17:17:54	13	34	0
Apr 23, 2014 17:17:56	30	38	0
Apr 23, 2014 17:17:57	24	48	0
Apr 23, 2014 17:17:58	47	67	0
Apr 23, 2014 17:17:59	43	60	0
Apr 23, 2014 17:18:00	43	63	0
Apr 23, 2014 17:18:01	40	66	0
Apr 23, 2014 17:18:02	40	69	0
Apr 23, 2014 17:18:03	38	80	0
Apr 23, 2014 17:18:04	50	81	0
Apr 23, 2014 17:18:05	38	69	0
Apr 23, 2014 17:18:06	43	75	0
Apr 23, 2014 17:18:07	27	60	0
Apr 23, 2014 17:18:08	26	60	0
Apr 23, 2014 17:18:09	24	63	0
Apr 23, 2014 17:18:10	27	78	0
Apr 23, 2014 17:18:11	37	91	0
Apr 23, 2014 17:18:12	20	77	0
Apr 23, 2014 17:18:13	34	77	0
Apr 23, 2014 17:18:14	27	69	0
Apr 23, 2014 17:18:15	14	64	0
Apr 23, 2014 17:18:16	24	75	0
Apr 23, 2014 17:18:17	7	90	0
Apr 23, 2014 17:18:18	1	80	0
Apr 23, 2014 17:18:19	1	80	0
Apr 23, 2014 17:18:20	1	91	0
Apr 23, 2014 17:18:21	7	90	0
Apr 23, 2014 17:18:22	21	93	0
Apr 23, 2014 17:18:23	30	90	0
Apr 23, 2014 17:18:24	41	78	0
Apr 23, 2014 17:18:25	41	60	0
Apr 23, 2014 17:18:26	48	51	0
Apr 23, 2014 17:18:27	43	54	0
Apr 23, 2014 17:18:28	47	51	0
Apr 23, 2014 17:18:29	41	56	0
Apr 23, 2014 17:18:30	54	60	0
Apr 23, 2014 17:18:32	48	57	0
Apr 23, 2014 17:18:33	60	50	0
Apr 23, 2014 17:18:34	56	57	0
Apr 23, 2014 17:18:35	60	61	0
Apr 23, 2014 17:18:36	56	70	0
Apr 23, 2014 17:18:37	34	90	0
Apr 23, 2014 17:18:38	16	77	0
Apr 23, 2014 17:18:39	14	66	0
Apr 23, 2014 17:18:40	17	57	0
Apr 23, 2014 17:18:41	34	57	0
Apr 23, 2014 17:18:42	47	60	0
Apr 23, 2014 17:18:43	37	53	0
Apr 23, 2014 17:18:44	44	61	0
Apr 23, 2014 17:18:45	37	66	0
Apr 23, 2014 17:18:46	44	74	0
Apr 23, 2014 17:18:47	44	87	0
Apr 23, 2014 17:18:48	43	90	0
Apr 23, 2014 17:18:49	40	83	0
Apr 23, 2014 17:18:50	30	87	0
Apr 23, 2014 17:18:51	24	84	0
Apr 23, 2014 17:18:52	14	74	0
Apr 23, 2014 17:18:53	24	74	0
Apr 23, 2014 17:18:54	41	69	0
Apr 23, 2014 17:18:55	57	70	0
Apr 23, 2014 17:18:56	74	84	0
Apr 23, 2014 17:18:57	75	83	0
Apr 23, 2014 17:18:58	56	75	0
Apr 23, 2014 17:18:59	56	70	0
Apr 23, 2014 17:19:00	26	40	0
Apr 23, 2014 17:19:01	21	41	0
Apr 23, 2014 17:19:02	34	35	0
Apr 23, 2014 17:19:03	50	44	0
Apr 23, 2014 17:19:04	57	47	0
Apr 23, 2014 17:19:05	78	56	0
Apr 23, 2014 17:19:06	57	60	0
Apr 23, 2014 17:19:07	51	69	0
Apr 23, 2014 17:19:09	50	63	0
Apr 23, 2014 17:19:10	48	48	0
Apr 23, 2014 17:19:11	53	56	0
Apr 23, 2014 17:19:12	50	40	0
Apr 23, 2014 17:19:13	38	38	0
Apr 23, 2014 17:19:14	26	51	0
Apr 23, 2014 17:19:15	37	43	0
Apr 23, 2014 17:19:16	40	56	0
Apr 23, 2014 17:19:17	66	69	0
Apr 23, 2014 17:19:18	56	66	0
Apr 23, 2014 17:19:19	37	69	0
Apr 23, 2014 17:19:20	41	66	0
Apr 23, 2014 17:19:21	21	61	0
Apr 23, 2014 17:19:22	29	67	0
Apr 23, 2014 17:19:23	29	63	0
Apr 23, 2014 17:19:24	16	61	0
Apr 23, 2014 17:19:25	27	74	0
Apr 23, 2014 17:19:26	20	60	0
Apr 23, 2014 17:19:27	27	66	0
Apr 23, 2014 17:19:28	29	63	0
Apr 23, 2014 17:19:29	20	64	0
Apr 23, 2014 17:19:30	23	67	0
Apr 23, 2014 17:19:31	13	57	0
Apr 23, 2014 17:19:32	44	51	0
Apr 23, 2014 17:19:33	35	47	0
Apr 23, 2014 17:19:34	50	63	0
Apr 23, 2014 17:19:35	37	69	0
Apr 23, 2014 17:19:36	29	75	0
Apr 23, 2014 17:19:37	54	87	0
Apr 23, 2014 17:19:38	35	67	0
Apr 23, 2014 17:19:39	40	57	0
Apr 23, 2014 17:19:40	35	56	0
Apr 23, 2014 17:19:41	26	57	0
Apr 23, 2014 17:19:42	51	61	0
Apr 23, 2014 17:19:43	54	70	0
Apr 23, 2014 17:19:45	63	63	0
Apr 23, 2014 17:19:46	60	40	0
Apr 23, 2014 17:19:47	38	37	0
Apr 23, 2014 17:19:48	29	20	0
Apr 23, 2014 17:19:49	14	24	0
Apr 23, 2014 17:19:50	20	53	0
Apr 23, 2014 17:19:51	27	61	0
Apr 23, 2014 17:19:52	30	84	0
Apr 23, 2014 17:19:53	47	83	0
Apr 23, 2014 17:19:54	53	74	0
Apr 23, 2014 17:19:55	51	77	0
Apr 23, 2014 17:19:56	51	64	0
Apr 23, 2014 17:19:57	40	70	0
Apr 23, 2014 17:19:58	38	80	0
Apr 23, 2014 17:19:59	29	64	0
Apr 23, 2014 17:20:00	29	70	0
Apr 23, 2014 17:20:01	44	74	0
Apr 23, 2014 17:20:02	40	67	0
Apr 23, 2014 17:20:03	40	80	0
Apr 23, 2014 17:20:04	40	90	0
Apr 23, 2014 17:20:05	35	87	0
Apr 23, 2014 17:20:06	57	80	0
Apr 23, 2014 17:20:07	50	66	0
Apr 23, 2014 17:20:08	47	51	0
Apr 23, 2014 17:20:09	51	57	0
Apr 23, 2014 17:20:10	30	57	0
Apr 23, 2014 17:20:11	35	54	0
Apr 23, 2014 17:20:12	24	56	0
Apr 23, 2014 17:20:13	24	56	0
Apr 23, 2014 17:20:14	27	50	0
Apr 23, 2014 17:20:15	24	56	0
Apr 23, 2014 17:20:16	29	53	0
Apr 23, 2014 17:20:17	17	50	0
Apr 23, 2014 17:20:18	24	48	0
Apr 23, 2014 17:20:19	38	53	0
Apr 23, 2014 17:20:20	40	60	0
Apr 23, 2014 17:20:22	38	61	0
Apr 23, 2014 17:20:23	40	66	0
Apr 23, 2014 17:20:24	23	53	0
Apr 23, 2014 17:20:25	20	67	0
Apr 23, 2014 17:20:26	20	70	0
Apr 23, 2014 17:20:27	20	56	0
Apr 23, 2014 17:20:28	20	60	0
Apr 23, 2014 17:20:29	23	50	0
Apr 23, 2014 17:20:30	8	56	0
Apr 23, 2014 17:20:31	17	80	0
Apr 23, 2014 17:20:32	8	87	0
Apr 23, 2014 17:20:33	23	78	0
Apr 23, 2014 17:20:34	27	74	0
Apr 23, 2014 17:20:35	26	67	0
Apr 23, 2014 17:20:36	3	63	0
Apr 23, 2014 17:20:37	3	57	0
Apr 23, 2014 17:20:38	1	63	0
Apr 23, 2014 17:20:39	13	34	0
Apr 23, 2014 17:20:40	23	40	0
Apr 23, 2014 17:20:41	38	37	0
Apr 23, 2014 17:20:42	66	30	0
Apr 23, 2014 17:20:43	38	48	0
Apr 23, 2014 17:20:44	47	48	0
Apr 23, 2014 17:20:45	37	64	0
Apr 23, 2014 17:20:46	27	69	0
Apr 23, 2014 17:20:47	27	61	0
Apr 23, 2014 17:20:48	20	57	0
Apr 23, 2014 17:20:49	24	43	0
Apr 23, 2014 17:20:50	29	54	0
Apr 23, 2014 17:20:51	37	57	0
Apr 23, 2014 17:20:52	26	66	0
Apr 23, 2014 17:20:53	29	80	0
Apr 23, 2014 17:20:54	21	60	0
Apr 23, 2014 17:20:55	21	66	0
Apr 23, 2014 17:20:56	29	63	0
Apr 23, 2014 17:20:58	21	61	0
Apr 23, 2014 17:20:59	24	83	0
Apr 23, 2014 17:21:00	14	74	0
Apr 23, 2014 17:21:01	10	74	0
Apr 23, 2014 17:21:02	24	70	0
Apr 23, 2014 17:21:03	30	64	0
Apr 23, 2014 17:21:04	40	64	0
Apr 23, 2014 17:21:05	51	53	0
Apr 23, 2014 17:21:06	35	56	0
Apr 23, 2014 17:21:07	38	70	0
Apr 23, 2014 17:21:08	43	91	0
Apr 23, 2014 17:21:09	30	83	0
Apr 23, 2014 17:21:10	41	81	0
Apr 23, 2014 17:21:11	41	78	0
Apr 23, 2014 17:21:12	53	57	0
Apr 23, 2014 17:21:13	51	66	0
Apr 23, 2014 17:21:14	24	53	0
Apr 23, 2014 17:21:15	27	41	0
Apr 23, 2014 17:21:16	1	51	0
Apr 23, 2014 17:21:17	10	50	0
Apr 23, 2014 17:21:18	24	50	0
Apr 23, 2014 17:21:19	35	61	0
Apr 23, 2014 17:21:20	51	74	0
Apr 23, 2014 17:21:21	43	66	0
Apr 23, 2014 17:21:22	35	66	0
Apr 23, 2014 17:21:23	16	56	0
Apr 23, 2014 17:21:24	11	50	0
Apr 23, 2014 17:21:25	11	51	0
Apr 23, 2014 17:21:26	35	54	0
Apr 23, 2014 17:21:27	35	78	0
Apr 23, 2014 17:21:28	35	63	0
Apr 23, 2014 17:21:29	53	80	0
Apr 23, 2014 17:21:30	38	88	0
Apr 23, 2014 17:21:31	38	60	0
Apr 23, 2014 17:21:32	34	67	0
Apr 23, 2014 17:21:34	34	67	0
Apr 23, 2014 17:21:35	34	44	0
Apr 23, 2014 17:21:36	41	64	0
Apr 23, 2014 17:21:37	37	57	0
Apr 23, 2014 17:21:38	17	75	0
Apr 23, 2014 17:21:39	21	64	0
Apr 23, 2014 17:21:40	27	69	0
Apr 23, 2014 17:21:41	26	51	0
Apr 23, 2014 17:21:42	30	56	0
Apr 23, 2014 17:21:43	10	57	0
Apr 23, 2014 17:21:44	8	64	0
Apr 23, 2014 17:21:45	16	67	0
Apr 23, 2014 17:21:46	16	74	0
Apr 23, 2014 17:21:47	24	70	0
Apr 23, 2014 17:21:48	30	69	0
Apr 23, 2014 17:21:49	29	67	0
Apr 23, 2014 17:21:50	44	67	0
Apr 23, 2014 17:21:51	43	69	0
Apr 23, 2014 17:21:52	35	66	0
Apr 23, 2014 17:21:53	37	61	0
Apr 23, 2014 17:21:54	26	51	0
Apr 23, 2014 17:21:55	37	56	0
Apr 23, 2014 17:21:56	40	47	0
Apr 23, 2014 17:21:57	40	54	0
Apr 23, 2014 17:21:58	27	43	0
Apr 23, 2014 17:21:59	4	27	0
Apr 23, 2014 17:22:00	4	38	0
Apr 23, 2014 17:22:01	16	35	0
Apr 23, 2014 17:22:02	27	53	0
Apr 23, 2014 17:22:03	35	56	0
Apr 23, 2014 17:22:04	34	51	0
Apr 23, 2014 17:22:05	21	54	0
Apr 23, 2014 17:22:06	26	50	0
Apr 23, 2014 17:22:07	24	48	0
Apr 23, 2014 17:22:08	27	47	0
Apr 23, 2014 17:22:10	17	47	0
Apr 23, 2014 17:22:11	29	40	0
Apr 23, 2014 17:22:12	50	51	0
Apr 23, 2014 17:22:13	50	47	0
Apr 23, 2014 17:22:14	60	53	0
Apr 23, 2014 17:22:15	53	60	0
Apr 23, 2014 17:22:16	54	54	0
Apr 23, 2014 17:22:17	70	56	0
Apr 23, 2014 17:22:18	63	50	0
Apr 23, 2014 17:22:19	80	60	0
Apr 23, 2014 17:22:20	75	63	0
Apr 23, 2014 17:22:21	67	64	0
Apr 23, 2014 17:22:22	66	78	0
Apr 23, 2014 17:22:23	48	57	0
Apr 23, 2014 17:22:24	60	57	0
Apr 23, 2014 17:22:25	37	47	0
Apr 23, 2014 17:22:26	48	38	0
Apr 23, 2014 17:22:27	38	48	0
Apr 23, 2014 17:22:28	16	48	0
Apr 23, 2014 17:22:29	26	57	0
Apr 23, 2014 17:22:30	17	43	0
Apr 23, 2014 17:22:31	27	61	0
Apr 23, 2014 17:22:32	30	75	0
Apr 23, 2014 17:22:33	40	66	0
Apr 23, 2014 17:22:34	44	80	0
Apr 23, 2014 17:22:35	53	70	0
Apr 23, 2014 17:22:36	53	70	0
Apr 23, 2014 17:22:37	48	93	0
Apr 23, 2014 17:22:38	44	78	0
Apr 23, 2014 17:22:39	41	66	0
Apr 23, 2014 17:22:40	43	63	0
Apr 23, 2014 17:22:41	34	54	0
Apr 23, 2014 17:22:42	38	56	0
Apr 23, 2014 17:22:43	40	56	0
Apr 23, 2014 17:22:44	40	51	0
Apr 23, 2014 17:22:46	48	56	0
Apr 23, 2014 17:22:47	30	50	0
Apr 23, 2014 17:22:48	35	48	0
Apr 23, 2014 17:22:49	27	47	0
Apr 23, 2014 17:22:50	29	44	0
Apr 23, 2014 17:22:51	37	44	0
Apr 23, 2014 17:22:52	40	50	0
Apr 23, 2014 17:22:53	47	43	0
Apr 23, 2014 17:22:54	54	48	0
Apr 23, 2014 17:22:55	60	63	0
Apr 23, 2014 17:22:56	48	43	0
Apr 23, 2014 17:22:57	51	57	0
Apr 23, 2014 17:22:58	40	56	0
Apr 23, 2014 17:22:59	24	47	0
Apr 23, 2014 17:23:00	37	67	0
Apr 23, 2014 17:23:01	24	60	0
Apr 23, 2014 17:23:02	35	70	0
Apr 23, 2014 17:23:03	44	78	0
Apr 23, 2014 17:23:04	38	88	0
Apr 23, 2014 17:23:05	48	90	0
Apr 23, 2014 17:23:06	35	74	0
Apr 23, 2014 17:23:07	27	88	0
Apr 23, 2014 17:23:08	41	70	0
Apr 23, 2014 17:23:09	27	57	0
Apr 23, 2014 17:23:10	35	43	0
Apr 23, 2014 17:23:11	35	34	0
Apr 23, 2014 17:23:12	57	50	0
Apr 23, 2014 17:23:13	70	56	0
Apr 23, 2014 17:23:14	67	50	0
Apr 23, 2014 17:23:15	66	48	0
Apr 23, 2014 17:23:16	69	40	0
Apr 23, 2014 17:23:17	66	40	0
Apr 23, 2014 17:23:18	56	47	0
Apr 23, 2014 17:23:19	67	47	0
Apr 23, 2014 17:23:20	60	41	0
Apr 23, 2014 17:23:21	69	53	0
Apr 23, 2014 17:23:23	88	43	0
Apr 23, 2014 17:23:24	69	54	0
Apr 23, 2014 17:23:25	80	44	0
Apr 23, 2014 17:23:26	75	40	0
Apr 23, 2014 17:23:27	78	51	0
Apr 23, 2014 17:23:28	67	48	0
Apr 23, 2014 17:23:29	35	60	0
Apr 23, 2014 17:23:30	17	57	0
Apr 23, 2014 17:23:31	1	51	0
Apr 23, 2014 17:23:32	1	38	0
Apr 23, 2014 17:23:33	20	44	0
Apr 23, 2014 17:23:34	26	34	0
Apr 23, 2014 17:23:35	47	38	0
Apr 23, 2014 17:23:36	61	44	0
Apr 23, 2014 17:23:37	50	43	0
Apr 23, 2014 17:23:38	64	61	0
Apr 23, 2014 17:23:39	54	67	0
Apr 23, 2014 17:23:40	56	78	0
Apr 23, 2014 17:23:41	66	67	0
Apr 23, 2014 17:23:42	67	53	0
Apr 23, 2014 17:23:43	70	54	0
Apr 23, 2014 17:23:44	69	57	0
Apr 23, 2014 17:23:45	70	54	0
Apr 23, 2014 17:23:46	54	66	0
Apr 23, 2014 17:23:47	44	67	0
Apr 23, 2014 17:23:48	26	75	0
Apr 23, 2014 17:23:49	10	80	0
Apr 23, 2014 17:23:50	27	77	0
Apr 23, 2014 17:23:51	43	75	0
Apr 23, 2014 17:23:52	60	57	0
Apr 23, 2014 17:23:53	80	40	0
Apr 23, 2014 17:23:54	97	30	0
Apr 23, 2014 17:23:55	77	20	0
Apr 23, 2014 17:23:56	75	29	0
Apr 23, 2014 17:23:58	75	35	0
Apr 23, 2014 17:23:59	69	43	0
Apr 23, 2014 17:24:00	87	51	0
Apr 23, 2014 17:24:01	100	47	0
Apr 23, 2014 17:24:02	87	43	0
Apr 23, 2014 17:24:03	78	40	0
Apr 23, 2014 17:24:04	78	44	0
Apr 23, 2014 17:24:05	77	38	0
Apr 23, 2014 17:24:06	96	43	0
Apr 23, 2014 17:24:07	78	43	0
Apr 23, 2014 17:24:08	77	30	0
Apr 23, 2014 17:24:09	78	41	0
Apr 23, 2014 17:24:10	83	30	0
Apr 23, 2014 17:24:11	100	29	0
Apr 23, 2014 17:24:12	100	35	0
Apr 23, 2014 17:24:13	74	50	0
Apr 23, 2014 17:24:14	53	54	0
Apr 23, 2014 17:24:15	60	57	0
Apr 23, 2014 17:24:16	70	54	0
Apr 23, 2014 17:24:17	90	47	0
Apr 23, 2014 17:24:18	100	34	0
Apr 23, 2014 17:24:19	83	38	0
Apr 23, 2014 17:24:20	54	41	0
Apr 23, 2014 17:24:21	43	50	0
Apr 23, 2014 17:24:22	10	60	0
Apr 23, 2014 17:24:23	7	53	0
Apr 23, 2014 17:24:24	13	48	0
Apr 23, 2014 17:24:25	16	53	0
Apr 23, 2014 17:24:26	11	51	0
Apr 23, 2014 17:24:27	1	75	0
Apr 23, 2014 17:24:28	1	88	0
Apr 23, 2014 17:24:29	7	84	0
Apr 23, 2014 17:24:30	24	84	0
Apr 23, 2014 17:24:31	26	60	0
Apr 23, 2014 17:24:32	29	43	0
Apr 23, 2014 17:24:33	16	43	0
Apr 23, 2014 17:24:35	13	54	0
Apr 23, 2014 17:24:36	34	66	0
Apr 23, 2014 17:24:37	38	66	0
Apr 23, 2014 17:24:38	41	60	0
Apr 23, 2014 17:24:39	40	56	0
Apr 23, 2014 17:24:40	38	54	0
Apr 23, 2014 17:24:41	21	47	0
Apr 23, 2014 17:24:42	24	53	0
Apr 23, 2014 17:24:43	13	43	0
Apr 23, 2014 17:24:44	1	29	0
Apr 23, 2014 17:24:45	7	21	0
Apr 23, 2014 17:24:46	11	26	0
Apr 23, 2014 17:24:47	20	67	0
Apr 23, 2014 17:24:48	27	78	0
Apr 23, 2014 17:24:49	26	88	0
Apr 23, 2014 17:24:50	37	75	0
Apr 23, 2014 17:24:51	41	51	0
Apr 23, 2014 17:24:52	38	34	0
Apr 23, 2014 17:24:53	34	34	0
Apr 23, 2014 17:24:54	29	47	0
Apr 23, 2014 17:24:55	30	63	0
Apr 23, 2014 17:24:56	27	69	0
Apr 23, 2014 17:24:57	30	57	0
Apr 23, 2014 17:24:58	37	53	0
Apr 23, 2014 17:24:59	30	34	0
Apr 23, 2014 17:25:00	43	41	0
Apr 23, 2014 17:25:01	50	38	0
Apr 23, 2014 17:25:02	29	35	0
Apr 23, 2014 17:25:03	40	40	0
Apr 23, 2014 17:25:04	30	26	0
Apr 23, 2014 17:25:05	23	37	0
Apr 23, 2014 17:25:06	29	30	0
Apr 23, 2014 17:25:07	30	27	0
Apr 23, 2014 17:25:08	29	37	0
Apr 23, 2014 17:25:09	26	43	0
Apr 23, 2014 17:25:11	38	51	0
Apr 23, 2014 17:25:12	34	54	0
Apr 23, 2014 17:25:13	34	54	0
Apr 23, 2014 17:25:14	57	23	0
Apr 23, 2014 17:25:15	48	23	0
Apr 23, 2014 17:25:16	27	44	0
Apr 23, 2014 17:25:17	13	51	0
Apr 23, 2014 17:25:18	23	57	0
Apr 23, 2014 17:25:19	27	64	0
Apr 23, 2014 17:25:20	35	54	0
Apr 23, 2014 17:25:21	57	53	0
Apr 23, 2014 17:25:22	53	41	0
Apr 23, 2014 17:25:23	56	37	0
Apr 23, 2014 17:25:24	54	24	0
Apr 23, 2014 17:25:25	35	34	0
Apr 23, 2014 17:25:26	30	40	0
Apr 23, 2014 17:25:27	24	37	0
Apr 23, 2014 17:25:28	13	50	0
Apr 23, 2014 17:25:29	26	51	0
Apr 23, 2014 17:25:30	24	54	0
Apr 23, 2014 17:25:31	20	53	0
Apr 23, 2014 17:25:32	30	47	0
Apr 23, 2014 17:25:33	7	37	0
Apr 23, 2014 17:25:34	4	26	0
Apr 23, 2014 17:25:35	13	21	0
Apr 23, 2014 17:25:36	14	26	0
Apr 23, 2014 17:25:37	29	20	0
Apr 23, 2014 17:25:38	41	26	0
Apr 23, 2014 17:25:39	30	30	0
Apr 23, 2014 17:25:40	30	30	26
Apr 23, 2014 17:25:41	38	37	0
Apr 23, 2014 17:25:42	41	38	0
Apr 23, 2014 17:25:43	44	41	0
Apr 23, 2014 17:25:44	44	41	26
Apr 23, 2014 17:25:45	43	50	0
Apr 23, 2014 17:25:46	27	60	0
Apr 23, 2014 17:25:48	21	47	0
Apr 23, 2014 17:25:49	23	44	0
Apr 23, 2014 17:25:50	35	48	0
Apr 23, 2014 17:25:51	24	51	0
Apr 23, 2014 17:25:52	40	64	0
Apr 23, 2014 17:25:53	47	70	0
Apr 23, 2014 17:25:54	41	80	0
Apr 23, 2014 17:25:55	48	77	0
Apr 23, 2014 17:25:56	43	81	0
Apr 23, 2014 17:25:57	30	74	0
Apr 23, 2014 17:25:58	27	64	0
Apr 23, 2014 17:25:59	41	63	0
Apr 23, 2014 17:26:00	34	57	0
Apr 23, 2014 17:26:01	43	56	0
Apr 23, 2014 17:26:02	44	54	0
Apr 23, 2014 17:26:03	24	50	0
Apr 23, 2014 17:26:04	34	47	0
Apr 23, 2014 17:26:05	37	50	0
Apr 23, 2014 17:26:06	40	44	0
Apr 23, 2014 17:26:07	50	53	0
Apr 23, 2014 17:26:08	50	54	0
Apr 23, 2014 17:26:09	50	47	0
Apr 23, 2014 17:26:10	48	48	0
Apr 23, 2014 17:26:11	53	48	0
Apr 23, 2014 17:26:12	37	47	0
Apr 23, 2014 17:26:13	24	48	0
Apr 23, 2014 17:26:14	23	48	0
Apr 23, 2014 17:26:15	29	41	0
Apr 23, 2014 17:26:16	60	47	0
Apr 23, 2014 17:26:17	60	47	0
Apr 23, 2014 17:26:18	40	47	0
Apr 23, 2014 17:26:19	23	44	0
Apr 23, 2014 17:26:20	17	57	0
Apr 23, 2014 17:26:21	10	51	0
Apr 23, 2014 17:26:23	8	54	0
Apr 23, 2014 17:26:24	16	57	0
Apr 23, 2014 17:26:25	8	43	0
Apr 23, 2014 17:26:26	24	51	0
Apr 23, 2014 17:26:27	44	53	0
Apr 23, 2014 17:26:28	35	43	0
Apr 23, 2014 17:26:29	41	44	0
Apr 23, 2014 17:26:30	44	44	0
Apr 23, 2014 17:26:31	29	35	0
Apr 23, 2014 17:26:32	27	30	0
Apr 23, 2014 17:26:33	26	29	0
Apr 23, 2014 17:26:34	14	24	0
Apr 23, 2014 17:26:35	27	37	0
Apr 23, 2014 17:26:36	29	40	0
Apr 23, 2014 17:26:37	30	43	0
Apr 23, 2014 17:26:38	47	50	0
Apr 23, 2014 17:26:39	27	44	0
Apr 23, 2014 17:26:40	27	51	0
Apr 23, 2014 17:26:41	30	61	0
Apr 23, 2014 17:26:42	27	67	0
Apr 23, 2014 17:26:43	26	48	0
Apr 23, 2014 17:26:44	35	60	0
Apr 23, 2014 17:26:45	41	56	0
Apr 23, 2014 17:26:46	40	47	0
Apr 23, 2014 17:26:47	41	56	0
Apr 23, 2014 17:26:48	30	67	0
Apr 23, 2014 17:26:49	11	78	0
Apr 23, 2014 17:26:50	16	88	0
Apr 23, 2014 17:26:51	16	66	0
Apr 23, 2014 17:26:52	20	60	0
Apr 23, 2014 17:26:53	35	43	0
Apr 23, 2014 17:26:54	21	37	0
Apr 23, 2014 17:26:55	26	35	0
Apr 23, 2014 17:26:56	48	17	0
Apr 23, 2014 17:26:57	35	20	0
Apr 23, 2014 17:26:59	47	21	0
Apr 23, 2014 17:27:00	37	34	0
Apr 23, 2014 17:27:01	13	38	0
Apr 23, 2014 17:27:02	26	41	0
Apr 23, 2014 17:27:03	41	47	0
Apr 23, 2014 17:27:04	54	44	0
Apr 23, 2014 17:27:05	63	44	0
Apr 23, 2014 17:27:06	63	43	0
Apr 23, 2014 17:27:07	47	48	0
Apr 23, 2014 17:27:08	47	54	0
Apr 23, 2014 17:27:09	41	57	0
Apr 23, 2014 17:27:10	56	60	0
Apr 23, 2014 17:27:11	61	54	0
Apr 23, 2014 17:27:12	50	44	0
Apr 23, 2014 17:27:13	51	44	0
Apr 23, 2014 17:27:14	30	41	0
Apr 23, 2014 17:27:15	34	41	0
Apr 23, 2014 17:27:16	44	37	0
Apr 23, 2014 17:27:17	34	48	0
Apr 23, 2014 17:27:18	34	48	0
Apr 23, 2014 17:27:19	30	57	0
Apr 23, 2014 17:27:20	27	51	0
Apr 23, 2014 17:27:21	53	43	0
Apr 23, 2014 17:27:22	51	41	0
Apr 23, 2014 17:27:23	53	51	0
Apr 23, 2014 17:27:24	41	56	0
Apr 23, 2014 17:27:25	27	61	0
Apr 23, 2014 17:27:26	26	67	0
Apr 23, 2014 17:27:27	13	84	0
Apr 23, 2014 17:27:28	11	80	0
Apr 23, 2014 17:27:29	13	90	0
Apr 23, 2014 17:27:30	8	80	0
Apr 23, 2014 17:27:31	13	69	0
Apr 23, 2014 17:27:32	24	67	0
Apr 23, 2014 17:27:33	27	50	0
Apr 23, 2014 17:27:34	30	47	0
Apr 23, 2014 17:27:35	30	34	0
Apr 23, 2014 17:27:37	13	21	0
Apr 23, 2014 17:27:38	8	37	0
Apr 23, 2014 17:27:39	7	41	0
Apr 23, 2014 17:27:40	10	47	0
Apr 23, 2014 17:27:41	17	54	0
Apr 23, 2014 17:27:42	26	60	0
Apr 23, 2014 17:27:43	37	66	0
Apr 23, 2014 17:27:44	27	78	0
Apr 23, 2014 17:27:45	30	77	0
Apr 23, 2014 17:27:46	37	64	0
Apr 23, 2014 17:27:47	16	44	0
Apr 23, 2014 17:27:48	30	29	0
Apr 23, 2014 17:27:49	26	43	0
Apr 23, 2014 17:27:50	20	30	0
Apr 23, 2014 17:27:51	37	51	0
Apr 23, 2014 17:27:52	14	44	0
Apr 23, 2014 17:27:53	20	57	0
Apr 23, 2014 17:27:54	17	54	0
Apr 23, 2014 17:27:55	41	64	0
Apr 23, 2014 17:27:56	44	69	0
Apr 23, 2014 17:27:57	41	64	0
Apr 23, 2014 17:27:58	43	63	0
Apr 23, 2014 17:27:59	35	54	0
Apr 23, 2014 17:28:00	29	48	0
Apr 23, 2014 17:28:01	24	54	0
Apr 23, 2014 17:28:02	23	51	0
Apr 23, 2014 17:28:03	20	54	0
Apr 23, 2014 17:28:04	20	56	0
Apr 23, 2014 17:28:05	24	44	0
Apr 23, 2014 17:28:06	17	54	0
Apr 23, 2014 17:28:07	17	60	0
Apr 23, 2014 17:28:08	17	57	0
Apr 23, 2014 17:28:09	11	75	0
Apr 23, 2014 17:28:10	20	69	0
Apr 23, 2014 17:28:11	16	66	0
Apr 23, 2014 17:28:12	23	63	0
Apr 23, 2014 17:28:14	27	47	0
Apr 23, 2014 17:28:15	17	23	0
Apr 23, 2014 17:28:16	14	24	0
Apr 23, 2014 17:28:17	10	37	0
Apr 23, 2014 17:28:18	17	38	0
Apr 23, 2014 17:28:19	26	60	0
Apr 23, 2014 17:28:20	29	50	0
Apr 23, 2014 17:28:21	34	50	0
Apr 23, 2014 17:28:22	26	53	0
Apr 23, 2014 17:28:23	34	40	0
Apr 23, 2014 17:28:24	34	27	0
Apr 23, 2014 17:28:25	43	24	0
Apr 23, 2014 17:28:26	35	24	0
Apr 23, 2014 17:28:27	30	34	0
Apr 23, 2014 17:28:28	41	40	0
Apr 23, 2014 17:28:29	38	47	0
Apr 23, 2014 17:28:30	30	64	0
Apr 23, 2014 17:28:31	44	61	0
Apr 23, 2014 17:28:32	41	48	0
Apr 23, 2014 17:28:33	38	51	0
Apr 23, 2014 17:28:34	51	50	0
Apr 23, 2014 17:28:35	48	51	0
Apr 23, 2014 17:28:36	50	66	0
Apr 23, 2014 17:28:37	51	61	0
Apr 23, 2014 17:28:38	51	60	0
Apr 23, 2014 17:28:39	43	61	0
Apr 23, 2014 17:28:40	38	53	0
Apr 23, 2014 17:28:41	40	60	0
Apr 23, 2014 17:28:42	34	64	0
Apr 23, 2014 17:28:43	40	64	0
Apr 23, 2014 17:28:44	53	69	0
Apr 23, 2014 17:28:45	47	48	0
Apr 23, 2014 17:28:46	41	35	0
Apr 23, 2014 17:28:47	29	20	0
Apr 23, 2014 17:28:48	20	20	0
Apr 23, 2014 17:28:49	24	37	0
Apr 23, 2014 17:28:51	23	44	0
Apr 23, 2014 17:28:52	26	60	0
Apr 23, 2014 17:28:53	26	60	51
Apr 23, 2014 17:28:54	26	60	26
Apr 23, 2014 17:28:55	37	50	0
Apr 23, 2014 17:28:56	50	17	0
Apr 23, 2014 17:28:57	53	20	0
Apr 23, 2014 17:28:58	50	34	0
Apr 23, 2014 17:28:59	51	50	0
Apr 23, 2014 17:29:00	60	50	0
Apr 23, 2014 17:29:01	53	48	0
Apr 23, 2014 17:29:02	48	50	0
Apr 23, 2014 17:29:03	38	51	0
Apr 23, 2014 17:29:04	30	77	0
Apr 23, 2014 17:29:05	34	75	0
Apr 23, 2014 17:29:06	27	67	0
Apr 23, 2014 17:29:07	16	66	0
Apr 23, 2014 17:29:08	10	40	0
Apr 23, 2014 17:29:09	8	37	0
Apr 23, 2014 17:29:10	8	38	0
Apr 23, 2014 17:29:11	8	38	0
Apr 23, 2014 17:29:12	26	43	0
Apr 23, 2014 17:29:13	35	43	0
Apr 23, 2014 17:29:14	30	50	0
Apr 23, 2014 17:29:15	38	53	0
Apr 23, 2014 17:29:16	30	61	0
Apr 23, 2014 17:29:17	20	60	0
Apr 23, 2014 17:29:18	14	38	0
Apr 23, 2014 17:29:19	24	35	0
Apr 23, 2014 17:29:20	30	23	0
Apr 23, 2014 17:29:21	41	27	0
Apr 23, 2014 17:29:22	50	40	0
Apr 23, 2014 17:29:23	30	43	0
Apr 23, 2014 17:29:24	23	48	0
Apr 23, 2014 17:29:25	24	47	0
Apr 23, 2014 17:29:27	37	40	0
Apr 23, 2014 17:29:28	47	38	0
Apr 23, 2014 17:29:29	47	35	0
Apr 23, 2014 17:29:30	38	27	0
Apr 23, 2014 17:29:31	43	21	0
Apr 23, 2014 17:29:32	47	13	0
Apr 23, 2014 17:29:33	35	1	0
Apr 23, 2014 17:29:34	41	23	0
Apr 23, 2014 17:29:35	43	27	0
Apr 23, 2014 17:29:36	41	40	0
Apr 23, 2014 17:29:37	44	54	0
Apr 23, 2014 17:29:38	30	38	0
Apr 23, 2014 17:29:39	23	26	0
Apr 23, 2014 17:29:40	10	23	0
Apr 23, 2014 17:29:41	4	23	0
Apr 23, 2014 17:29:42	10	27	0
Apr 23, 2014 17:29:43	1	29	0
Apr 23, 2014 17:29:44	7	30	0
Apr 23, 2014 17:29:45	11	27	0
Apr 23, 2014 17:29:46	21	40	0
Apr 23, 2014 17:29:47	38	56	0
Apr 23, 2014 17:29:48	30	53	0
Apr 23, 2014 17:29:49	44	60	0
Apr 23, 2014 17:29:50	38	44	0
Apr 23, 2014 17:29:51	38	44	0
Apr 23, 2014 17:29:52	44	40	0
Apr 23, 2014 17:29:53	23	35	0
Apr 23, 2014 17:29:54	35	43	0
Apr 23, 2014 17:29:55	35	40	0
Apr 23, 2014 17:29:56	26	37	0
Apr 23, 2014 17:29:57	13	34	0
Apr 23, 2014 17:29:58	16	20	0
Apr 23, 2014 17:29:59	23	29	0
Apr 23, 2014 17:30:00	34	40	0
Apr 23, 2014 17:30:01	30	43	0
Apr 23, 2014 17:30:03	38	51	0
Apr 23, 2014 17:30:04	35	50	0
Apr 23, 2014 17:30:05	21	30	0
Apr 23, 2014 17:30:06	23	30	0
Apr 23, 2014 17:30:07	14	27	0
Apr 23, 2014 17:30:08	24	34	0
Apr 23, 2014 17:30:09	38	51	0
Apr 23, 2014 17:30:10	41	50	0
Apr 23, 2014 17:30:11	43	47	0
Apr 23, 2014 17:30:12	26	47	0
Apr 23, 2014 17:30:13	16	40	0
Apr 23, 2014 17:30:14	26	43	0
Apr 23, 2014 17:30:15	40	53	0
Apr 23, 2014 17:30:16	47	51	0
Apr 23, 2014 17:30:17	41	50	0
Apr 23, 2014 17:30:18	41	50	0
Apr 23, 2014 17:30:19	29	38	0
Apr 23, 2014 17:30:20	26	24	0
Apr 23, 2014 17:30:21	34	35	0
Apr 23, 2014 17:30:22	21	29	0
Apr 23, 2014 17:30:23	26	44	0
Apr 23, 2014 17:30:24	26	50	0
Apr 23, 2014 17:30:25	34	40	0
Apr 23, 2014 17:30:26	41	44	0
Apr 23, 2014 17:30:27	34	43	0
Apr 23, 2014 17:30:28	21	41	0
Apr 23, 2014 17:30:29	8	40	0
Apr 23, 2014 17:30:30	7	48	0
Apr 23, 2014 17:30:31	29	43	0
Apr 23, 2014 17:30:32	29	47	0
Apr 23, 2014 17:30:33	23	35	0
Apr 23, 2014 17:30:34	21	24	0
Apr 23, 2014 17:30:35	26	35	0
Apr 23, 2014 17:30:36	30	26	0
Apr 23, 2014 17:30:37	35	47	0
Apr 23, 2014 17:30:38	43	50	0
Apr 23, 2014 17:30:40	30	40	0
Apr 23, 2014 17:30:41	24	37	0
Apr 23, 2014 17:30:42	20	26	0
Apr 23, 2014 17:30:43	11	16	0
Apr 23, 2014 17:30:44	1	16	0
Apr 23, 2014 17:30:45	1	17	0
Apr 23, 2014 17:30:46	21	24	0
Apr 23, 2014 17:30:47	34	35	0
Apr 23, 2014 17:30:48	53	43	0
Apr 23, 2014 17:30:49	57	47	0
Apr 23, 2014 17:30:50	43	56	0
Apr 23, 2014 17:30:51	27	51	0
Apr 23, 2014 17:30:52	7	47	0
Apr 23, 2014 17:30:53	23	44	0
Apr 23, 2014 17:30:54	34	35	0
Apr 23, 2014 17:30:55	56	34	0
Apr 23, 2014 17:30:56	57	21	0
Apr 23, 2014 17:30:57	57	24	0
Apr 23, 2014 17:30:58	44	20	0
Apr 23, 2014 17:30:59	35	24	0
Apr 23, 2014 17:31:00	47	44	0
Apr 23, 2014 17:31:01	38	40	0
Apr 23, 2014 17:31:02	41	44	0
Apr 23, 2014 17:31:03	43	44	0
Apr 23, 2014 17:31:04	54	56	0
Apr 23, 2014 17:31:05	64	63	0
Apr 23, 2014 17:31:06	63	74	0
Apr 23, 2014 17:31:07	51	60	0
Apr 23, 2014 17:31:08	44	56	0
Apr 23, 2014 17:31:09	38	53	0
Apr 23, 2014 17:31:10	38	53	0
Apr 23, 2014 17:31:11	37	56	0
Apr 23, 2014 17:31:12	38	54	0
Apr 23, 2014 17:31:13	29	43	0
Apr 23, 2014 17:31:14	16	57	0
Apr 23, 2014 17:31:15	37	60	0
Apr 23, 2014 17:31:16	35	54	0
Apr 23, 2014 17:31:18	37	54	0
Apr 23, 2014 17:31:19	43	21	0
Apr 23, 2014 17:31:20	16	21	0
Apr 23, 2014 17:31:21	7	17	0
Apr 23, 2014 17:31:22	1	10	0
Apr 23, 2014 17:31:23	14	17	0
Apr 23, 2014 17:31:24	23	20	0
Apr 23, 2014 17:31:25	20	14	0
Apr 23, 2014 17:31:26	16	26	0
Apr 23, 2014 17:31:27	1	16	0
Apr 23, 2014 17:31:28	3	20	0
Apr 23, 2014 17:31:29	10	23	0
Apr 23, 2014 17:31:30	8	10	0
Apr 23, 2014 17:31:31	17	21	0
Apr 23, 2014 17:31:32	11	4	0
Apr 23, 2014 17:31:33	27	29	0
Apr 23, 2014 17:31:34	38	27	0
Apr 23, 2014 17:31:35	41	40	0
Apr 23, 2014 17:31:36	50	47	0
Apr 23, 2014 17:31:37	44	47	0
Apr 23, 2014 17:31:38	37	40	0
Apr 23, 2014 17:31:39	38	47	0
Apr 23, 2014 17:31:40	30	43	0
Apr 23, 2014 17:31:41	23	34	0
Apr 23, 2014 17:31:42	13	38	0
Apr 23, 2014 17:31:43	11	26	0
Apr 23, 2014 17:31:44	10	29	0
Apr 23, 2014 17:31:45	13	29	0
Apr 23, 2014 17:31:46	35	40	0
Apr 23, 2014 17:31:47	30	43	0
Apr 23, 2014 17:31:48	29	38	0
Apr 23, 2014 17:31:49	37	43	0
Apr 23, 2014 17:31:50	16	40	0
Apr 23, 2014 17:31:51	14	37	0
Apr 23, 2014 17:31:53	16	29	0
Apr 23, 2014 17:31:54	13	27	0
Apr 23, 2014 17:31:55	17	16	0
Apr 23, 2014 17:31:56	26	20	0
Apr 23, 2014 17:31:57	29	35	0
Apr 23, 2014 17:31:58	30	40	0
Apr 23, 2014 17:31:59	35	54	0
Apr 23, 2014 17:32:00	37	50	0
Apr 23, 2014 17:32:01	27	24	0
Apr 23, 2014 17:32:02	26	17	0
Apr 23, 2014 17:32:03	26	17	26
Apr 23, 2014 17:32:04	21	24	0
Apr 23, 2014 17:32:05	23	41	0
Apr 23, 2014 17:32:06	26	44	0
Apr 23, 2014 17:32:07	27	30	0
Apr 23, 2014 17:32:08	17	13	0
Apr 23, 2014 17:32:09	20	26	0
Apr 23, 2014 17:32:10	20	26	0
Apr 23, 2014 17:32:11	23	41	0
Apr 23, 2014 17:32:12	37	56	0
Apr 23, 2014 17:32:13	41	40	0
Apr 23, 2014 17:32:14	40	53	0
Apr 23, 2014 17:32:15	44	61	0
Apr 23, 2014 17:32:16	41	64	0
Apr 23, 2014 17:32:17	50	80	0
Apr 23, 2014 17:32:18	50	74	0
Apr 23, 2014 17:32:19	53	60	0
Apr 23, 2014 17:32:20	54	64	0
Apr 23, 2014 17:32:21	53	60	0
Apr 23, 2014 17:32:22	47	53	0
Apr 23, 2014 17:32:23	53	63	0
Apr 23, 2014 17:32:24	54	48	0
Apr 23, 2014 17:32:25	43	44	0
Apr 23, 2014 17:32:26	54	50	0
Apr 23, 2014 17:32:27	54	53	0
Apr 23, 2014 17:32:28	48	64	0
Apr 23, 2014 17:32:30	53	54	0
Apr 23, 2014 17:32:31	53	47	0
Apr 23, 2014 17:32:32	50	53	0
Apr 23, 2014 17:32:33	51	30	0
Apr 23, 2014 17:32:34	41	35	0
Apr 23, 2014 17:32:35	30	21	0
Apr 23, 2014 17:32:36	29	41	0
Apr 23, 2014 17:32:37	34	48	0
Apr 23, 2014 17:32:38	24	56	0
Apr 23, 2014 17:32:39	23	51	0
Apr 23, 2014 17:32:40	17	38	0
Apr 23, 2014 17:32:41	20	21	0
Apr 23, 2014 17:32:42	29	29	0
Apr 23, 2014 17:32:43	29	29	0
Apr 23, 2014 17:32:44	24	35	0
Apr 23, 2014 17:32:45	44	57	0
Apr 23, 2014 17:32:46	53	54	0
Apr 23, 2014 17:32:47	43	44	0
Apr 23, 2014 17:32:48	53	35	0
Apr 23, 2014 17:32:49	50	26	0
Apr 23, 2014 17:32:50	47	24	0
Apr 23, 2014 17:32:51	43	23	0
Apr 23, 2014 17:32:52	29	26	0
Apr 23, 2014 17:32:53	21	23	0
Apr 23, 2014 17:32:54	4	23	0
Apr 23, 2014 17:32:55	1	27	0
Apr 23, 2014 17:32:56	17	30	0
Apr 23, 2014 17:32:57	17	27	0
Apr 23, 2014 17:32:58	41	34	0
Apr 23, 2014 17:32:59	43	47	0
Apr 23, 2014 17:33:00	50	53	0
Apr 23, 2014 17:33:01	61	63	0
Apr 23, 2014 17:33:02	56	53	0
Apr 23, 2014 17:33:03	70	47	0
Apr 23, 2014 17:33:04	63	47	0
Apr 23, 2014 17:33:05	51	48	0
Apr 23, 2014 17:33:07	48	60	0
Apr 23, 2014 17:33:08	40	53	0
Apr 23, 2014 17:33:09	44	43	0
Apr 23, 2014 17:33:10	41	30	0
Apr 23, 2014 17:33:11	64	37	0
Apr 23, 2014 17:33:12	74	34	0
Apr 23, 2014 17:33:13	87	38	0
Apr 23, 2014 17:33:14	91	50	0
Apr 23, 2014 17:33:15	78	40	0
Apr 23, 2014 17:33:16	78	40	0
Apr 23, 2014 17:33:17	57	43	0
Apr 23, 2014 17:33:18	57	41	0
Apr 23, 2014 17:33:19	51	43	0
Apr 23, 2014 17:33:20	48	43	0
Apr 23, 2014 17:33:21	50	40	0
Apr 23, 2014 17:33:22	44	43	0
Apr 23, 2014 17:33:23	53	47	0
Apr 23, 2014 17:33:24	57	37	0
Apr 23, 2014 17:33:25	70	41	0
Apr 23, 2014 17:33:26	77	16	0
Apr 23, 2014 17:33:27	67	29	0
Apr 23, 2014 17:33:28	69	38	0
Apr 23, 2014 17:33:29	63	41	0
Apr 23, 2014 17:33:30	67	77	0
Apr 23, 2014 17:33:31	61	78	0
Apr 23, 2014 17:33:32	54	70	0
Apr 23, 2014 17:33:33	54	77	0
Apr 23, 2014 17:33:34	57	60	0
Apr 23, 2014 17:33:35	75	48	0
Apr 23, 2014 17:33:36	69	54	0
Apr 23, 2014 17:33:37	61	48	0
Apr 23, 2014 17:33:38	47	51	0
Apr 23, 2014 17:33:39	26	48	0
Apr 23, 2014 17:33:40	30	53	0
Apr 23, 2014 17:33:41	43	51	0
Apr 23, 2014 17:33:42	43	51	26
Apr 23, 2014 17:33:44	54	48	0
Apr 23, 2014 17:33:45	53	43	0
Apr 23, 2014 17:33:46	41	37	0
Apr 23, 2014 17:33:47	37	37	0
Apr 23, 2014 17:33:48	29	41	0
Apr 23, 2014 17:33:49	27	48	0
Apr 23, 2014 17:33:50	26	40	0
Apr 23, 2014 17:33:51	35	47	0
Apr 23, 2014 17:33:52	29	41	0
Apr 23, 2014 17:33:53	26	43	0
Apr 23, 2014 17:33:54	44	48	0
Apr 23, 2014 17:33:55	23	40	0
Apr 23, 2014 17:33:56	50	47	0
Apr 23, 2014 17:33:57	50	40	0
Apr 23, 2014 17:33:58	35	50	0
Apr 23, 2014 17:33:59	44	51	0
Apr 23, 2014 17:34:00	23	48	0
Apr 23, 2014 17:34:01	14	51	0
Apr 23, 2014 17:34:02	21	43	0
Apr 23, 2014 17:34:03	29	51	0
Apr 23, 2014 17:34:04	27	48	0
Apr 23, 2014 17:34:05	34	44	0
Apr 23, 2014 17:34:06	23	41	0
Apr 23, 2014 17:34:07	21	35	0
Apr 23, 2014 17:34:08	27	43	0
Apr 23, 2014 17:34:09	23	44	0
Apr 23, 2014 17:34:10	29	54	0
Apr 23, 2014 17:34:11	30	57	0
Apr 23, 2014 17:34:12	48	60	0
Apr 23, 2014 17:34:13	51	53	0
Apr 23, 2014 17:34:14	44	51	0
Apr 23, 2014 17:34:15	27	51	0
Apr 23, 2014 17:34:16	24	47	0
Apr 23, 2014 17:34:17	17	48	0
Apr 23, 2014 17:34:18	16	34	0
Apr 23, 2014 17:34:19	27	38	0
Apr 23, 2014 17:34:21	13	29	0
Apr 23, 2014 17:34:22	10	29	0
Apr 23, 2014 17:34:23	3	34	0
Apr 23, 2014 17:34:24	1	29	0
Apr 23, 2014 17:34:25	4	37	0
Apr 23, 2014 17:34:26	7	37	0
Apr 23, 2014 17:34:27	24	38	0
Apr 23, 2014 17:34:28	30	30	0
Apr 23, 2014 17:34:29	41	27	0
Apr 23, 2014 17:34:30	54	35	0
Apr 23, 2014 17:34:31	54	41	0
Apr 23, 2014 17:34:32	38	47	0
Apr 23, 2014 17:34:33	24	44	0
Apr 23, 2014 17:34:34	26	47	0
Apr 23, 2014 17:34:35	23	48	0
Apr 23, 2014 17:34:36	27	50	0
Apr 23, 2014 17:34:37	47	60	0
Apr 23, 2014 17:34:38	38	44	0
Apr 23, 2014 17:34:39	27	35	0
Apr 23, 2014 17:34:40	38	41	0
Apr 23, 2014 17:34:41	20	38	0
Apr 23, 2014 17:34:42	17	54	0
Apr 23, 2014 17:34:43	8	53	0
Apr 23, 2014 17:34:44	7	41	0
Apr 23, 2014 17:34:45	1	41	0
Apr 23, 2014 17:34:46	4	30	0
Apr 23, 2014 17:34:47	17	23	0
Apr 23, 2014 17:34:48	27	41	0
Apr 23, 2014 17:34:49	30	38	0
Apr 23, 2014 17:34:50	30	41	0
Apr 23, 2014 17:34:51	29	54	0
Apr 23, 2014 17:34:52	44	38	0
Apr 23, 2014 17:34:53	61	43	0
Apr 23, 2014 17:34:54	56	43	0
Apr 23, 2014 17:34:55	51	34	0
Apr 23, 2014 17:34:57	43	40	0
Apr 23, 2014 17:34:58	43	44	0
Apr 23, 2014 17:34:59	56	47	0
Apr 23, 2014 17:35:00	80	44	0
Apr 23, 2014 17:35:01	80	56	0
Apr 23, 2014 17:35:02	77	44	0
Apr 23, 2014 17:35:03	60	34	0
Apr 23, 2014 17:35:04	30	27	0
Apr 23, 2014 17:35:05	26	26	0
Apr 23, 2014 17:35:06	27	34	0
Apr 23, 2014 17:35:07	44	41	0
Apr 23, 2014 17:35:08	60	60	0
Apr 23, 2014 17:35:09	57	63	0
Apr 23, 2014 17:35:10	60	69	0
Apr 23, 2014 17:35:11	56	81	0
Apr 23, 2014 17:35:12	37	78	0
Apr 23, 2014 17:35:13	40	83	0
Apr 23, 2014 17:35:14	26	61	0
Apr 23, 2014 17:35:15	35	61	0
Apr 23, 2014 17:35:16	38	48	0
Apr 23, 2014 17:35:17	37	51	0
Apr 23, 2014 17:35:18	47	50	0
Apr 23, 2014 17:35:19	41	63	0
Apr 23, 2014 17:35:20	43	67	0
Apr 23, 2014 17:35:21	40	53	0
Apr 23, 2014 17:35:22	27	63	0
Apr 23, 2014 17:35:23	37	37	0
Apr 23, 2014 17:35:24	23	29	0
Apr 23, 2014 17:35:25	34	35	0
Apr 23, 2014 17:35:26	54	26	0
Apr 23, 2014 17:35:27	53	41	0
Apr 23, 2014 17:35:28	53	48	0
Apr 23, 2014 17:35:29	50	48	0
Apr 23, 2014 17:35:30	23	53	0
Apr 23, 2014 17:35:31	40	44	0
Apr 23, 2014 17:35:32	44	40	0
Apr 23, 2014 17:35:33	43	44	0
Apr 23, 2014 17:35:35	75	43	0
Apr 23, 2014 17:35:36	60	37	0
Apr 23, 2014 17:35:37	56	44	0
Apr 23, 2014 17:35:38	54	47	0
Apr 23, 2014 17:35:39	37	44	0
Apr 23, 2014 17:35:40	43	50	0
Apr 23, 2014 17:35:41	50	54	0
Apr 23, 2014 17:35:42	48	60	0
Apr 23, 2014 17:35:43	41	56	0
Apr 23, 2014 17:35:44	48	64	0
Apr 23, 2014 17:35:45	37	48	0
Apr 23, 2014 17:35:46	56	60	0
Apr 23, 2014 17:35:47	53	51	0
Apr 23, 2014 17:35:48	69	53	0
Apr 23, 2014 17:35:49	69	53	0
Apr 23, 2014 17:35:50	48	50	0
Apr 23, 2014 17:35:51	34	41	0
Apr 23, 2014 17:35:52	29	53	0
Apr 23, 2014 17:35:53	57	61	0
Apr 23, 2014 17:35:54	57	48	0
Apr 23, 2014 17:35:55	61	60	0
Apr 23, 2014 17:35:56	57	61	0
Apr 23, 2014 17:35:57	40	66	0
Apr 23, 2014 17:35:58	24	56	0
Apr 23, 2014 17:35:59	23	44	0
Apr 23, 2014 17:36:00	27	35	0
Apr 23, 2014 17:36:01	26	29	0
Apr 23, 2014 17:36:02	30	37	0
Apr 23, 2014 17:36:03	50	47	0
Apr 23, 2014 17:36:04	40	53	0
Apr 23, 2014 17:36:05	63	54	0
Apr 23, 2014 17:36:06	63	56	0
Apr 23, 2014 17:36:07	37	54	0
Apr 23, 2014 17:36:08	44	50	0
Apr 23, 2014 17:36:09	16	48	0
Apr 23, 2014 17:36:11	23	51	0
Apr 23, 2014 17:36:12	24	51	0
Apr 23, 2014 17:36:13	20	48	0
Apr 23, 2014 17:36:14	29	53	0
Apr 23, 2014 17:36:15	23	47	0
Apr 23, 2014 17:36:16	47	56	0
Apr 23, 2014 17:36:17	57	54	0
Apr 23, 2014 17:36:18	66	66	0
Apr 23, 2014 17:36:19	60	56	0
Apr 23, 2014 17:36:20	53	54	0
Apr 23, 2014 17:36:21	50	56	0
Apr 23, 2014 17:36:22	48	53	0
Apr 23, 2014 17:36:23	50	64	0
Apr 23, 2014 17:36:24	38	57	0
Apr 23, 2014 17:36:25	37	60	0
Apr 23, 2014 17:36:26	53	50	0
Apr 23, 2014 17:36:27	43	54	0
Apr 23, 2014 17:36:28	66	60	0
Apr 23, 2014 17:36:29	63	50	0
Apr 23, 2014 17:36:30	54	61	0
Apr 23, 2014 17:36:31	70	51	0
Apr 23, 2014 17:36:32	56	48	0
Apr 23, 2014 17:36:33	77	57	0
Apr 23, 2014 17:36:34	63	40	0
Apr 23, 2014 17:36:35	51	40	0
Apr 23, 2014 17:36:36	63	47	0
Apr 23, 2014 17:36:37	44	35	0
Apr 23, 2014 17:36:38	56	53	0
Apr 23, 2014 17:36:39	51	47	0
Apr 23, 2014 17:36:40	43	48	0
Apr 23, 2014 17:36:41	53	64	0
Apr 23, 2014 17:36:42	47	60	0
Apr 23, 2014 17:36:43	63	63	0
Apr 23, 2014 17:36:44	69	60	0
Apr 23, 2014 17:36:45	69	60	0
Apr 23, 2014 17:36:47	74	51	0
Apr 23, 2014 17:36:48	57	53	0
Apr 23, 2014 17:36:49	53	44	0
Apr 23, 2014 17:36:50	47	54	0
Apr 23, 2014 17:36:51	51	61	0
Apr 23, 2014 17:36:52	60	64	0
Apr 23, 2014 17:36:53	69	67	0
Apr 23, 2014 17:36:54	67	60	0
Apr 23, 2014 17:36:55	57	48	0
Apr 23, 2014 17:36:56	43	54	0
Apr 23, 2014 17:36:57	30	50	0
Apr 23, 2014 17:36:58	48	53	0
Apr 23, 2014 17:36:59	44	53	0
Apr 23, 2014 17:37:00	44	38	0
Apr 23, 2014 17:37:01	48	41	0
Apr 23, 2014 17:37:02	40	51	0
Apr 23, 2014 17:37:03	50	54	0
Apr 23, 2014 17:37:04	63	64	0
Apr 23, 2014 17:37:05	70	64	0
Apr 23, 2014 17:37:06	75	51	0
Apr 23, 2014 17:37:07	54	47	0
Apr 23, 2014 17:37:08	47	44	0
Apr 23, 2014 17:37:09	29	40	0
Apr 23, 2014 17:37:10	20	41	0
Apr 23, 2014 17:37:11	26	43	0
Apr 23, 2014 17:37:12	23	35	0
Apr 23, 2014 17:37:13	23	37	0
Apr 23, 2014 17:37:14	16	51	0
Apr 23, 2014 17:37:15	37	56	0
Apr 23, 2014 17:37:16	41	61	0
Apr 23, 2014 17:37:17	54	56	0
Apr 23, 2014 17:37:18	47	23	0
Apr 23, 2014 17:37:19	34	26	0
Apr 23, 2014 17:37:20	26	29	0
Apr 23, 2014 17:37:21	14	26	0
Apr 23, 2014 17:37:23	16	34	0
Apr 23, 2014 17:37:24	21	29	0
Apr 23, 2014 17:37:25	21	38	0
Apr 23, 2014 17:37:26	35	47	0
Apr 23, 2014 17:37:27	29	56	0
Apr 23, 2014 17:37:28	44	54	0
Apr 23, 2014 17:37:29	66	41	0
Apr 23, 2014 17:37:30	63	48	0
Apr 23, 2014 17:37:31	83	56	0
Apr 23, 2014 17:37:32	64	56	0
Apr 23, 2014 17:37:33	63	54	0
Apr 23, 2014 17:37:34	63	40	0
Apr 23, 2014 17:37:35	47	21	0
Apr 23, 2014 17:37:36	56	34	0
Apr 23, 2014 17:37:37	47	40	0
Apr 23, 2014 17:37:38	35	35	0
Apr 23, 2014 17:37:39	34	41	0
Apr 23, 2014 17:37:40	17	26	0
Apr 23, 2014 17:37:41	20	29	0
Apr 23, 2014 17:37:42	23	30	0
Apr 23, 2014 17:37:43	26	30	0
Apr 23, 2014 17:37:44	38	41	0
Apr 23, 2014 17:37:45	41	47	0
Apr 23, 2014 17:37:46	37	48	0
Apr 23, 2014 17:37:47	43	57	0
Apr 23, 2014 17:37:48	51	56	0
Apr 23, 2014 17:37:49	50	57	0
Apr 23, 2014 17:37:50	61	53	0
Apr 23, 2014 17:37:51	48	50	0
Apr 23, 2014 17:37:52	48	37	0
Apr 23, 2014 17:37:53	43	37	0
Apr 23, 2014 17:37:54	50	38	0
Apr 23, 2014 17:37:55	51	37	0
Apr 23, 2014 17:37:56	53	47	0
Apr 23, 2014 17:37:57	60	29	0
Apr 23, 2014 17:37:59	64	27	0
Apr 23, 2014 17:38:00	69	24	0
Apr 23, 2014 17:38:01	57	16	0
Apr 23, 2014 17:38:02	64	30	0
Apr 23, 2014 17:38:03	64	37	0
Apr 23, 2014 17:38:04	64	43	0
Apr 23, 2014 17:38:05	69	60	0
Apr 23, 2014 17:38:06	61	53	0
Apr 23, 2014 17:38:07	50	56	0
Apr 23, 2014 17:38:08	43	57	0
Apr 23, 2014 17:38:09	34	53	0
Apr 23, 2014 17:38:10	26	47	0
Apr 23, 2014 17:38:11	27	38	0
Apr 23, 2014 17:38:12	23	29	0
Apr 23, 2014 17:38:13	26	21	0
Apr 23, 2014 17:38:14	34	21	0
Apr 23, 2014 17:38:15	35	24	0
Apr 23, 2014 17:38:16	51	21	0
Apr 23, 2014 17:38:17	53	34	0
Apr 23, 2014 17:38:18	48	44	0
Apr 23, 2014 17:38:19	50	48	0
Apr 23, 2014 17:38:20	50	57	0
Apr 23, 2014 17:38:21	47	43	0
Apr 23, 2014 17:38:22	41	37	0
Apr 23, 2014 17:38:23	27	37	0
Apr 23, 2014 17:38:24	29	50	0
Apr 23, 2014 17:38:25	30	40	0
Apr 23, 2014 17:38:26	26	37	0
Apr 23, 2014 17:38:27	26	40	0
Apr 23, 2014 17:38:28	26	40	0
Apr 23, 2014 17:38:29	29	41	0
Apr 23, 2014 17:38:30	41	47	0
Apr 23, 2014 17:38:31	50	50	0
Apr 23, 2014 17:38:32	40	38	0
Apr 23, 2014 17:38:33	47	30	0
Apr 23, 2014 17:38:34	38	30	0
Apr 23, 2014 17:38:36	24	13	0
Apr 23, 2014 17:38:37	40	21	0
Apr 23, 2014 17:38:38	30	38	0
Apr 23, 2014 17:38:39	41	38	0
Apr 23, 2014 17:38:40	60	44	0
Apr 23, 2014 17:38:41	50	30	0
Apr 23, 2014 17:38:42	44	17	0
Apr 23, 2014 17:38:43	40	26	0
Apr 23, 2014 17:38:44	43	29	0
Apr 23, 2014 17:38:45	41	37	0
Apr 23, 2014 17:38:46	47	48	0
Apr 23, 2014 17:38:47	30	38	0
Apr 23, 2014 17:38:48	24	34	0
Apr 23, 2014 17:38:49	29	41	0
Apr 23, 2014 17:38:50	27	37	0
Apr 23, 2014 17:38:51	37	26	0
Apr 23, 2014 17:38:52	37	35	0
Apr 23, 2014 17:38:53	29	37	0
Apr 23, 2014 17:38:54	29	30	0
Apr 23, 2014 17:38:55	14	17	0
Apr 23, 2014 17:38:56	24	17	0
Apr 23, 2014 17:38:57	30	30	0
Apr 23, 2014 17:38:58	37	41	0
Apr 23, 2014 17:38:59	44	74	0
Apr 23, 2014 17:39:00	43	67	0
Apr 23, 2014 17:39:01	34	57	0
Apr 23, 2014 17:39:02	27	38	0
Apr 23, 2014 17:39:03	27	17	0
Apr 23, 2014 17:39:04	29	17	0
Apr 23, 2014 17:39:05	38	24	0
Apr 23, 2014 17:39:06	41	37	0
Apr 23, 2014 17:39:07	35	40	0
Apr 23, 2014 17:39:08	29	40	0
Apr 23, 2014 17:39:09	14	35	0
Apr 23, 2014 17:39:11	14	47	0
Apr 23, 2014 17:39:12	29	41	0
Apr 23, 2014 17:39:13	34	30	0
Apr 23, 2014 17:39:14	29	23	0
Apr 23, 2014 17:39:15	37	10	0
Apr 23, 2014 17:39:16	34	16	0
Apr 23, 2014 17:39:17	40	23	0
Apr 23, 2014 17:39:18	48	23	0
Apr 23, 2014 17:39:19	35	34	0
Apr 23, 2014 17:39:20	34	38	0
Apr 23, 2014 17:39:21	17	41	0
Apr 23, 2014 17:39:22	24	54	0
Apr 23, 2014 17:39:23	24	54	25
Apr 23, 2014 17:39:24	24	48	0
Apr 23, 2014 17:39:25	30	53	0
Apr 23, 2014 17:39:26	26	54	0
Apr 23, 2014 17:39:27	27	56	0
Apr 23, 2014 17:39:28	21	54	0
Apr 23, 2014 17:39:29	43	51	0
Apr 23, 2014 17:39:30	50	53	0
Apr 23, 2014 17:39:31	40	50	0
Apr 23, 2014 17:39:32	54	44	0
Apr 23, 2014 17:39:33	34	44	0
Apr 23, 2014 17:39:34	29	23	0
Apr 23, 2014 17:39:35	30	13	0
Apr 23, 2014 17:39:36	29	26	0
Apr 23, 2014 17:39:37	17	20	0
Apr 23, 2014 17:39:38	11	44	0
Apr 23, 2014 17:39:39	3	54	0
Apr 23, 2014 17:39:40	1	43	0
Apr 23, 2014 17:39:41	1	60	0
Apr 23, 2014 17:39:42	4	54	0
Apr 23, 2014 17:39:43	8	54	0
Apr 23, 2014 17:39:44	17	53	0
Apr 23, 2014 17:39:45	11	35	0
Apr 23, 2014 17:39:46	10	24	0
Apr 23, 2014 17:39:48	29	24	0
Apr 23, 2014 17:39:49	27	21	0
Apr 23, 2014 17:39:50	47	24	0
Apr 23, 2014 17:39:51	51	35	0
Apr 23, 2014 17:39:52	38	35	0
Apr 23, 2014 17:39:53	34	34	0
Apr 23, 2014 17:39:54	21	37	0
Apr 23, 2014 17:39:55	7	40	0
Apr 23, 2014 17:39:56	7	60	0
Apr 23, 2014 17:39:57	7	50	0
Apr 23, 2014 17:39:58	14	53	0
Apr 23, 2014 17:39:59	20	54	0
Apr 23, 2014 17:40:00	23	44	0
Apr 23, 2014 17:40:01	30	57	0
Apr 23, 2014 17:40:02	35	50	0
Apr 23, 2014 17:40:03	27	41	0
Apr 23, 2014 17:40:04	23	41	0
Apr 23, 2014 17:40:05	21	47	0
Apr 23, 2014 17:40:06	14	53	0
Apr 23, 2014 17:40:07	34	57	0
Apr 23, 2014 17:40:08	51	60	0
Apr 23, 2014 17:40:09	63	57	0
Apr 23, 2014 17:40:10	57	56	0
Apr 23, 2014 17:40:11	54	61	0
Apr 23, 2014 17:40:12	38	80	0
Apr 23, 2014 17:40:13	24	84	0
Apr 23, 2014 17:40:14	30	88	0
Apr 23, 2014 17:40:15	14	81	0
Apr 23, 2014 17:40:16	30	70	0
Apr 23, 2014 17:40:17	34	67	0
Apr 23, 2014 17:40:18	21	50	0
Apr 23, 2014 17:40:19	23	57	0
Apr 23, 2014 17:40:20	10	53	0
Apr 23, 2014 17:40:21	10	43	0
Apr 23, 2014 17:40:22	27	56	0
Apr 23, 2014 17:40:23	34	53	0
Apr 23, 2014 17:40:25	54	50	0
Apr 23, 2014 17:40:26	54	50	0
Apr 23, 2014 17:40:27	48	51	0
Apr 23, 2014 17:40:28	35	50	0
Apr 23, 2014 17:40:29	23	54	0
Apr 23, 2014 17:40:30	27	60	0
Apr 23, 2014 17:40:31	26	53	0
Apr 23, 2014 17:40:32	26	47	0
Apr 23, 2014 17:40:33	35	47	0
Apr 23, 2014 17:40:34	24	38	0
Apr 23, 2014 17:40:35	20	44	0
Apr 23, 2014 17:40:36	26	50	0
Apr 23, 2014 17:40:37	35	47	0
Apr 23, 2014 17:40:38	29	43	0
Apr 23, 2014 17:40:39	23	37	0
Apr 23, 2014 17:40:40	14	34	0
Apr 23, 2014 17:40:41	20	41	0
Apr 23, 2014 17:40:42	30	48	0
Apr 23, 2014 17:40:43	41	48	0
Apr 23, 2014 17:40:44	50	56	0
Apr 23, 2014 17:40:45	40	44	0
Apr 23, 2014 17:40:46	41	44	0
Apr 23, 2014 17:40:47	44	47	0
Apr 23, 2014 17:40:48	38	43	0
Apr 23, 2014 17:40:49	38	51	0
Apr 23, 2014 17:40:50	34	47	0
Apr 23, 2014 17:40:51	29	53	0
Apr 23, 2014 17:40:52	44	64	0
Apr 23, 2014 17:40:53	48	56	0
Apr 23, 2014 17:40:54	50	63	0
Apr 23, 2014 17:40:55	44	50	0
Apr 23, 2014 17:40:56	47	43	0
Apr 23, 2014 17:40:57	40	40	0
Apr 23, 2014 17:40:58	48	41	0
Apr 23, 2014 17:40:59	43	37	0
Apr 23, 2014 17:41:00	37	40	0
Apr 23, 2014 17:41:02	47	29	0
Apr 23, 2014 17:41:03	38	34	0
Apr 23, 2014 17:41:04	34	35	0
Apr 23, 2014 17:41:05	35	43	0
Apr 23, 2014 17:41:06	34	51	0
Apr 23, 2014 17:41:07	21	53	0
Apr 23, 2014 17:41:08	21	53	0
Apr 23, 2014 17:41:09	11	43	0
Apr 23, 2014 17:41:10	13	50	0
Apr 23, 2014 17:41:11	20	56	0
Apr 23, 2014 17:41:12	29	70	0
Apr 23, 2014 17:41:13	34	75	0
Apr 23, 2014 17:41:14	27	66	0
Apr 23, 2014 17:41:15	38	57	0
Apr 23, 2014 17:41:16	23	50	0
Apr 23, 2014 17:41:17	35	61	0
Apr 23, 2014 17:41:18	30	70	0
Apr 23, 2014 17:41:19	17	70	0
Apr 23, 2014 17:41:20	23	74	0
Apr 23, 2014 17:41:21	11	44	0
Apr 23, 2014 17:41:22	14	47	0
Apr 23, 2014 17:41:23	17	47	0
Apr 23, 2014 17:41:24	35	40	0
Apr 23, 2014 17:41:25	38	47	0
Apr 23, 2014 17:41:26	53	44	0
Apr 23, 2014 17:41:27	54	44	0
Apr 23, 2014 17:41:28	54	44	0
Apr 23, 2014 17:41:29	30	56	0
Apr 23, 2014 17:41:30	27	67	0
Apr 23, 2014 17:41:31	17	69	0
Apr 23, 2014 17:41:32	24	60	0
Apr 23, 2014 17:41:33	37	63	0
Apr 23, 2014 17:41:34	40	41	0
Apr 23, 2014 17:41:35	51	47	0
Apr 23, 2014 17:41:36	43	50	0
Apr 23, 2014 17:41:38	51	53	0
Apr 23, 2014 17:41:39	60	61	0
Apr 23, 2014 17:41:40	54	51	0
Apr 23, 2014 17:41:41	56	61	0
Apr 23, 2014 17:41:42	47	53	0
Apr 23, 2014 17:41:43	44	57	0
Apr 23, 2014 17:41:44	29	64	0
Apr 23, 2014 17:41:45	23	61	0
Apr 23, 2014 17:41:46	34	78	0
Apr 23, 2014 17:41:47	29	81	0
Apr 23, 2014 17:41:48	27	67	0
Apr 23, 2014 17:41:49	40	67	0
Apr 23, 2014 17:41:50	29	57	0
Apr 23, 2014 17:41:51	40	51	0
Apr 23, 2014 17:41:52	40	44	0
Apr 23, 2014 17:41:53	38	50	0
Apr 23, 2014 17:41:54	48	37	0
Apr 23, 2014 17:41:55	40	34	0
Apr 23, 2014 17:41:56	53	47	0
Apr 23, 2014 17:41:57	67	37	0
Apr 23, 2014 17:41:58	63	54	0
Apr 23, 2014 17:41:59	53	51	0
Apr 23, 2014 17:42:00	47	50	0
Apr 23, 2014 17:42:01	40	50	0
Apr 23, 2014 17:42:02	29	53	0
Apr 23, 2014 17:42:03	24	40	0
Apr 23, 2014 17:42:04	24	38	0
Apr 23, 2014 17:42:05	41	50	0
Apr 23, 2014 17:42:06	41	38	0
Apr 23, 2014 17:42:07	53	51	0
Apr 23, 2014 17:42:08	38	50	0
Apr 23, 2014 17:42:09	40	43	0
Apr 23, 2014 17:42:10	41	61	0
Apr 23, 2014 17:42:11	38	50	0
Apr 23, 2014 17:42:12	27	50	0
Apr 23, 2014 17:42:13	10	56	0
Apr 23, 2014 17:42:15	14	43	0
Apr 23, 2014 17:42:16	20	51	0
Apr 23, 2014 17:42:17	38	60	0
Apr 23, 2014 17:42:18	50	48	0
Apr 23, 2014 17:42:19	41	53	0
Apr 23, 2014 17:42:20	47	51	0
Apr 23, 2014 17:42:21	60	51	0
Apr 23, 2014 17:42:22	54	48	0
Apr 23, 2014 17:42:23	66	54	0
Apr 23, 2014 17:42:24	48	64	0
Apr 23, 2014 17:42:25	34	69	0
Apr 23, 2014 17:42:26	40	83	0
Apr 23, 2014 17:42:27	41	90	0
Apr 23, 2014 17:42:28	64	80	0
Apr 23, 2014 17:42:29	83	77	0
Apr 23, 2014 17:42:30	80	83	0
Apr 23, 2014 17:42:31	81	81	0
Apr 23, 2014 17:42:32	75	78	0
Apr 23, 2014 17:42:33	43	43	0
Apr 23, 2014 17:42:34	41	26	0
Apr 23, 2014 17:42:35	35	27	0
Apr 23, 2014 17:42:36	43	37	0
Apr 23, 2014 17:42:37	44	41	0
Apr 23, 2014 17:42:38	48	53	0
Apr 23, 2014 17:42:39	48	43	0
Apr 23, 2014 17:42:40	51	38	0
Apr 23, 2014 17:42:41	44	38	0
Apr 23, 2014 17:42:42	43	38	0
Apr 23, 2014 17:42:43	40	53	0
Apr 23, 2014 17:42:44	34	54	0
Apr 23, 2014 17:42:45	41	54	0
Apr 23, 2014 17:42:46	43	41	0
Apr 23, 2014 17:42:47	35	47	0
Apr 23, 2014 17:42:48	47	54	0
Apr 23, 2014 17:42:50	48	48	0
Apr 23, 2014 17:42:51	35	51	0
Apr 23, 2014 17:42:52	38	47	0
Apr 23, 2014 17:42:53	43	37	0
Apr 23, 2014 17:42:54	43	43	0
Apr 23, 2014 17:42:55	53	48	0
Apr 23, 2014 17:42:56	51	53	0
Apr 23, 2014 17:42:57	44	67	0
Apr 23, 2014 17:42:58	44	83	0
Apr 23, 2014 17:42:59	30	84	0
Apr 23, 2014 17:43:00	40	78	0
Apr 23, 2014 17:43:01	37	64	0
Apr 23, 2014 17:43:02	30	53	0
Apr 23, 2014 17:43:03	47	48	0
Apr 23, 2014 17:43:04	35	30	0
Apr 23, 2014 17:43:05	38	27	0
Apr 23, 2014 17:43:06	17	16	0
Apr 23, 2014 17:43:07	14	16	0
Apr 23, 2014 17:43:08	10	24	0
Apr 23, 2014 17:43:09	8	30	0
Apr 23, 2014 17:43:10	14	37	0
Apr 23, 2014 17:43:11	24	29	0
Apr 23, 2014 17:43:12	57	41	0
Apr 23, 2014 17:43:13	56	21	0
Apr 23, 2014 17:43:14	61	17	0
Apr 23, 2014 17:43:15	61	17	26
Apr 23, 2014 17:43:16	64	30	0
Apr 23, 2014 17:43:17	48	35	0
Apr 23, 2014 17:43:18	57	61	0
Apr 23, 2014 17:43:19	51	61	0
Apr 23, 2014 17:43:20	38	50	0
Apr 23, 2014 17:43:21	41	60	0
Apr 23, 2014 17:43:22	30	51	0
Apr 23, 2014 17:43:23	24	51	0
Apr 23, 2014 17:43:24	29	54	0
Apr 23, 2014 17:43:25	27	53	0
Apr 23, 2014 17:43:27	26	44	0
Apr 23, 2014 17:43:28	37	50	0
Apr 23, 2014 17:43:29	50	47	0
Apr 23, 2014 17:43:30	56	47	0
Apr 23, 2014 17:43:31	57	53	0
Apr 23, 2014 17:43:32	48	53	0
Apr 23, 2014 17:43:33	27	51	0
Apr 23, 2014 17:43:34	8	20	0
Apr 23, 2014 17:43:35	4	16	0
Apr 23, 2014 17:43:36	20	20	0
Apr 23, 2014 17:43:37	38	43	0
Apr 23, 2014 17:43:38	56	47	0
Apr 23, 2014 17:43:39	51	53	0
Apr 23, 2014 17:43:40	61	54	0
Apr 23, 2014 17:43:41	60	54	0
Apr 23, 2014 17:43:42	47	60	0
Apr 23, 2014 17:43:43	53	63	0
Apr 23, 2014 17:43:44	51	60	0
Apr 23, 2014 17:43:45	54	54	0
Apr 23, 2014 17:43:46	56	53	0
Apr 23, 2014 17:43:47	41	50	0
Apr 23, 2014 17:43:48	48	47	0
Apr 23, 2014 17:43:49	37	54	0
Apr 23, 2014 17:43:50	35	53	0
Apr 23, 2014 17:43:51	41	48	0
Apr 23, 2014 17:43:52	37	64	0
Apr 23, 2014 17:43:53	30	48	0
Apr 23, 2014 17:43:54	40	44	0
Apr 23, 2014 17:43:55	50	51	0
Apr 23, 2014 17:43:56	48	47	0
Apr 23, 2014 17:43:57	60	61	0
Apr 23, 2014 17:43:58	61	63	0
Apr 23, 2014 17:43:59	53	56	0
Apr 23, 2014 17:44:00	53	56	26
Apr 23, 2014 17:44:01	53	56	26
Apr 23, 2014 17:44:02	50	51	0
Apr 23, 2014 17:44:03	40	24	0
Apr 23, 2014 17:44:05	27	21	0
Apr 23, 2014 17:44:06	27	26	0
Apr 23, 2014 17:44:07	37	26	0
Apr 23, 2014 17:44:08	43	48	0
Apr 23, 2014 17:44:09	50	41	0
Apr 23, 2014 17:44:10	41	48	0
Apr 23, 2014 17:44:11	38	60	0
Apr 23, 2014 17:44:12	41	64	0
Apr 23, 2014 17:44:13	44	70	0
Apr 23, 2014 17:44:14	43	56	0
Apr 23, 2014 17:44:15	51	35	0
Apr 23, 2014 17:44:16	34	38	0
Apr 23, 2014 17:44:17	34	38	0
Apr 23, 2014 17:44:18	24	37	0
Apr 23, 2014 17:44:19	30	47	0
Apr 23, 2014 17:44:20	64	41	0
Apr 23, 2014 17:44:21	64	47	0
Apr 23, 2014 17:44:22	74	56	0
Apr 23, 2014 17:44:23	74	53	0
Apr 23, 2014 17:44:24	61	54	0
Apr 23, 2014 17:44:25	56	47	0
Apr 23, 2014 17:44:26	48	50	0
Apr 23, 2014 17:44:27	48	50	0
Apr 23, 2014 17:44:28	35	48	26
Apr 23, 2014 17:44:29	38	54	0
Apr 23, 2014 17:44:30	37	50	0
Apr 23, 2014 17:44:31	47	40	0
Apr 23, 2014 17:44:32	60	40	0
Apr 23, 2014 17:44:33	64	38	0
Apr 23, 2014 17:44:34	75	41	0
Apr 23, 2014 17:44:35	80	51	0
Apr 23, 2014 17:44:36	67	43	0
Apr 23, 2014 17:44:37	67	35	0
Apr 23, 2014 17:44:38	57	35	0
Apr 23, 2014 17:44:39	53	53	0
Apr 23, 2014 17:44:40	34	54	0
Apr 23, 2014 17:44:42	26	63	0
Apr 23, 2014 17:44:43	40	60	0
Apr 23, 2014 17:44:44	30	50	0
Apr 23, 2014 17:44:45	37	50	0
Apr 23, 2014 17:44:46	50	43	0
Apr 23, 2014 17:44:47	51	48	0
Apr 23, 2014 17:44:48	48	50	0
Apr 23, 2014 17:44:49	61	57	0
Apr 23, 2014 17:44:50	56	63	0
Apr 23, 2014 17:44:51	48	63	0
Apr 23, 2014 17:44:52	61	56	0
Apr 23, 2014 17:44:53	53	51	0
Apr 23, 2014 17:44:54	48	51	0
Apr 23, 2014 17:44:55	48	40	0
Apr 23, 2014 17:44:56	41	53	0
Apr 23, 2014 17:44:57	50	63	0
Apr 23, 2014 17:44:58	50	69	0
Apr 23, 2014 17:44:59	64	83	0
Apr 23, 2014 17:45:00	63	80	0
Apr 23, 2014 17:45:01	60	84	0
Apr 23, 2014 17:45:02	64	77	0
Apr 23, 2014 17:45:03	54	66	0
Apr 23, 2014 17:45:04	43	64	0
Apr 23, 2014 17:45:05	38	48	0
Apr 23, 2014 17:45:06	54	43	0
Apr 23, 2014 17:45:07	63	53	0
Apr 23, 2014 17:45:08	78	57	0
Apr 23, 2014 17:45:09	74	60	0
Apr 23, 2014 17:45:10	74	60	26
Apr 23, 2014 17:45:11	67	63	26
Apr 23, 2014 17:45:12	53	50	0
Apr 23, 2014 17:45:13	40	40	0
Apr 23, 2014 17:45:14	56	41	0
Apr 23, 2014 17:45:15	51	43	0
Apr 23, 2014 17:45:16	60	53	0
Apr 23, 2014 17:45:17	64	69	0
Apr 23, 2014 17:45:19	57	70	0
Apr 23, 2014 17:45:20	41	67	0
Apr 23, 2014 17:45:21	40	56	0
Apr 23, 2014 17:45:22	37	41	0
Apr 23, 2014 17:45:23	30	38	0
Apr 23, 2014 17:45:24	37	43	0
Apr 23, 2014 17:45:25	38	56	0
Apr 23, 2014 17:45:26	50	66	0
Apr 23, 2014 17:45:27	50	66	0
Apr 23, 2014 17:45:28	60	61	0
Apr 23, 2014 17:45:29	57	53	0
Apr 23, 2014 17:45:30	57	40	0
Apr 23, 2014 17:45:31	53	29	0
Apr 23, 2014 17:45:32	44	23	0
Apr 23, 2014 17:45:33	41	20	0
Apr 23, 2014 17:45:34	37	44	0
Apr 23, 2014 17:45:35	50	57	0
Apr 23, 2014 17:45:36	56	74	0
Apr 23, 2014 17:45:37	57	87	0
Apr 23, 2014 17:45:38	61	81	0
Apr 23, 2014 17:45:39	54	81	0
Apr 23, 2014 17:45:40	53	66	0
Apr 23, 2014 17:45:41	53	64	0
Apr 23, 2014 17:45:42	48	60	0
Apr 23, 2014 17:45:43	44	67	0
Apr 23, 2014 17:45:44	43	56	0
Apr 23, 2014 17:45:45	40	48	0
Apr 23, 2014 17:45:46	35	35	0
Apr 23, 2014 17:45:47	44	40	0
Apr 23, 2014 17:45:48	56	40	0
Apr 23, 2014 17:45:49	50	44	0
Apr 23, 2014 17:45:50	54	53	0
Apr 23, 2014 17:45:51	41	44	0
Apr 23, 2014 17:45:52	50	47	0
Apr 23, 2014 17:45:53	66	40	0
Apr 23, 2014 17:45:54	61	34	0
Apr 23, 2014 17:45:56	75	35	0
Apr 23, 2014 17:45:57	70	43	0
Apr 23, 2014 17:45:58	74	63	0
Apr 23, 2014 17:45:59	69	60	0
Apr 23, 2014 17:46:00	64	57	0
Apr 23, 2014 17:46:01	50	54	0
Apr 23, 2014 17:46:02	38	38	0
Apr 23, 2014 17:46:03	50	51	0
Apr 23, 2014 17:46:04	41	47	0
Apr 23, 2014 17:46:05	50	47	0
Apr 23, 2014 17:46:06	54	47	0
Apr 23, 2014 17:46:07	47	24	0
Apr 23, 2014 17:46:08	60	30	0
Apr 23, 2014 17:46:09	51	21	0
Apr 23, 2014 17:46:10	41	13	0
Apr 23, 2014 17:46:11	50	34	0
Apr 23, 2014 17:46:12	47	37	0
Apr 23, 2014 17:46:13	57	43	0
Apr 23, 2014 17:46:14	75	66	0
Apr 23, 2014 17:46:15	75	64	0
Apr 23, 2014 17:46:16	69	56	0
Apr 23, 2014 17:46:17	44	47	0
Apr 23, 2014 17:46:18	44	37	0
Apr 23, 2014 17:46:19	37	29	0
Apr 23, 2014 17:46:20	35	51	0
Apr 23, 2014 17:46:21	43	63	0
Apr 23, 2014 17:46:22	44	70	0
Apr 23, 2014 17:46:23	47	74	0
Apr 23, 2014 17:46:24	44	61	0
Apr 23, 2014 17:46:25	48	60	0
Apr 23, 2014 17:46:26	41	53	0
Apr 23, 2014 17:46:27	50	60	0
Apr 23, 2014 17:46:28	54	57	0
Apr 23, 2014 17:46:29	57	56	0
Apr 23, 2014 17:46:30	61	60	0
Apr 23, 2014 17:46:31	48	53	0
Apr 23, 2014 17:46:33	44	51	0
Apr 23, 2014 17:46:34	40	48	0
Apr 23, 2014 17:46:35	41	40	0
Apr 23, 2014 17:46:36	43	41	0
Apr 23, 2014 17:46:37	40	48	0
Apr 23, 2014 17:46:38	47	56	0
