00:00:00	21	51	25
00:00:01	21	51	25
00:00:02	21	51	25
00:00:03	21	51	25
00:00:04	21	51	25
00:00:05	1	40	0
00:00:06	1	40	0
00:00:07	1	30	0
00:00:08	4	51	0
00:00:09	20	56	0
00:00:10	43	53	0
00:00:11	66	66	0
00:00:12	69	53	0
00:00:13	87	48	0
00:00:14	100	64	0
00:00:15	88	57	0
00:00:16	91	66	0
00:00:17	80	63	0
00:00:18	56	43	0
00:00:19	56	53	0
00:00:20	60	48	0
00:00:21	47	47	0
00:00:23	41	44	0
00:00:24	47	40	0
00:00:25	75	38	0
00:00:26	87	51	0
00:00:27	88	34	0
00:00:28	88	35	0
00:00:29	69	30	0
00:00:30	60	26	0
00:00:31	77	37	0
00:00:32	78	48	0
00:00:33	96	67	0
00:00:34	100	67	0
00:00:35	69	67	0
00:00:36	56	57	0
00:00:37	38	53	0
00:00:38	47	61	0
00:00:39	66	63	0
00:00:40	54	50	0
00:00:41	67	74	0
00:00:42	77	70	0
00:00:43	77	67	0
00:00:44	63	80	0
00:00:45	63	66	0
00:00:46	44	60	0
00:00:47	60	64	0
00:00:48	100	69	0
00:00:49	100	61	0
00:00:50	88	63	0
00:00:51	77	69	0
00:00:52	61	67	0
00:00:53	69	57	0
00:00:54	54	40	0
00:00:55	37	34	0
00:00:56	56	29	0
00:00:57	74	37	0
00:00:58	87	30	0
00:01:00	90	54	0
00:01:01	60	40	0
00:01:02	53	38	0
00:01:03	53	38	25
00:01:04	56	54	0
00:01:05	53	54	0
00:01:06	61	56	0
00:01:07	50	50	0
00:01:08	37	30	0
00:01:09	27	37	0
00:01:10	51	61	0
00:01:11	64	64	0
00:01:12	84	77	0
00:01:13	96	54	0
00:01:14	96	54	51
00:01:15	54	26	0
00:01:16	64	37	0
00:01:17	41	44	0
00:01:18	54	48	0
00:01:19	74	63	0
00:01:20	60	54	0
00:01:21	66	43	0
00:01:22	48	48	0
00:01:23	60	64	0
00:01:24	78	60	0
00:01:25	77	53	0
00:01:26	70	40	0
00:01:27	51	41	0
00:01:28	51	41	51
00:01:29	50	35	0
00:01:30	56	23	0
00:01:31	66	11	0
00:01:32	69	37	0
00:01:33	74	37	0
00:01:35	77	66	0
00:01:36	61	64	0
00:01:37	50	53	0
00:01:38	56	63	0
00:01:39	64	40	0
00:01:40	57	43	0
00:01:41	70	43	0
00:01:42	57	44	0
00:01:43	57	61	0
00:01:44	54	84	0
00:01:45	47	75	0
00:01:46	48	67	0
00:01:47	20	64	0
00:01:48	37	48	0
00:01:49	57	48	0
00:01:50	61	41	0
00:01:51	77	47	0
00:01:52	56	56	0
00:01:53	40	81	0
00:01:54	43	93	0
00:01:55	50	81	0
00:01:56	63	69	0
00:01:57	70	63	0
00:01:58	70	38	0
00:01:59	70	38	0
00:02:00	78	35	25
00:02:01	57	48	0
00:02:02	56	60	0
00:02:03	67	69	0
00:02:04	53	57	0
00:02:05	53	40	0
00:02:06	44	35	0
00:02:07	44	35	25
00:02:08	44	35	51
00:02:10	44	35	25
00:02:11	44	35	25
00:02:12	44	35	25
00:02:13	14	21	0
00:02:14	24	35	0
00:02:15	47	44	0
00:02:16	48	56	0
00:02:17	56	60	0
00:02:18	67	64	0
00:02:19	35	50	0
00:02:20	27	29	0
00:02:21	30	40	0
00:02:22	14	43	0
00:02:23	29	50	0
00:02:24	53	56	0
00:02:25	66	54	0
00:02:26	83	61	0
00:02:27	81	64	0
00:02:28	81	64	0
00:02:29	66	48	0
00:02:30	66	48	25
00:02:31	66	48	51
00:02:32	66	48	51
00:02:33	53	29	0
00:02:34	47	26	0
00:02:35	40	10	0
00:02:36	40	30	0
00:02:37	40	30	25
00:02:38	40	30	26
00:02:39	30	63	0
00:02:40	27	60	0
00:02:41	30	57	0
00:02:42	47	64	0
00:02:43	57	38	0
00:02:45	69	54	0
00:02:46	57	64	0
00:02:47	60	56	0
00:02:48	48	78	0
00:02:49	48	78	51
00:02:50	48	78	25
00:02:51	48	78	25
00:02:52	48	78	25
00:02:53	40	57	0
00:02:54	30	44	0
00:02:55	44	30	0
00:02:56	61	40	0
00:02:57	69	37	0
00:02:58	88	26	0
00:02:59	100	35	0
00:03:00	80	40	0
00:03:01	70	44	0
00:03:02	54	61	0
00:03:03	47	67	0
00:03:04	64	48	0
00:03:05	78	50	0
00:03:06	74	51	0
00:03:07	60	40	0
00:03:08	54	44	0
00:03:09	43	51	0
00:03:10	48	40	0
00:03:11	63	51	0
00:03:12	77	54	0
00:03:13	77	54	0
00:03:14	84	63	0
00:03:15	83	56	0
00:03:16	77	64	0
00:03:17	77	75	0
00:03:18	80	80	0
00:03:19	77	84	0
00:03:21	64	81	0
00:03:22	83	77	0
00:03:23	90	67	0
00:03:24	100	63	0
00:03:25	100	74	0
00:03:26	67	91	0
00:03:27	41	90	0
00:03:28	27	78	0
00:03:29	40	63	0
00:03:30	50	53	0
00:03:31	70	69	0
00:03:32	80	64	0
00:03:33	77	66	0
00:03:34	78	77	0
00:03:35	66	67	0
00:03:36	74	84	0
00:03:37	70	91	0
00:03:38	77	81	0
00:03:39	63	75	0
00:03:40	63	66	0
00:03:41	77	56	0
00:03:42	77	56	25
00:03:43	77	56	25
00:03:44	77	56	25
00:03:45	70	56	0
00:03:46	80	48	0
00:03:47	84	50	0
00:03:48	60	47	0
00:03:49	54	40	0
00:03:50	69	48	0
00:03:51	69	48	51
00:03:52	54	30	0
00:03:53	75	38	0
00:03:54	75	38	25
00:03:55	74	40	0
00:03:56	64	30	0
00:03:58	57	54	0
00:03:59	57	64	0
00:04:00	57	74	0
00:04:01	57	74	25
00:04:02	57	74	51
00:04:03	40	64	0
00:04:04	40	64	25
00:04:05	40	64	25
00:04:06	40	64	25
00:04:07	41	51	0
00:04:08	35	34	0
00:04:09	35	34	51
00:04:10	41	26	0
00:04:11	53	21	0
00:04:12	56	34	0
00:04:13	67	40	0
00:04:14	56	38	0
00:04:15	56	41	0
00:04:16	54	27	0
00:04:17	64	34	0
00:04:18	67	57	0
00:04:19	67	57	0
00:04:20	80	77	0
00:04:21	80	77	25
00:04:22	80	77	25
00:04:23	80	77	25
00:04:24	80	77	25
00:04:25	61	70	0
00:04:26	70	43	0
00:04:27	57	29	0
00:04:28	60	30	0
00:04:29	44	47	0
00:04:30	44	51	0
00:04:31	40	47	0
00:04:32	44	61	0
00:04:34	44	61	51
00:04:35	44	61	25
00:04:36	38	47	0
00:04:37	38	44	0
00:04:38	38	44	52
00:04:39	38	44	25
00:04:40	38	44	25
00:04:41	38	44	25
00:04:42	44	53	0
00:04:43	56	43	0
00:04:44	64	53	0
00:04:45	78	63	0
00:04:46	60	53	0
00:04:47	51	44	0
00:04:48	57	35	0
00:04:49	51	34	0
00:04:50	64	57	0
00:04:51	44	41	0
00:04:52	44	41	51
00:04:53	44	41	26
00:04:54	44	41	51
00:04:55	44	41	51
00:04:56	44	41	25
00:04:57	44	41	26
00:04:58	50	50	0
00:04:59	56	57	0
00:05:00	67	56	0
00:05:01	64	74	0
00:05:02	53	64	0
00:05:03	66	67	0
00:05:04	67	48	0
00:05:05	54	20	0
00:05:06	51	1	0
00:05:07	38	1	0
00:05:08	38	3	0
00:05:10	50	14	0
00:05:11	60	30	0
00:05:12	57	48	0
00:05:13	67	67	0
00:05:14	67	67	25
00:05:15	67	67	25
00:05:16	67	67	25
00:05:17	61	69	0
00:05:18	61	64	0
00:05:19	61	53	0
00:05:20	53	38	0
00:05:21	56	30	0
00:05:22	47	37	0
00:05:23	41	30	0
00:05:24	48	27	0
00:05:25	44	26	0
00:05:26	69	35	0
00:05:27	69	35	25
00:05:28	69	35	51
00:05:29	66	44	0
00:05:30	51	44	0
00:05:31	47	27	0
00:05:32	56	23	0
00:05:33	60	27	0
00:05:34	40	27	0
00:05:35	40	27	51
00:05:36	41	44	0
00:05:37	50	56	0
00:05:38	64	60	0
00:05:39	77	74	0
00:05:40	78	74	0
00:05:41	67	74	0
00:05:42	60	67	0
00:05:43	54	48	0
00:05:44	54	44	0
00:05:46	63	47	0
00:05:47	51	54	0
00:05:48	53	56	0
00:05:49	60	64	0
00:05:50	53	67	0
00:05:51	54	44	0
00:05:52	50	48	0
00:05:53	35	44	0
00:05:54	26	26	0
00:05:55	41	51	0
00:05:56	30	47	0
00:05:57	47	54	0
00:05:58	50	60	0
00:05:59	50	60	0
00:06:00	50	60	51
00:06:01	50	60	51
00:06:02	47	53	0
00:06:03	54	57	0
00:06:04	63	47	0
00:06:05	69	53	0
00:06:06	78	56	0
00:06:07	80	66	0
00:06:08	69	67	0
00:06:09	63	67	0
00:06:10	48	57	0
00:06:11	61	57	0
00:06:12	77	44	0
00:06:13	90	40	0
00:06:14	97	57	0
00:06:15	66	54	0
00:06:16	54	84	0
00:06:17	38	96	0
00:06:18	37	83	0
00:06:19	37	83	51
00:06:21	57	90	0
00:06:22	57	90	25
00:06:23	56	74	0
00:06:24	69	75	0
00:06:25	70	70	0
00:06:26	70	51	0
00:06:27	78	53	0
00:06:28	69	40	0
00:06:29	69	37	0
00:06:30	63	35	0
00:06:31	54	44	0
00:06:32	80	64	0
00:06:33	80	69	0
00:06:34	80	69	51
00:06:35	83	63	0
00:06:36	67	70	0
00:06:37	48	50	0
00:06:38	53	34	0
00:06:39	54	35	0
00:06:40	61	34	0
00:06:41	61	34	26
00:06:42	61	34	25
00:06:43	70	37	0
00:06:44	63	54	0
00:06:45	53	47	0
00:06:46	38	43	0
00:06:47	30	48	0
00:06:48	44	44	0
00:06:49	53	48	0
00:06:50	44	44	0
00:06:51	50	44	0
00:06:52	48	53	0
00:06:53	37	44	0
00:06:54	43	38	0
00:06:55	35	20	0
00:06:57	30	7	0
00:06:58	41	14	0
00:06:59	43	1	0
00:07:00	43	1	25
00:07:01	43	21	0
00:07:02	40	17	0
00:07:03	34	20	0
00:07:04	30	35	0
00:07:05	30	51	0
00:07:06	51	60	0
00:07:07	37	50	0
00:07:08	64	50	0
00:07:09	63	34	0
00:07:10	48	37	0
00:07:11	63	50	0
00:07:12	38	60	0
00:07:13	60	56	0
00:07:14	75	63	0
00:07:15	75	56	0
00:07:16	91	57	0
00:07:17	67	53	0
00:07:18	67	53	0
00:07:19	56	61	0
00:07:20	44	47	0
00:07:21	50	50	0
00:07:22	51	48	0
00:07:23	41	41	0
00:07:24	48	48	0
00:07:25	44	47	0
00:07:26	34	30	0
00:07:27	54	27	0
00:07:28	60	23	0
00:07:29	69	38	0
00:07:30	80	40	0
00:07:31	61	37	0
00:07:33	61	37	51
00:07:34	48	34	0
00:07:35	44	30	0
00:07:36	43	30	0
00:07:37	37	10	0
00:07:38	37	35	0
00:07:39	54	61	0
00:07:40	77	67	0
00:07:41	80	69	0
00:07:42	93	51	0
00:07:43	66	29	0
00:07:44	66	38	0
00:07:45	51	40	0
00:07:46	48	53	0
00:07:47	63	54	0
00:07:48	61	47	0
00:07:49	74	53	0
00:07:50	57	41	0
00:07:51	56	44	0
00:07:52	56	47	0
00:07:53	66	50	0
00:07:54	67	50	0
00:07:55	66	53	0
00:07:56	53	56	0
00:07:57	41	60	0
00:07:58	43	63	0
00:07:59	43	70	0
00:08:00	56	64	0
00:08:01	48	50	0
00:08:02	50	69	0
00:08:03	41	54	0
00:08:04	37	44	0
00:08:05	50	43	0
00:08:06	67	44	0
00:08:07	57	41	0
00:08:09	69	26	0
00:08:10	57	10	0
00:08:11	51	21	0
00:08:12	38	14	0
00:08:13	50	38	0
00:08:14	64	43	0
00:08:15	53	34	0
00:08:16	64	60	0
00:08:17	57	64	0
00:08:18	40	74	0
00:08:19	53	88	0
00:08:20	54	64	0
00:08:21	38	44	0
00:08:22	41	37	0
00:08:23	41	37	51
00:08:24	37	26	0
00:08:25	47	41	0
00:08:26	48	56	0
00:08:27	60	66	0
00:08:28	67	64	0
00:08:29	66	61	0
00:08:30	80	69	0
00:08:31	74	69	0
00:08:32	67	80	0
00:08:33	66	97	0
00:08:34	84	90	0
00:08:35	60	66	0
00:08:36	56	54	0
00:08:37	61	61	0
00:08:38	51	54	0
00:08:39	87	77	0
00:08:40	69	70	0
00:08:41	69	80	0
00:08:42	60	77	0
00:08:44	64	56	0
00:08:45	84	66	0
00:08:46	81	54	0
00:08:47	83	57	0
00:08:48	70	63	0
00:08:49	66	70	0
00:08:50	69	75	0
00:08:51	77	83	0
00:08:52	77	84	0
00:08:53	69	78	0
00:08:54	54	61	0
00:08:55	61	56	0
00:08:56	50	60	0
00:08:57	50	60	26
00:08:58	54	69	0
00:08:59	53	75	0
00:09:00	38	74	0
00:09:01	44	78	0
00:09:02	38	66	0
00:09:03	40	81	0
00:09:04	34	75	0
00:09:05	26	75	25
00:09:06	27	69	0
00:09:07	38	64	0
00:09:08	48	63	0
00:09:09	56	53	0
00:09:10	57	57	0
00:09:11	50	37	0
00:09:12	56	48	0
00:09:13	56	60	0
00:09:14	56	53	0
00:09:15	54	67	0
00:09:16	44	63	0
00:09:17	44	63	0
00:09:19	50	56	0
00:09:20	57	64	0
00:09:21	61	56	0
00:09:22	66	51	0
00:09:23	56	48	0
00:09:24	48	41	0
00:09:25	51	41	0
00:09:26	57	50	0
00:09:27	74	60	0
00:09:28	74	56	0
00:09:29	83	64	0
00:09:30	75	61	0
00:09:31	56	63	0
00:09:32	50	63	0
00:09:33	43	66	0
00:09:34	43	66	0
00:09:35	40	74	0
00:09:36	60	74	0
00:09:37	75	69	0
00:09:38	94	51	0
00:09:39	80	38	0
00:09:40	75	44	0
00:09:41	70	51	0
00:09:42	60	57	0
00:09:43	63	83	0
00:09:44	51	77	0
00:09:45	40	69	0
00:09:46	47	84	0
00:09:47	50	88	0
00:09:48	64	83	0
00:09:49	75	83	0
00:09:50	60	75	0
00:09:51	56	57	0
00:09:52	44	56	0
00:09:54	43	57	0
00:09:55	51	56	0
00:09:56	57	75	0
00:09:57	67	75	0
00:09:58	48	75	0
00:09:59	47	70	0
00:10:00	35	57	0
00:10:01	26	64	0
00:10:02	35	61	0
00:10:03	37	69	0
00:10:04	51	66	0
00:10:05	47	64	0
00:10:06	40	38	0
00:10:07	17	48	0
00:10:08	23	54	0
00:10:09	47	69	0
00:10:10	29	78	0
00:10:11	43	69	0
00:10:12	48	63	0
00:10:13	30	64	0
00:10:14	51	61	0
00:10:15	51	56	0
00:10:16	44	56	0
00:10:17	29	51	0
00:10:18	23	60	0
00:10:19	38	67	0
00:10:20	29	64	0
00:10:21	44	61	0
00:10:22	43	60	0
00:10:23	35	74	0
00:10:24	44	61	0
00:10:25	54	75	0
00:10:26	37	67	0
00:10:27	23	48	0
00:10:29	10	61	0
00:10:30	8	56	0
00:10:31	26	56	0
00:10:32	23	48	0
00:10:33	30	34	0
00:10:34	29	40	0
00:10:35	24	37	0
00:10:36	41	54	0
00:10:37	23	63	0
00:10:38	30	56	0
00:10:39	35	57	0
00:10:40	53	51	0
00:10:41	64	54	0
00:10:42	63	66	0
00:10:43	57	64	0
00:10:44	56	75	0
00:10:45	56	70	0
00:10:46	67	75	0
00:10:47	75	80	0
00:10:48	63	67	0
00:10:49	61	74	0
00:10:50	51	54	0
00:10:51	44	53	0
00:10:52	41	60	0
00:10:53	37	50	0
00:10:54	56	61	0
00:10:55	70	63	0
00:10:56	100	60	0
00:10:57	100	74	0
00:10:58	88	87	0
00:10:59	60	83	0
00:11:00	30	75	0
00:11:01	26	56	0
00:11:02	40	41	0
00:11:03	51	24	0
00:11:05	70	24	0
00:11:06	84	29	0
00:11:07	67	37	0
00:11:08	56	70	0
00:11:09	38	87	0
00:11:10	29	74	0
00:11:11	40	57	0
00:11:12	40	50	0
00:11:13	40	41	0
00:11:14	43	53	0
00:11:15	47	75	0
00:11:16	54	74	0
00:11:17	50	67	0
00:11:18	80	67	0
00:11:19	67	50	0
00:11:20	51	37	0
00:11:21	66	41	0
00:11:22	29	40	0
00:11:23	24	56	0
00:11:24	54	77	0
00:11:25	67	74	0
00:11:26	84	77	0
00:11:27	80	56	0
00:11:28	70	51	0
00:11:29	64	60	0
00:11:30	66	60	0
00:11:31	84	75	0
00:11:32	88	87	0
00:11:33	70	77	0
00:11:34	54	80	0
00:11:35	54	78	0
00:11:36	51	69	0
00:11:37	61	67	0
00:11:38	60	53	0
00:11:39	51	60	0
00:11:41	44	67	0
00:11:42	51	87	0
00:11:43	51	78	0
00:11:44	47	64	0
00:11:45	61	64	0
00:11:46	38	51	0
00:11:47	30	50	0
00:11:48	17	53	0
00:11:49	3	53	0
00:11:50	29	69	0
00:11:51	34	66	0
00:11:52	47	61	0
00:11:53	66	61	0
00:11:54	69	48	0
00:11:55	83	53	0
00:11:56	100	60	0
00:11:57	94	53	0
00:11:58	90	57	0
00:11:59	77	63	0
00:12:00	77	77	0
00:12:01	56	81	0
00:12:02	40	77	0
00:12:03	51	77	0
00:12:04	27	54	0
00:12:05	40	57	0
00:12:06	44	54	0
00:12:07	43	63	0
00:12:08	40	84	0
00:12:09	47	100	0
00:12:10	29	100	0
00:12:11	41	90	0
00:12:12	37	80	0
00:12:13	35	88	0
00:12:14	34	63	0
00:12:16	23	56	0
00:12:17	3	48	0
00:12:18	17	37	0
00:12:19	21	54	0
00:12:20	26	75	0
00:12:21	63	78	0
00:12:22	47	75	0
00:12:23	64	78	0
00:12:24	69	75	0
00:12:25	56	70	0
00:12:26	67	91	0
00:12:27	61	78	0
00:12:28	51	63	0
00:12:29	56	61	0
00:12:30	35	23	0
00:12:31	34	21	0
00:12:32	56	17	0
00:12:33	50	34	0
00:12:34	66	61	0
00:12:35	64	77	0
00:12:36	63	87	0
00:12:37	77	77	0
00:12:38	74	77	0
00:12:39	77	57	0
00:12:40	54	47	0
00:12:41	56	47	0
00:12:42	37	51	0
00:12:43	17	53	0
00:12:44	30	75	0
00:12:45	10	60	0
00:12:46	24	64	0
00:12:47	30	77	0
00:12:48	17	63	0
00:12:49	44	77	0
00:12:51	44	66	0
00:12:52	63	66	0
00:12:53	84	78	0
00:12:54	56	63	0
00:12:55	50	60	0
00:12:56	38	51	0
00:12:57	24	40	0
00:12:58	51	66	0
00:12:59	54	74	0
00:13:00	63	88	0
00:13:01	53	74	0
00:13:02	53	61	0
00:13:03	54	64	0
00:13:04	47	54	0
00:13:05	50	67	0
00:13:06	40	61	0
00:13:07	34	64	0
00:13:08	26	74	0
00:13:09	44	74	0
00:13:10	53	87	0
00:13:11	100	67	0
00:13:12	100	77	0
00:13:13	100	67	0
00:13:14	77	54	0
00:13:15	70	57	0
00:13:16	67	56	0
00:13:17	54	48	0
00:13:18	77	64	0
00:13:19	54	64	0
00:13:20	43	53	0
00:13:21	34	50	0
00:13:22	38	41	0
00:13:23	38	41	25
00:13:24	34	34	0
00:13:25	37	37	0
00:13:27	38	54	0
00:13:28	29	64	0
00:13:29	51	78	0
00:13:30	54	91	0
00:13:31	44	81	0
00:13:32	35	66	0
00:13:33	20	48	0
00:13:34	13	38	0
00:13:35	17	38	0
00:13:36	24	44	0
00:13:37	35	50	0
00:13:38	35	38	0
00:13:39	41	38	0
00:13:40	48	60	0
00:13:41	48	88	0
00:13:42	54	93	0
00:13:43	44	66	0
00:13:44	44	66	25
00:13:45	44	66	25
00:13:46	44	66	25
00:13:47	40	74	0
00:13:48	50	60	0
00:13:49	54	69	0
00:13:50	77	81	0
00:13:51	90	78	0
00:13:52	97	78	0
00:13:53	94	78	0
00:13:54	75	74	0
00:13:55	74	77	0
00:13:56	48	78	0
00:13:57	53	80	0
00:13:58	57	80	0
00:13:59	50	70	0
00:14:00	74	77	0
00:14:02	64	83	0
00:14:03	69	90	0
00:14:04	64	94	0
00:14:05	53	88	0
00:14:06	53	87	0
00:14:07	53	93	0
00:14:08	57	100	0
00:14:09	66	93	0
00:14:10	61	69	0
00:14:11	41	48	0
00:14:12	47	57	0
00:14:13	40	66	0
00:14:14	40	70	0
00:14:15	50	77	0
00:14:16	51	70	0
00:14:17	84	69	0
00:14:18	84	63	0
00:14:19	67	60	0
00:14:20	47	63	0
00:14:21	13	77	0
00:14:22	16	78	0
00:14:23	27	77	0
00:14:24	27	67	0
00:14:25	51	63	0
00:14:26	50	66	0
00:14:27	40	66	0
00:14:28	53	70	0
00:14:29	50	66	0
00:14:30	66	61	0
00:14:31	78	60	0
00:14:32	69	61	0
00:14:33	77	61	0
00:14:34	61	56	0
00:14:35	61	51	0
00:14:37	87	54	0
00:14:38	60	57	0
00:14:39	53	60	0
00:14:40	38	69	0
00:14:41	38	77	0
00:14:42	38	75	0
00:14:43	44	67	0
00:14:44	50	56	0
00:14:45	29	47	0
00:14:46	56	51	0
00:14:47	51	54	0
00:14:48	54	57	0
00:14:49	51	56	0
00:14:50	29	64	0
00:14:51	51	70	0
00:14:52	51	67	0
00:14:53	81	75	0
00:14:54	81	75	25
00:14:55	81	75	26
00:14:56	81	75	26
00:14:57	47	60	0
00:14:58	47	60	25
00:14:59	40	64	0
00:15:00	10	64	0
00:15:01	13	81	0
00:15:02	20	69	0
00:15:03	17	67	0
00:15:04	20	69	0
00:15:05	35	61	0
00:15:06	17	64	0
00:15:07	23	64	0
00:15:08	24	64	0
00:15:09	16	60	0
00:15:11	43	66	0
00:15:12	54	57	0
00:15:13	57	54	0
00:15:14	57	54	25
00:15:15	40	54	0
00:15:16	27	69	0
00:15:17	27	50	0
00:15:18	35	63	0
00:15:19	38	63	0
00:15:20	60	67	0
00:15:21	53	93	0
00:15:22	70	78	0
00:15:23	91	77	0
00:15:24	77	53	0
00:15:25	69	53	0
00:15:26	50	67	0
00:15:27	41	64	0
00:15:28	34	90	0
00:15:29	34	90	25
00:15:30	24	77	0
00:15:31	30	75	0
00:15:32	24	81	0
00:15:33	26	66	0
00:15:34	30	80	0
00:15:35	27	75	0
00:15:36	24	66	0
00:15:37	35	69	0
00:15:38	35	69	25
00:15:39	38	53	0
00:15:40	37	56	0
00:15:41	37	56	51
00:15:42	23	57	0
00:15:43	30	67	0
00:15:44	30	67	25
00:15:46	30	67	25
00:15:47	30	67	25
00:15:48	30	74	0
00:15:49	35	81	0
00:15:50	70	84	0
00:15:51	56	81	0
00:15:52	53	64	0
00:15:53	57	57	0
00:15:54	43	56	0
00:15:55	54	54	0
00:15:56	54	54	0
00:15:57	54	54	25
00:15:58	54	54	25
00:15:59	40	57	0
00:16:00	34	50	0
00:16:01	16	47	0
00:16:02	21	54	0
00:16:03	34	56	0
00:16:04	23	57	0
00:16:05	35	57	0
00:16:06	20	50	0
00:16:07	47	53	0
00:16:08	44	60	0
00:16:09	38	61	0
00:16:10	53	60	25
00:16:11	40	61	0
00:16:12	60	57	0
00:16:13	60	57	25
00:16:14	60	60	0
00:16:15	60	60	0
00:16:16	53	56	0
00:16:17	61	63	0
00:16:18	75	60	0
00:16:20	77	63	0
00:16:21	80	74	0
00:16:22	63	60	0
00:16:23	48	60	0
00:16:24	53	63	0
00:16:25	27	61	0
00:16:26	21	63	0
00:16:27	27	67	0
00:16:28	17	66	0
00:16:29	17	66	51
00:16:30	41	66	0
00:16:31	63	63	0
00:16:32	66	60	0
00:16:33	54	61	0
00:16:34	54	61	25
00:16:35	54	61	25
00:16:36	54	61	25
00:16:37	54	61	25
00:16:38	54	61	25
00:16:39	54	50	0
00:16:40	29	66	0
00:16:41	35	77	0
00:16:42	23	78	0
00:16:43	29	69	0
00:16:44	43	77	0
00:16:45	53	51	0
00:16:46	74	47	0
00:16:47	78	51	0
00:16:48	78	48	0
00:16:49	51	43	0
00:16:50	43	48	0
00:16:51	50	56	0
00:16:52	41	67	0
00:16:53	41	67	51
00:16:55	41	67	51
00:16:56	60	84	0
00:16:57	44	87	0
00:16:58	29	67	0
00:16:59	29	67	51
00:17:00	29	67	51
00:17:01	38	56	0
00:17:02	38	56	25
00:17:03	14	50	0
00:17:04	14	50	25
00:17:05	10	48	0
00:17:06	21	57	0
00:17:07	20	61	0
00:17:08	38	64	0
00:17:09	54	70	0
00:17:10	50	64	0
00:17:11	35	64	0
00:17:12	43	61	0
00:17:13	34	69	0
00:17:14	48	66	0
00:17:15	48	66	25
00:17:16	48	66	25
00:17:17	48	66	25
00:17:18	48	63	0
00:17:19	38	64	0
00:17:20	53	63	0
00:17:21	37	70	0
00:17:22	37	61	0
00:17:23	37	61	26
00:17:24	38	61	0
00:17:25	38	66	0
00:17:26	38	66	51
00:17:27	35	56	0
00:17:28	38	75	0
00:17:30	38	75	25
00:17:31	38	75	51
00:17:32	44	75	0
00:17:33	44	70	0
00:17:34	44	87	0
00:17:35	47	77	0
00:17:36	50	84	0
00:17:37	50	84	0
00:17:38	69	83	0
00:17:39	63	81	0
00:17:40	44	83	0
00:17:41	44	83	51
00:17:42	29	64	0
00:17:43	37	69	0
00:17:44	51	56	0
00:17:45	50	56	0
00:17:46	41	57	0
00:17:47	41	57	25
00:17:48	41	57	25
00:17:49	41	57	25
00:17:50	54	60	0
00:17:51	44	51	0
00:17:52	56	64	0
00:17:53	43	50	0
00:17:54	20	48	0
00:17:55	29	64	0
00:17:56	30	60	0
00:17:57	48	66	0
00:17:58	56	60	0
00:17:59	41	44	0
00:18:00	56	40	0
00:18:01	41	50	0
00:18:02	48	63	0
00:18:03	48	63	25
00:18:04	60	77	0
00:18:06	43	80	0
00:18:07	74	90	0
00:18:08	74	90	0
00:18:09	56	70	0
00:18:10	67	83	0
00:18:11	53	75	0
00:18:12	50	70	0
00:18:13	63	90	0
00:18:14	47	75	0
00:18:15	37	77	0
00:18:16	53	69	0
00:18:17	48	67	0
00:18:18	40	57	0
00:18:19	51	53	0
00:18:20	27	56	0
00:18:21	40	66	0
00:18:22	30	69	0
00:18:23	35	77	0
00:18:24	51	61	0
00:18:25	54	53	0
00:18:26	66	50	0
00:18:27	64	37	0
00:18:28	75	50	0
00:18:29	56	41	0
00:18:30	47	51	0
00:18:31	27	57	0
00:18:32	1	57	0
00:18:33	16	74	0
00:18:34	40	74	0
00:18:35	40	74	0
00:18:36	60	75	0
00:18:37	56	60	0
00:18:38	43	54	0
00:18:39	35	47	0
00:18:40	38	60	0
00:18:41	38	60	0
00:18:43	30	69	0
00:18:44	38	77	0
00:18:45	50	93	0
00:18:46	54	90	0
00:18:47	30	77	0
00:18:48	17	51	0
00:18:49	30	44	0
00:18:50	29	44	0
00:18:51	51	56	0
00:18:52	56	80	0
00:18:53	37	87	0
00:18:54	30	84	0
00:18:55	35	69	0
00:18:56	48	64	0
00:18:57	54	69	0
00:18:58	56	61	0
00:18:59	54	69	0
00:19:00	41	69	0
00:19:01	41	51	0
00:19:02	56	56	0
00:19:03	47	47	0
00:19:04	48	50	0
00:19:05	43	54	0
00:19:06	29	61	0
00:19:07	35	64	0
00:19:08	37	67	0
00:19:09	37	67	25
00:19:10	27	64	0
00:19:11	27	64	25
00:19:12	23	57	0
00:19:13	30	66	0
00:19:14	26	69	0
00:19:16	27	70	0
00:19:17	35	75	0
00:19:18	26	57	0
00:19:19	29	54	0
00:19:20	27	61	0
00:19:21	8	63	0
00:19:22	13	63	0
00:19:23	16	69	0
00:19:24	23	63	0
00:19:25	44	50	0
00:19:26	47	48	0
00:19:27	47	44	0
00:19:28	47	53	0
00:19:29	17	60	0
00:19:30	13	53	0
00:19:31	26	47	0
00:19:32	35	43	0
00:19:33	35	43	25
00:19:34	35	43	26
00:19:35	35	43	26
00:19:36	34	21	0
00:19:37	17	43	0
00:19:38	17	40	0
00:19:39	34	67	0
00:19:40	57	83	0
00:19:41	57	66	0
00:19:42	48	74	0
00:19:43	48	74	25
00:19:44	43	57	0
00:19:45	38	60	0
00:19:46	23	50	0
00:19:47	23	50	25
00:19:48	29	51	0
00:19:49	21	57	0
00:19:50	38	57	0
00:19:52	56	67	0
00:19:53	40	66	0
00:19:54	37	69	0
00:19:55	34	87	0
00:19:56	24	74	0
00:19:57	30	69	0
00:19:58	41	69	0
00:19:59	43	57	0
00:20:00	57	74	0
00:20:01	43	69	0
00:20:02	37	66	0
00:20:03	43	77	0
00:20:04	27	77	0
00:20:05	40	87	0
00:20:06	47	83	0
00:20:07	34	66	0
00:20:08	37	57	0
00:20:09	34	50	0
00:20:10	34	61	0
00:20:11	35	63	0
00:20:12	44	67	0
00:20:13	43	69	0
00:20:14	27	57	0
00:20:15	27	57	0
00:20:16	35	64	0
00:20:17	41	67	0
00:20:18	29	63	0
00:20:19	29	61	0
00:20:20	21	54	0
00:20:21	14	61	0
00:20:22	16	75	0
00:20:23	14	63	0
00:20:24	20	64	0
00:20:25	38	56	0
00:20:26	53	56	0
00:20:28	51	53	0
00:20:29	51	53	25
00:20:30	56	50	0
00:20:31	53	56	0
00:20:32	50	57	0
00:20:33	77	66	0
00:20:34	74	61	0
00:20:35	60	53	0
00:20:36	61	50	0
00:20:37	43	53	0
00:20:38	43	67	0
00:20:39	60	74	0
00:20:40	50	67	0
00:20:41	51	63	0
00:20:42	41	56	0
00:20:43	21	53	0
00:20:44	29	63	0
00:20:45	20	60	0
00:20:46	44	56	0
00:20:47	43	54	0
00:20:48	38	48	0
00:20:49	40	63	0
00:20:50	14	67	0
00:20:51	21	70	0
00:20:52	30	61	0
00:20:53	44	43	0
00:20:54	54	48	0
00:20:55	64	24	0
00:20:56	64	44	0
00:20:57	67	67	0
00:20:58	74	51	0
00:20:59	60	70	0
00:21:00	64	64	0
00:21:01	69	56	0
00:21:02	69	74	0
00:21:04	74	64	0
00:21:05	67	80	0
00:21:06	56	83	0
00:21:07	44	88	0
00:21:08	47	100	0
00:21:09	34	100	0
00:21:10	23	97	0
00:21:11	24	93	0
00:21:12	24	100	0
00:21:13	47	91	0
00:21:14	51	88	0
00:21:15	56	93	0
00:21:16	64	81	0
00:21:17	53	81	0
00:21:18	41	67	0
00:21:19	38	47	0
00:21:20	41	51	0
00:21:21	43	47	0
00:21:22	48	43	0
00:21:23	43	61	0
00:21:24	34	57	0
00:21:25	14	66	0
00:21:26	26	70	0
00:21:27	16	64	0
00:21:28	16	64	0
00:21:29	29	53	0
00:21:30	21	63	0
00:21:31	21	63	25
00:21:32	21	63	25
00:21:33	21	63	25
00:21:34	26	64	0
00:21:35	38	61	0
00:21:36	30	69	0
00:21:37	26	57	0
00:21:39	26	63	0
00:21:40	29	67	0
00:21:41	35	60	0
00:21:42	38	57	0
00:21:43	35	37	0
00:21:44	35	34	0
00:21:45	40	35	0
00:21:46	23	30	0
00:21:47	24	63	0
00:21:48	3	83	0
00:21:49	10	97	0
00:21:50	7	83	0
00:21:51	10	87	0
00:21:52	24	81	0
00:21:53	38	70	0
00:21:54	38	70	0
00:21:55	29	44	0
00:21:56	24	50	0
00:21:57	17	54	0
00:21:58	20	57	0
00:21:59	29	88	0
00:22:00	29	80	0
00:22:01	37	83	0
00:22:02	17	77	0
00:22:03	23	61	0
00:22:04	21	70	0
00:22:05	21	70	51
00:22:06	26	63	0
00:22:07	53	66	0
00:22:08	53	63	0
00:22:09	66	63	0
00:22:10	60	67	0
00:22:11	53	67	0
00:22:12	56	87	0
00:22:13	50	75	0
00:22:14	50	69	0
00:22:16	47	70	0
00:22:17	44	60	0
00:22:18	44	64	0
00:22:19	41	69	0
00:22:20	51	66	0
00:22:21	61	66	0
00:22:22	53	61	0
00:22:23	51	63	0
00:22:24	40	54	0
00:22:25	21	64	0
00:22:26	20	69	0
00:22:27	21	60	0
00:22:28	21	60	25
00:22:29	37	69	0
00:22:30	48	66	0
00:22:31	41	48	0
00:22:32	50	61	0
00:22:33	43	64	0
00:22:34	29	57	0
00:22:35	50	70	0
00:22:36	38	66	0
00:22:37	24	53	0
00:22:38	40	69	0
00:22:39	40	67	0
00:22:40	34	64	0
00:22:41	44	80	0
00:22:42	37	60	0
00:22:43	37	75	0
00:22:44	47	80	0
00:22:45	44	69	0
00:22:46	61	74	0
00:22:47	51	66	0
00:22:48	63	63	0
00:22:49	67	70	0
00:22:50	60	69	0
00:22:52	60	69	0
00:22:53	53	64	0
00:22:54	53	64	0
00:22:55	44	57	0
00:22:56	27	53	0
00:22:57	16	50	0
00:22:58	23	48	0
00:22:59	29	53	0
00:23:00	56	57	0
00:23:01	66	66	0
00:23:02	66	66	52
00:23:03	61	80	0
00:23:04	43	77	0
00:23:05	43	77	25
00:23:06	30	81	0
00:23:07	16	69	0
00:23:08	16	69	51
00:23:09	11	69	0
00:23:10	20	51	0
00:23:11	17	43	0
00:23:12	20	30	0
00:23:13	24	40	0
00:23:14	23	48	0
00:23:15	10	44	0
00:23:16	1	48	0
00:23:17	1	27	0
00:23:18	10	47	0
00:23:19	34	48	0
00:23:20	37	56	0
00:23:21	24	50	0
00:23:22	10	60	0
00:23:23	7	67	0
00:23:24	3	51	0
00:23:25	21	61	0
00:23:26	34	67	0
00:23:28	30	66	0
00:23:29	27	87	0
00:23:30	14	69	0
00:23:31	7	40	0
00:23:32	23	30	0
00:23:33	30	27	0
00:23:34	30	27	0
00:23:35	56	57	0
00:23:36	56	57	51
00:23:37	56	57	25
00:23:38	51	61	0
00:23:39	40	64	0
00:23:40	30	67	0
00:23:41	24	69	0
00:23:42	26	75	0
00:23:43	37	78	0
00:23:44	35	75	0
00:23:45	29	67	0
00:23:46	29	67	0
00:23:47	24	67	0
00:23:48	30	63	0
00:23:49	30	63	25
00:23:50	41	75	0
00:23:51	41	75	25
00:23:52	35	70	0
00:23:53	24	69	0
00:23:54	14	78	0
00:23:55	21	83	0
00:23:56	11	90	0
00:23:57	20	87	0
00:23:58	35	75	0
00:23:59	29	64	0
00:24:00	29	64	26
00:24:01	29	64	26
00:24:02	38	37	0
00:24:04	47	38	0
00:24:05	47	38	25
00:24:06	40	43	0
00:24:07	40	43	25
00:24:08	48	48	0
00:24:09	53	57	0
00:24:10	48	66	0
00:24:11	34	51	0
00:24:12	47	57	0
00:24:13	37	60	0
00:24:14	30	38	0
00:24:15	37	48	0
00:24:16	44	43	0
00:24:17	53	48	0
00:24:18	54	61	0
00:24:19	44	54	0
00:24:20	24	57	0
00:24:21	16	50	0
00:24:22	30	51	0
00:24:23	40	53	0
00:24:24	48	70	0
00:24:25	29	75	0
00:24:26	14	75	0
00:24:27	10	80	0
00:24:28	7	67	0
00:24:29	7	57	0
00:24:30	10	61	0
00:24:31	41	63	0
00:24:32	38	53	0
00:24:33	47	66	0
00:24:34	60	66	0
00:24:35	35	75	0
00:24:36	40	80	0
00:24:37	27	60	0
00:24:39	16	44	0
00:24:40	16	30	0
00:24:41	26	37	0
00:24:42	37	41	0
00:24:43	35	61	0
00:24:44	40	64	0
00:24:45	40	66	0
00:24:46	21	69	0
00:24:47	27	54	0
00:24:48	35	63	0
00:24:49	23	54	0
00:24:50	41	61	0
00:24:51	37	57	0
00:24:52	23	57	0
00:24:53	27	56	0
00:24:54	27	56	25
00:24:55	27	56	25
00:24:56	27	56	25
00:24:57	27	56	25
00:24:58	29	66	0
00:24:59	40	87	0
00:25:00	41	74	0
00:25:01	43	74	0
00:25:02	30	53	0
00:25:03	16	47	0
00:25:04	17	51	0
00:25:05	14	54	0
00:25:06	26	56	0
00:25:07	38	75	0
00:25:08	41	67	0
00:25:09	29	69	0
00:25:10	21	67	0
00:25:11	24	54	0
00:25:12	24	63	0
00:25:13	24	63	51
00:25:15	37	61	0
00:25:16	48	53	0
00:25:17	56	35	0
00:25:18	57	40	0
00:25:19	70	35	0
00:25:20	60	40	0
00:25:21	47	44	0
00:25:22	40	40	0
00:25:23	34	35	0
00:25:24	34	35	51
00:25:25	48	53	0
00:25:26	69	53	0
00:25:27	69	53	25
00:25:28	50	43	0
00:25:29	44	38	0
00:25:30	44	38	25
00:25:31	30	37	0
00:25:32	11	35	0
00:25:33	11	35	0
00:25:34	16	64	0
00:25:35	17	74	0
00:25:36	30	83	0
00:25:37	47	81	0
00:25:38	43	63	0
00:25:39	37	53	0
00:25:40	8	30	0
00:25:41	10	35	0
00:25:42	13	41	0
00:25:43	11	40	0
00:25:44	23	51	0
00:25:45	16	47	0
00:25:46	23	50	0
00:25:47	21	53	0
00:25:48	20	53	0
00:25:50	13	51	0
00:25:51	7	44	0
00:25:52	13	44	0
00:25:53	16	44	0
00:25:54	23	50	0
00:25:55	11	48	0
00:25:56	24	48	0
00:25:57	17	53	0
00:25:58	35	67	0
00:25:59	37	74	0
00:26:00	37	81	0
00:26:01	50	83	0
00:26:02	48	70	0
00:26:03	43	70	0
00:26:04	30	66	0
00:26:05	20	66	0
00:26:06	24	69	0
00:26:07	38	74	0
00:26:08	41	61	0
00:26:09	57	61	0
00:26:10	54	61	0
00:26:11	61	64	0
00:26:12	56	70	0
00:26:13	56	70	0
00:26:14	44	66	0
00:26:15	38	60	0
00:26:16	44	57	0
00:26:17	34	56	0
00:26:18	37	51	0
00:26:19	34	51	0
00:26:20	35	60	0
00:26:21	30	60	0
00:26:22	38	53	0
00:26:23	38	50	0
00:26:25	37	50	0
00:26:26	41	56	0
00:26:27	44	53	0
00:26:28	51	53	0
00:26:29	51	63	0
00:26:30	50	70	0
00:26:31	47	75	0
00:26:32	44	67	0
00:26:33	30	54	0
00:26:34	40	50	0
00:26:35	38	51	0
00:26:36	38	51	25
00:26:37	26	48	0
00:26:38	24	53	0
00:26:39	35	43	0
00:26:40	35	43	0
00:26:41	43	57	0
00:26:42	57	53	0
00:26:43	41	61	0
00:26:44	56	75	0
00:26:45	54	75	0
00:26:46	54	81	0
00:26:47	67	83	0
00:26:48	47	53	0
00:26:49	64	43	0
00:26:50	50	37	0
00:26:51	38	38	0
00:26:52	66	54	0
00:26:53	66	54	0
00:26:54	60	63	0
00:26:55	57	48	0
00:26:56	44	56	0
00:26:57	21	47	0
00:26:58	17	60	0
00:26:59	1	44	0
00:27:00	1	35	0
00:27:02	4	53	0
00:27:03	7	48	0
00:27:04	13	50	0
00:27:05	10	57	0
00:27:06	17	50	0
00:27:07	16	48	0
00:27:08	24	56	0
00:27:09	41	53	0
00:27:10	37	75	0
00:27:11	41	83	0
00:27:12	35	74	0
00:27:13	35	67	0
00:27:14	34	40	0
00:27:15	16	35	0
00:27:16	35	40	0
00:27:17	34	44	0
00:27:18	40	61	0
00:27:19	53	61	0
00:27:20	47	53	0
00:27:21	30	44	0
00:27:22	29	40	0
00:27:23	38	51	0
00:27:24	29	50	0
00:27:25	44	53	0
00:27:26	43	43	0
00:27:27	37	40	0
00:27:28	43	56	0
00:27:29	38	63	0
00:27:30	29	60	0
00:27:31	34	60	0
00:27:32	16	48	0
00:27:33	35	50	0
00:27:34	56	51	0
00:27:35	53	60	0
00:27:36	60	61	0
00:27:38	60	61	0
00:27:39	47	60	0
00:27:40	54	57	0
00:27:41	54	54	0
00:27:42	43	51	0
00:27:43	50	48	0
00:27:44	34	27	0
00:27:45	29	24	0
00:27:46	34	41	0
00:27:47	23	40	0
00:27:48	30	53	0
00:27:49	29	57	0
00:27:50	27	53	0
00:27:51	34	54	0
00:27:52	24	53	0
00:27:53	24	53	0
00:27:54	21	47	0
00:27:55	20	54	0
00:27:56	41	61	0
00:27:57	54	60	0
00:27:58	69	64	0
00:27:59	60	57	0
00:28:00	50	74	0
00:28:01	30	67	0
00:28:02	30	64	0
00:28:03	43	83	0
00:28:04	43	63	0
00:28:05	48	54	0
00:28:06	43	56	0
00:28:07	23	26	0
00:28:08	23	37	0
00:28:09	20	37	0
00:28:10	14	35	0
00:28:11	30	60	0
00:28:13	37	54	0
00:28:14	26	66	0
00:28:15	24	60	0
00:28:16	16	60	0
00:28:17	21	67	0
00:28:18	23	63	0
00:28:19	38	75	0
00:28:20	50	56	0
00:28:21	41	51	0
00:28:22	54	51	0
00:28:23	51	38	0
00:28:24	48	41	0
00:28:25	44	20	0
00:28:26	47	14	0
00:28:27	37	20	0
00:28:28	35	48	0
00:28:29	29	53	0
00:28:30	29	51	0
00:28:31	20	37	0
00:28:32	20	40	0
00:28:33	16	26	0
00:28:34	13	24	0
00:28:35	24	40	0
00:28:36	17	29	0
00:28:37	29	37	0
00:28:38	43	47	0
00:28:39	30	44	0
00:28:40	27	43	0
00:28:41	11	38	0
00:28:42	4	41	0
00:28:43	3	44	0
00:28:44	10	53	0
00:28:45	23	56	0
00:28:47	27	44	0
00:28:48	38	34	0
00:28:49	40	30	0
00:28:50	27	37	0
00:28:51	14	37	0
00:28:52	11	34	0
00:28:53	13	35	0
00:28:54	43	40	0
00:28:55	50	26	0
00:28:56	44	40	0
00:28:57	53	51	0
00:28:58	17	48	0
00:28:59	37	64	0
00:29:00	30	56	0
00:29:01	50	56	0
00:29:02	40	51	0
00:29:03	41	48	0
00:29:04	30	44	0
00:29:05	23	35	0
00:29:06	54	44	0
00:29:07	44	30	0
00:29:08	44	29	0
00:29:09	61	40	0
00:29:10	43	29	0
00:29:11	51	44	0
00:29:12	69	48	0
00:29:13	57	47	0
00:29:14	38	54	0
00:29:15	38	50	0
00:29:16	30	48	0
00:29:17	47	53	0
00:29:18	66	57	0
00:29:19	54	57	0
00:29:20	64	63	0
00:29:21	53	61	0
00:29:22	53	61	26
00:29:24	66	57	0
00:29:25	83	57	0
00:29:26	67	54	0
00:29:27	88	51	0
00:29:28	69	48	0
00:29:29	54	47	0
00:29:30	56	47	0
00:29:31	30	30	0
00:29:32	30	30	25
00:29:33	29	27	0
00:29:34	37	38	0
00:29:35	40	61	0
00:29:36	54	57	0
00:29:37	51	61	0
00:29:38	57	48	0
00:29:39	60	38	0
00:29:40	41	43	0
00:29:41	66	53	0
00:29:42	54	53	0
00:29:43	54	47	0
00:29:44	69	57	0
00:29:45	43	37	0
00:29:46	38	41	0
00:29:47	27	54	0
00:29:48	30	51	0
00:29:49	54	61	0
00:29:50	67	64	0
00:29:51	64	64	0
00:29:52	64	64	0
00:29:53	35	78	0
00:29:54	27	78	0
00:29:55	35	75	0
00:29:56	20	47	0
00:29:57	23	40	0
00:29:58	21	23	0
00:30:00	11	14	0
00:30:01	23	35	0
00:30:02	34	35	0
00:30:03	53	50	0
00:30:04	48	50	0
00:30:05	53	56	0
00:30:06	57	61	0
00:30:07	54	67	0
00:30:08	66	63	0
00:30:09	41	54	0
00:30:10	23	56	0
00:30:11	24	67	0
00:30:12	13	57	0
00:30:13	40	70	0
00:30:14	40	70	25
00:30:15	38	78	0
00:30:16	53	75	0
00:30:17	53	69	0
00:30:18	41	75	0
00:30:19	50	74	0
00:30:20	51	60	0
00:30:21	51	77	0
00:30:22	63	64	0
00:30:23	57	53	0
00:30:24	51	54	0
00:30:25	57	61	0
00:30:26	43	57	0
00:30:27	54	60	0
00:30:28	57	57	0
00:30:29	48	44	0
00:30:30	51	44	0
00:30:31	29	40	0
00:30:32	29	40	25
00:30:33	29	40	25
00:30:35	23	53	0
00:30:36	27	61	0
00:30:37	40	63	0
00:30:38	57	67	0
00:30:39	60	64	0
00:30:40	60	64	51
00:30:41	67	53	0
00:30:42	54	60	0
00:30:43	40	56	0
00:30:44	44	63	0
00:30:45	48	57	0
00:30:46	61	43	0
00:30:47	61	43	0
00:30:48	56	27	0
00:30:49	43	40	0
00:30:50	37	44	0
00:30:51	35	50	0
00:30:52	38	57	0
00:30:53	43	44	0
00:30:54	34	40	0
00:30:55	35	44	0
00:30:56	37	34	0
00:30:57	53	44	0
00:30:58	54	54	0
00:30:59	61	53	0
00:31:00	50	66	0
00:31:01	29	74	0
00:31:02	47	74	0
00:31:03	43	61	0
00:31:04	41	50	0
00:31:05	26	41	0
00:31:06	26	51	0
00:31:07	40	48	0
00:31:08	51	48	0
00:31:09	53	53	0
00:31:11	48	57	0
00:31:12	54	57	0
00:31:13	54	57	51
00:31:14	61	70	0
00:31:15	56	64	0
00:31:16	64	57	0
00:31:17	54	57	0
00:31:18	44	51	0
00:31:19	61	67	0
00:31:20	63	74	0
00:31:21	64	61	0
00:31:22	64	61	51
00:31:23	48	61	0
00:31:24	30	47	0
00:31:25	21	41	0
00:31:26	20	50	0
00:31:27	34	50	0
00:31:28	38	50	0
00:31:29	43	50	0
00:31:30	37	50	0
00:31:31	29	47	0
00:31:32	41	60	0
00:31:33	41	60	51
00:31:34	41	60	25
00:31:35	41	60	25
00:31:36	47	35	0
00:31:37	37	26	0
00:31:38	51	30	0
00:31:39	44	27	0
00:31:40	48	54	0
00:31:41	61	61	0
00:31:42	51	53	0
00:31:43	43	50	0
00:31:44	35	47	0
00:31:45	20	43	0
00:31:46	23	44	0
00:31:48	23	47	0
00:31:49	17	35	0
00:31:50	43	47	0
00:31:51	48	37	0
00:31:52	54	30	0
00:31:53	69	37	0
00:31:54	66	40	0
00:31:55	69	57	0
00:31:56	75	64	0
00:31:57	74	63	0
00:31:58	57	53	0
00:31:59	40	47	0
00:32:00	35	56	0
00:32:01	23	67	0
00:32:02	29	69	0
00:32:03	38	56	0
00:32:04	35	29	0
00:32:05	40	29	0
00:32:06	30	43	0
00:32:07	29	48	0
00:32:08	48	63	0
00:32:09	53	53	0
00:32:10	74	60	0
00:32:11	67	54	0
00:32:12	67	38	0
00:32:13	67	47	0
00:32:14	56	37	0
00:32:15	60	27	0
00:32:16	50	43	0
00:32:17	50	56	0
00:32:18	44	60	0
00:32:19	48	64	0
00:32:20	47	53	0
00:32:21	56	48	0
00:32:23	61	43	0
00:32:24	75	40	0
00:32:25	75	43	0
00:32:26	60	34	0
00:32:27	70	38	0
00:32:28	43	38	0
00:32:29	53	41	0
00:32:30	48	40	0
00:32:31	24	34	0
00:32:32	41	48	0
00:32:33	35	40	0
00:32:34	24	47	0
00:32:35	21	53	0
00:32:36	24	50	0
00:32:37	51	56	0
00:32:38	56	57	0
00:32:39	56	60	0
00:32:40	37	64	0
00:32:41	24	69	0
00:32:42	27	77	0
00:32:43	20	64	0
00:32:44	21	56	0
00:32:45	21	44	0
00:32:46	26	48	0
00:32:47	43	61	0
00:32:48	44	54	0
00:32:49	50	64	0
00:32:50	44	44	0
00:32:51	44	44	0
00:32:52	48	38	0
00:32:53	48	50	0
00:32:54	48	43	0
00:32:55	63	64	0
00:32:56	56	63	0
00:32:57	57	57	0
00:32:59	54	43	0
00:33:00	38	34	0
00:33:01	40	43	0
00:33:02	43	56	0
00:33:03	43	77	0
00:33:04	50	77	0
00:33:05	50	77	25
00:33:06	43	74	0
00:33:07	40	66	0
00:33:08	53	74	0
00:33:09	56	64	0
00:33:10	50	51	0
00:33:11	69	50	0
00:33:12	63	41	0
00:33:13	69	56	0
00:33:14	57	56	0
00:33:15	56	77	0
00:33:16	54	83	0
00:33:17	44	77	0
00:33:18	41	69	0
00:33:19	29	51	0
00:33:20	20	43	0
00:33:21	29	40	0
00:33:22	37	43	0
00:33:23	38	51	0
00:33:24	48	51	0
00:33:25	43	43	0
00:33:26	56	43	0
00:33:27	56	43	51
00:33:28	64	43	0
00:33:29	61	41	0
00:33:30	66	54	0
00:33:31	56	56	0
00:33:32	51	51	0
00:33:33	38	56	0
00:33:35	34	51	0
00:33:36	43	66	0
00:33:37	37	75	0
00:33:38	43	81	0
00:33:39	20	56	0
00:33:40	21	48	0
00:33:41	24	26	0
00:33:42	41	37	0
00:33:43	44	30	0
00:33:44	37	34	0
00:33:45	30	43	0
00:33:46	30	43	51
00:33:47	27	37	0
00:33:48	21	40	0
00:33:49	37	38	0
00:33:50	44	41	0
00:33:51	44	41	0
00:33:52	51	69	0
00:33:53	44	67	0
00:33:54	38	70	0
00:33:55	48	63	0
00:33:56	57	60	0
00:33:57	60	77	0
00:33:58	53	66	0
00:33:59	41	57	0
00:34:00	50	54	0
00:34:01	38	38	0
00:34:02	54	43	0
00:34:03	64	63	0
00:34:04	53	67	0
00:34:05	60	69	0
00:34:06	44	69	0
00:34:07	27	60	0
00:34:08	35	67	0
00:34:09	23	57	0
00:34:11	20	56	0
00:34:12	21	48	0
00:34:13	40	61	0
00:34:14	57	66	0
00:34:15	69	66	0
00:34:16	61	53	0
00:34:17	66	47	0
00:34:18	50	41	0
00:34:19	40	41	0
00:34:20	43	53	0
00:34:21	26	44	0
00:34:22	37	56	0
00:34:23	29	51	0
00:34:24	29	38	0
00:34:25	34	43	0
00:34:26	29	35	0
00:34:27	26	24	0
00:34:28	26	27	0
00:34:29	40	41	0
00:34:30	44	53	0
00:34:31	54	67	0
00:34:32	67	70	0
00:34:33	47	50	0
00:34:34	44	47	0
00:34:35	48	50	0
00:34:36	53	50	0
00:34:37	63	57	0
00:34:38	67	53	0
00:34:39	70	50	0
00:34:40	53	50	0
00:34:41	53	61	0
00:34:42	51	70	0
00:34:43	50	67	0
00:34:44	51	63	0
00:34:45	41	50	0
00:34:47	43	44	0
00:34:48	48	43	0
00:34:49	56	54	0
00:34:50	63	57	0
00:34:51	64	63	0
00:34:52	57	69	0
00:34:53	53	66	0
00:34:54	53	63	0
00:34:55	50	74	0
00:34:56	60	83	0
00:34:57	56	87	0
00:34:58	57	88	0
00:34:59	56	66	0
00:35:00	70	57	0
00:35:01	69	47	0
00:35:02	67	53	0
00:35:03	64	56	0
00:35:04	34	53	0
00:35:05	24	54	0
00:35:06	10	54	0
00:35:07	1	60	0
00:35:08	38	48	0
00:35:09	54	51	0
00:35:10	60	40	0
00:35:11	41	48	0
00:35:12	21	51	0
00:35:13	29	57	0
00:35:14	26	61	0
00:35:15	21	43	0
00:35:16	17	34	0
00:35:17	14	34	0
00:35:18	13	38	0
00:35:19	17	50	0
00:35:20	27	48	0
00:35:21	34	47	0
00:35:23	44	47	0
00:35:24	48	44	0
00:35:25	54	54	0
00:35:26	40	56	0
00:35:27	26	74	0
00:35:28	26	74	25
00:35:29	27	74	0
00:35:30	10	60	0
00:35:31	4	64	0
00:35:32	1	50	0
00:35:33	1	43	0
00:35:34	7	41	0
00:35:35	24	38	0
00:35:36	51	40	0
00:35:37	50	47	0
00:35:38	69	56	0
00:35:39	51	60	0
00:35:40	13	48	0
00:35:41	29	40	0
00:35:42	21	27	0
00:35:43	56	26	0
00:35:44	53	30	0
00:35:45	47	29	0
00:35:46	40	17	0
00:35:47	40	17	25
00:35:48	40	11	0
00:35:49	48	17	0
00:35:50	66	34	0
00:35:51	87	64	0
00:35:52	97	69	0
00:35:53	91	69	0
00:35:54	75	70	0
00:35:55	57	56	0
00:35:56	53	63	0
00:35:57	47	60	0
00:35:59	47	50	0
00:36:00	48	50	0
00:36:01	44	34	0
00:36:02	43	35	0
