00:00:00	24	21	0
00:00:01	50	43	0
00:00:02	41	38	0
00:00:03	54	48	0
00:00:04	44	50	0
00:00:05	53	53	0
00:00:06	69	74	0
00:00:07	64	83	0
00:00:08	75	78	0
00:00:09	53	60	0
00:00:10	60	44	0
00:00:11	38	8	0
00:00:12	35	21	0
00:00:13	34	23	0
00:00:14	1	21	0
00:00:15	8	51	0
00:00:16	14	41	0
00:00:17	13	56	0
00:00:18	29	57	0
00:00:19	47	56	0
00:00:21	61	84	0
00:00:22	67	69	0
00:00:23	78	66	0
00:00:24	77	67	0
00:00:25	75	70	0
00:00:26	64	80	0
00:00:27	48	70	0
00:00:28	53	80	0
00:00:29	61	63	0
00:00:30	56	53	0
00:00:31	69	70	0
00:00:32	60	41	0
00:00:33	44	56	0
00:00:34	50	64	0
00:00:35	53	57	0
00:00:36	66	75	0
00:00:37	78	66	0
00:00:38	84	77	0
00:00:39	88	90	0
00:00:40	90	88	0
00:00:41	96	88	0
00:00:42	100	83	0
00:00:43	100	100	0
00:00:44	100	100	0
00:00:45	100	100	0
00:00:46	93	100	0
00:00:47	90	96	0
00:00:48	88	88	0
00:00:49	77	90	0
00:00:50	53	60	0
00:00:51	43	63	0
00:00:52	29	53	0
00:00:53	14	41	0
00:00:55	20	43	0
00:00:56	21	27	0
00:00:57	41	23	0
00:00:58	60	38	0
00:00:59	74	53	0
00:01:00	77	69	0
00:01:01	74	74	0
00:01:02	70	75	0
00:01:03	75	75	0
00:01:04	60	57	0
00:01:05	54	53	0
00:01:06	48	30	0
00:01:07	60	38	0
00:01:08	61	56	0
00:01:09	51	51	0
00:01:10	51	63	0
00:01:11	53	51	0
00:01:12	90	61	0
00:01:13	100	63	0
00:01:14	88	63	0
00:01:15	91	64	0
00:01:16	78	67	0
00:01:17	75	64	0
00:01:18	87	74	0
00:01:19	100	60	0
00:01:20	96	60	0
00:01:21	97	69	0
00:01:22	84	66	0
00:01:23	70	67	0
00:01:24	64	51	0
00:01:25	63	48	0
00:01:26	77	48	0
00:01:27	60	37	0
00:01:28	74	53	0
00:01:29	64	51	0
00:01:31	60	61	0
00:01:32	80	78	0
00:01:33	66	90	0
00:01:34	80	93	0
00:01:35	84	94	0
00:01:36	81	90	0
00:01:37	88	81	0
00:01:38	84	90	0
00:01:39	80	84	0
00:01:40	75	94	0
00:01:41	70	91	0
00:01:42	66	84	0
00:01:43	69	81	0
00:01:44	84	88	0
00:01:45	96	80	0
00:01:46	100	80	0
00:01:47	100	60	0
00:01:48	91	50	0
00:01:49	91	54	0
00:01:50	78	51	0
00:01:51	84	74	0
00:01:52	91	88	0
00:01:53	80	94	0
00:01:54	70	84	0
00:01:55	63	80	0
00:01:56	54	67	0
00:01:57	44	63	0
00:01:58	43	54	0
00:01:59	53	47	0
00:02:00	51	35	0
00:02:01	37	26	0
00:02:02	41	38	0
00:02:03	30	37	0
00:02:04	40	53	0
00:02:05	56	64	0
00:02:07	50	56	0
00:02:08	51	53	0
00:02:09	43	48	0
00:02:10	37	44	0
00:02:11	44	57	0
00:02:12	57	56	0
00:02:13	69	60	0
00:02:14	75	40	0
00:02:15	81	60	0
00:02:16	78	53	0
00:02:17	93	75	0
00:02:18	100	64	0
00:02:19	97	47	0
00:02:20	100	50	0
00:02:21	100	51	0
00:02:22	100	64	0
00:02:23	100	83	0
00:02:24	88	84	0
00:02:25	84	87	0
00:02:26	78	75	0
00:02:27	80	66	0
00:02:28	90	74	0
00:02:29	84	66	0
00:02:30	80	54	0
00:02:31	90	48	0
00:02:32	78	44	0
00:02:33	81	30	0
00:02:34	88	54	0
00:02:35	74	63	0
00:02:36	80	60	0
00:02:37	88	63	0
00:02:38	87	57	0
00:02:39	91	54	0
00:02:40	91	56	0
00:02:41	78	66	0
00:02:43	80	69	0
00:02:44	81	78	0
00:02:45	80	77	0
00:02:46	93	87	0
00:02:47	94	84	0
00:02:48	90	88	0
00:02:49	84	91	0
00:02:50	91	83	0
00:02:51	84	80	0
00:02:52	83	75	0
00:02:53	81	75	0
00:02:54	75	84	0
00:02:55	84	81	0
00:02:56	87	93	0
00:02:57	93	84	0
00:02:58	100	67	0
00:02:59	94	57	0
00:03:00	100	54	0
00:03:01	83	53	0
00:03:02	87	61	0
00:03:03	75	87	0
00:03:04	63	91	0
00:03:05	80	81	0
00:03:06	74	83	0
00:03:07	81	66	0
00:03:08	84	56	0
00:03:09	74	80	0
00:03:10	63	75	0
00:03:11	60	81	0
00:03:12	63	81	0
00:03:13	67	78	0
00:03:14	70	77	0
00:03:15	66	75	0
00:03:16	64	48	0
00:03:18	61	51	0
00:03:19	53	41	0
00:03:20	57	40	0
00:03:21	51	53	0
00:03:22	40	30	0
00:03:23	38	37	0
00:03:24	26	34	0
00:03:25	26	47	0
00:03:26	38	53	0
00:03:27	57	51	0
00:03:28	50	38	0
00:03:29	69	30	0
00:03:30	88	38	0
00:03:31	81	51	0
00:03:32	96	70	0
00:03:33	93	63	0
00:03:34	78	77	0
00:03:35	80	64	0
00:03:36	88	61	0
00:03:37	84	77	0
00:03:38	90	70	0
00:03:39	81	90	0
00:03:40	70	97	0
00:03:41	64	94	0
00:03:42	64	81	0
00:03:43	69	84	0
00:03:44	75	83	0
00:03:45	78	84	0
00:03:46	80	87	0
00:03:47	83	81	0
00:03:48	90	75	0
00:03:49	81	78	0
00:03:50	94	63	0
00:03:51	91	53	0
00:03:52	78	44	0
00:03:54	90	34	0
00:03:55	87	50	0
00:03:56	83	48	0
00:03:57	90	51	0
00:03:58	96	48	0
00:03:59	93	47	0
00:04:00	93	30	0
00:04:01	94	24	0
00:04:02	69	14	0
00:04:03	63	26	0
00:04:04	70	40	0
00:04:05	77	40	0
00:04:06	100	50	0
00:04:07	100	27	0
00:04:08	88	50	0
00:04:09	93	61	0
00:04:10	78	69	0
00:04:11	81	77	0
00:04:12	93	60	0
00:04:13	78	60	0
00:04:14	84	57	0
00:04:15	81	66	0
00:04:16	70	87	0
00:04:17	77	84	0
00:04:18	66	67	0
00:04:19	77	57	0
00:04:20	60	57	0
00:04:21	54	70	0
00:04:22	61	66	0
00:04:23	67	53	0
00:04:24	83	56	0
00:04:25	75	41	0
00:04:26	88	47	0
00:04:27	64	51	0
00:04:28	69	48	0
00:04:30	91	48	0
00:04:31	70	51	0
00:04:32	81	61	0
00:04:33	70	51	0
00:04:34	67	47	0
00:04:35	78	53	0
00:04:36	77	53	0
00:04:37	83	67	0
00:04:38	80	74	0
00:04:39	75	78	0
00:04:40	75	67	0
00:04:41	70	61	0
00:04:42	54	84	0
00:04:43	54	67	0
00:04:44	43	88	0
00:04:45	37	100	0
00:04:46	38	80	0
00:04:47	54	81	0
00:04:48	56	70	0
00:04:49	64	87	0
00:04:50	57	88	0
00:04:51	70	78	0
00:04:52	80	78	0
00:04:53	77	78	0
00:04:54	81	74	0
00:04:55	81	80	0
00:04:56	70	78	0
00:04:57	60	48	0
00:04:58	47	43	0
00:04:59	43	35	0
00:05:00	53	29	0
00:05:01	66	56	0
00:05:02	77	63	0
00:05:04	77	75	0
00:05:05	75	70	0
00:05:06	75	67	0
00:05:07	77	69	0
00:05:08	69	63	0
00:05:09	70	63	0
00:05:10	69	69	0
00:05:11	70	75	0
00:05:12	66	69	0
00:05:13	67	78	0
00:05:14	63	69	0
00:05:15	61	69	0
00:05:16	66	56	0
00:05:17	60	57	0
00:05:18	48	53	0
00:05:19	51	51	0
00:05:20	50	40	0
00:05:21	50	51	0
00:05:22	70	56	0
00:05:23	75	77	0
00:05:24	80	70	0
00:05:25	81	70	0
00:05:26	70	69	0
00:05:27	63	67	0
00:05:28	50	69	0
00:05:29	51	57	0
00:05:30	50	51	0
00:05:31	56	40	0
00:05:32	70	38	0
00:05:33	70	47	0
00:05:34	56	57	0
00:05:35	34	54	0
00:05:37	26	66	0
00:05:38	30	70	0
00:05:39	44	74	0
00:05:40	66	100	0
00:05:41	75	100	0
00:05:42	83	94	0
00:05:43	87	94	0
00:05:44	91	81	0
00:05:45	78	94	0
00:05:46	74	83	0
00:05:47	70	70	0
00:05:48	77	75	0
00:05:49	70	70	0
00:05:50	75	81	0
00:05:51	77	84	0
00:05:52	78	81	0
00:05:53	77	81	0
00:05:54	75	69	0
00:05:55	63	70	0
00:05:56	60	61	0
00:05:57	69	48	0
00:05:58	67	48	0
00:05:59	78	51	0
00:06:00	80	50	0
00:06:01	77	57	0
00:06:02	81	64	0
00:06:03	88	69	0
00:06:04	97	64	0
00:06:05	100	64	0
00:06:06	100	61	0
00:06:07	93	67	0
00:06:09	78	74	0
00:06:10	66	69	0
00:06:11	69	53	0
00:06:12	78	40	0
00:06:13	81	43	0
00:06:14	77	78	0
00:06:15	61	88	0
00:06:16	53	74	0
00:06:17	53	77	0
00:06:18	50	63	0
00:06:19	51	53	0
00:06:20	51	60	0
00:06:21	48	44	0
00:06:22	53	44	0
00:06:23	53	26	0
00:06:24	53	34	0
00:06:25	60	43	0
00:06:26	54	56	0
00:06:27	57	64	0
00:06:28	61	70	0
00:06:29	51	48	0
00:06:30	43	37	0
00:06:31	37	43	0
00:06:32	30	20	0
00:06:33	34	44	0
00:06:34	29	51	0
00:06:35	44	56	0
00:06:36	54	67	0
00:06:37	61	60	0
00:06:38	81	67	0
00:06:39	64	70	0
00:06:40	69	70	0
00:06:42	66	77	0
00:06:43	83	69	0
00:06:44	75	67	0
00:06:45	70	63	0
00:06:46	66	63	0
00:06:47	56	56	0
00:06:48	67	63	0
00:06:49	67	61	0
00:06:50	63	61	0
00:06:51	60	67	0
00:06:52	50	70	0
00:06:53	61	67	0
00:06:54	77	75	0
00:06:55	84	80	0
00:06:56	83	78	0
00:06:57	84	81	0
00:06:58	88	80	0
00:06:59	80	78	0
00:07:00	88	77	0
00:07:01	80	77	0
00:07:02	74	81	0
00:07:03	78	90	0
00:07:04	67	83	0
00:07:05	66	80	0
00:07:06	57	80	0
00:07:07	60	61	0
00:07:08	70	60	0
00:07:09	53	47	0
00:07:10	70	37	0
00:07:11	50	30	0
00:07:12	64	50	0
00:07:13	51	50	0
00:07:15	34	56	0
00:07:16	43	69	0
00:07:17	51	66	0
00:07:18	51	63	0
00:07:19	69	61	0
00:07:20	70	63	0
00:07:21	56	53	0
00:07:22	64	51	0
00:07:23	60	63	0
00:07:24	70	63	0
00:07:25	70	87	0
00:07:26	64	93	0
00:07:27	69	75	0
00:07:28	69	77	0
00:07:29	77	70	0
00:07:30	69	64	0
00:07:31	70	67	0
00:07:32	74	70	0
00:07:33	74	69	0
00:07:34	80	64	0
00:07:35	74	64	0
00:07:36	75	53	0
00:07:37	69	66	0
00:07:38	63	70	0
00:07:39	56	88	0
00:07:40	66	66	0
00:07:41	63	78	0
00:07:42	70	74	0
00:07:43	77	81	0
00:07:44	78	93	0
00:07:45	87	97	0
00:07:46	69	96	0
00:07:48	61	69	0
00:07:49	66	61	0
00:07:50	67	50	0
00:07:51	83	60	0
00:07:52	94	80	0
00:07:53	100	77	0
00:07:54	93	80	0
00:07:55	90	54	0
00:07:56	81	44	0
00:07:57	61	57	0
00:07:58	75	64	0
00:07:59	54	69	0
00:08:00	50	69	0
00:08:01	57	60	0
00:08:02	48	53	0
00:08:03	67	70	0
00:08:04	78	77	0
00:08:05	80	83	0
00:08:06	64	60	0
00:08:07	70	56	0
00:08:08	48	53	0
00:08:09	57	78	0
00:08:10	47	77	0
00:08:11	48	67	0
00:08:12	67	75	0
00:08:13	70	75	0
00:08:14	78	69	0
00:08:15	67	80	0
00:08:16	54	77	0
00:08:17	47	80	0
00:08:18	34	87	0
00:08:19	40	88	0
00:08:21	47	81	0
00:08:22	61	78	0
00:08:23	70	69	0
00:08:24	80	63	0
00:08:25	81	75	0
00:08:26	78	80	0
00:08:27	78	84	0
00:08:28	75	81	0
00:08:29	61	83	0
00:08:30	56	81	0
00:08:31	56	80	0
00:08:32	57	83	0
00:08:33	51	75	0
00:08:34	37	70	0
00:08:35	24	63	0
00:08:36	37	57	0
00:08:37	60	66	0
00:08:38	75	77	0
00:08:39	56	77	0
00:08:40	56	77	0
00:08:41	57	66	0
00:08:42	60	54	0
00:08:43	54	44	0
00:08:44	64	51	0
00:08:45	66	47	0
00:08:46	50	41	0
00:08:47	44	48	0
00:08:48	40	50	0
00:08:49	47	41	0
00:08:50	57	54	0
00:08:51	70	56	0
00:08:52	70	60	0
00:08:54	60	64	0
00:08:55	61	60	0
00:08:56	56	60	0
00:08:57	44	44	0
00:08:58	41	38	0
00:08:59	37	37	0
00:09:00	30	34	0
00:09:01	30	34	0
00:09:02	48	54	0
00:09:03	44	63	0
00:09:04	51	66	0
00:09:05	35	69	0
00:09:06	34	54	0
00:09:07	43	30	0
00:09:08	43	30	26
00:09:09	54	40	0
00:09:10	47	43	0
00:09:11	30	44	0
00:09:12	16	43	0
00:09:13	21	37	0
00:09:14	29	38	0
00:09:15	38	44	0
00:09:16	53	54	0
00:09:17	51	44	0
00:09:18	38	44	0
00:09:19	20	40	0
00:09:20	8	41	0
00:09:21	7	41	0
00:09:22	3	29	0
00:09:23	21	35	0
00:09:24	30	30	0
00:09:25	35	41	0
00:09:26	47	51	0
00:09:27	44	41	0
00:09:29	50	48	0
00:09:30	54	37	0
00:09:31	57	34	0
00:09:32	64	41	0
00:09:33	63	40	0
00:09:34	57	50	0
00:09:35	66	57	0
00:09:36	77	57	0
00:09:37	93	54	0
00:09:38	91	48	0
00:09:39	83	38	0
00:09:40	77	37	0
00:09:41	57	35	0
00:09:42	50	43	0
00:09:43	54	48	0
00:09:44	60	53	0
00:09:45	63	63	0
00:09:46	57	57	0
00:09:47	56	64	0
00:09:48	50	54	0
00:09:49	44	50	0
00:09:50	56	50	0
00:09:51	44	54	0
00:09:52	30	51	0
00:09:53	41	51	0
00:09:54	34	44	0
00:09:55	47	41	0
00:09:56	53	54	0
00:09:57	53	41	0
00:09:58	56	47	0
00:09:59	50	43	0
00:10:00	54	43	0
00:10:02	54	56	0
00:10:03	61	53	0
00:10:04	77	51	0
00:10:05	96	44	0
00:10:06	97	43	0
00:10:07	87	35	0
00:10:08	78	44	0
00:10:09	70	44	0
00:10:10	77	47	0
00:10:11	63	66	0
00:10:12	57	70	0
00:10:13	56	48	0
00:10:14	47	40	0
00:10:15	37	27	0
00:10:16	40	4	0
00:10:17	44	21	0
00:10:18	56	23	0
00:10:19	54	38	0
00:10:20	47	56	0
00:10:21	48	61	0
00:10:22	38	67	0
00:10:23	50	64	0
00:10:24	57	61	0
00:10:25	56	64	0
00:10:26	64	64	0
00:10:27	61	60	0
00:10:28	48	53	0
00:10:29	34	48	0
00:10:30	17	43	0
00:10:31	23	43	0
00:10:32	35	57	0
00:10:33	44	50	0
00:10:34	57	53	0
00:10:35	56	60	0
00:10:37	61	53	0
00:10:38	67	56	0
00:10:39	61	50	0
00:10:40	56	53	0
00:10:41	37	56	0
00:10:42	13	50	0
00:10:43	7	43	0
00:10:44	3	50	0
00:10:45	16	40	0
00:10:46	34	43	0
00:10:47	40	47	0
00:10:48	37	43	0
00:10:49	37	57	0
00:10:50	24	54	0
00:10:51	34	63	0
00:10:52	53	64	0
00:10:53	57	57	0
00:10:54	61	67	0
00:10:55	60	63	0
00:10:56	56	61	0
00:10:57	51	57	0
00:10:58	53	51	0
00:10:59	61	51	0
00:11:00	57	41	0
00:11:01	47	50	0
00:11:02	41	60	0
00:11:03	34	61	0
00:11:04	38	69	0
00:11:05	50	61	0
00:11:06	63	54	0
00:11:07	61	53	0
00:11:08	40	44	0
00:11:09	40	48	0
00:11:10	37	48	0
00:11:12	37	44	0
00:11:13	64	53	0
00:11:14	69	47	0
00:11:15	81	50	0
00:11:16	74	44	0
00:11:17	67	51	0
00:11:18	60	48	0
00:11:19	53	47	0
00:11:20	56	60	0
00:11:21	56	53	0
00:11:22	54	54	0
00:11:23	54	47	0
00:11:24	56	47	0
00:11:25	56	53	0
00:11:26	56	57	0
00:11:27	60	63	0
00:11:28	63	63	0
00:11:29	74	56	0
00:11:30	74	51	0
00:11:31	77	53	0
00:11:32	87	56	0
00:11:33	75	67	0
00:11:34	77	75	0
00:11:35	67	64	0
00:11:36	57	61	0
00:11:37	57	48	0
00:11:38	64	50	0
00:11:39	64	50	0
00:11:40	60	51	0
00:11:41	53	41	0
00:11:42	40	53	0
00:11:43	38	57	0
00:11:44	41	60	0
00:11:45	43	70	0
00:11:47	41	66	0
00:11:48	43	56	0
00:11:49	53	56	0
00:11:50	61	57	0
00:11:51	66	60	0
00:11:52	61	61	0
00:11:53	57	61	0
00:11:54	60	63	0
00:11:55	67	61	0
00:11:56	80	51	0
00:11:57	69	51	0
00:11:58	70	56	0
00:11:59	64	57	0
00:12:00	63	67	0
00:12:01	74	69	0
00:12:02	66	69	0
00:12:03	57	69	0
00:12:04	53	61	0
00:12:05	44	61	0
00:12:06	37	61	0
00:12:07	44	61	0
00:12:08	54	57	0
00:12:09	47	44	0
00:12:10	56	44	0
00:12:11	54	47	0
00:12:12	47	48	0
00:12:13	48	44	0
00:12:14	51	44	0
00:12:15	51	43	0
00:12:16	51	43	0
00:12:17	63	66	0
00:12:18	50	63	0
00:12:19	50	63	0
00:12:20	44	63	0
00:12:22	56	48	0
00:12:23	63	51	0
00:12:24	83	44	0
00:12:25	77	44	0
00:12:26	63	47	0
00:12:27	57	48	0
00:12:28	44	51	0
00:12:29	48	57	0
00:12:30	57	56	0
00:12:31	57	57	0
00:12:32	51	53	0
00:12:33	41	53	0
00:12:34	41	61	0
00:12:35	48	64	0
00:12:36	60	70	0
00:12:37	60	66	0
00:12:38	47	43	0
00:12:39	43	47	0
00:12:40	51	43	0
00:12:41	54	51	0
00:12:42	53	51	0
00:12:43	50	47	0
00:12:44	61	41	0
00:12:45	74	47	0
00:12:46	67	37	0
00:12:47	74	43	0
00:12:48	64	50	0
00:12:49	64	51	0
00:12:50	54	41	0
00:12:51	54	34	0
00:12:52	50	20	0
00:12:53	43	23	0
00:12:54	64	43	0
00:12:55	57	47	0
00:12:56	57	60	0
00:12:58	69	53	0
00:12:59	74	53	0
00:13:00	74	53	0
00:13:01	88	57	0
00:13:02	75	60	0
00:13:03	60	66	0
00:13:04	74	64	0
00:13:05	61	61	0
00:13:06	61	67	0
00:13:07	64	66	0
00:13:08	50	64	0
00:13:09	63	53	0
00:13:10	67	38	0
00:13:11	77	47	0
00:13:12	75	57	0
00:13:13	66	63	0
00:13:14	53	60	0
00:13:15	44	47	0
00:13:16	48	35	0
00:13:17	50	38	0
00:13:18	63	41	0
00:13:19	61	54	0
00:13:20	64	63	0
00:13:21	61	48	0
00:13:22	57	51	0
00:13:23	60	53	0
00:13:24	51	47	0
00:13:25	57	54	0
00:13:26	57	51	0
00:13:27	60	53	0
00:13:28	66	60	0
00:13:29	70	56	0
00:13:30	81	54	0
00:13:31	94	47	0
00:13:33	100	43	0
00:13:34	84	57	0
00:13:35	80	67	0
00:13:36	74	70	0
00:13:37	64	57	0
00:13:38	64	53	0
00:13:39	43	66	0
00:13:40	48	75	0
00:13:41	61	63	0
00:13:42	60	54	0
00:13:43	56	47	0
00:13:44	61	53	0
00:13:45	63	54	0
00:13:46	67	54	0
00:13:47	74	56	0
00:13:48	64	57	0
00:13:49	48	69	0
00:13:50	44	69	0
00:13:51	44	69	0
00:13:52	47	63	0
00:13:53	44	48	0
00:13:54	40	44	0
00:13:55	43	53	0
00:13:56	41	56	0
00:13:57	44	66	0
00:13:58	53	63	0
00:13:59	50	44	0
00:14:00	63	40	0
00:14:01	64	38	0
00:14:02	57	43	0
00:14:03	57	41	0
00:14:04	48	43	0
00:14:05	53	43	0
00:14:06	50	40	0
00:14:08	40	35	0
00:14:09	27	14	0
00:14:10	27	13	0
00:14:11	30	3	0
00:14:12	35	7	0
00:14:13	43	20	0
00:14:14	57	17	0
00:14:15	64	38	0
00:14:16	57	21	0
00:14:17	60	23	0
00:14:18	51	40	0
00:14:19	47	41	0
00:14:20	41	54	0
00:14:21	30	56	0
00:14:22	44	53	0
00:14:23	50	48	0
00:14:24	61	47	0
00:14:25	69	41	0
00:14:26	60	27	0
00:14:27	56	21	0
00:14:28	69	24	0
00:14:29	63	21	0
00:14:30	74	26	0
00:14:31	84	35	0
00:14:32	81	41	0
00:14:33	87	54	0
00:14:34	67	47	0
00:14:35	60	47	0
00:14:36	56	44	0
00:14:37	54	34	0
00:14:38	83	53	0
00:14:39	78	60	0
00:14:41	84	64	0
00:14:42	81	60	0
00:14:43	70	60	0
00:14:44	66	57	0
00:14:45	61	53	0
00:14:46	54	48	0
00:14:47	51	53	0
00:14:48	66	40	0
00:14:49	67	44	0
00:14:50	83	54	0
00:14:51	87	50	0
00:14:52	66	51	0
00:14:53	74	57	0
00:14:54	56	51	0
00:14:55	67	48	0
00:14:56	81	60	0
00:14:57	78	57	0
00:14:58	78	60	0
00:14:59	63	63	0
00:15:00	63	61	0
00:15:01	60	60	0
00:15:02	61	48	0
00:15:03	47	43	0
00:15:04	48	29	0
00:15:05	47	30	0
00:15:06	74	30	0
00:15:07	66	47	0
00:15:08	67	40	0
00:15:09	81	34	0
00:15:10	67	56	0
00:15:11	69	48	0
00:15:12	70	47	0
00:15:14	57	54	0
00:15:15	60	50	0
00:15:16	50	34	0
00:15:17	34	23	0
00:15:18	44	17	0
00:15:19	54	13	0
00:15:20	61	24	0
00:15:21	66	40	0
00:15:22	70	44	0
00:15:23	53	53	0
00:15:24	57	70	0
00:15:25	64	63	0
00:15:26	53	69	0
00:15:27	64	67	0
00:15:28	57	56	0
00:15:29	66	60	0
00:15:30	57	57	0
00:15:31	57	40	0
00:15:32	57	41	0
00:15:33	54	53	0
00:15:34	64	53	0
00:15:35	56	64	0
00:15:36	48	61	0
00:15:37	48	63	0
00:15:38	48	63	0
00:15:39	40	66	0
00:15:40	30	63	0
00:15:41	24	47	0
00:15:42	35	48	0
00:15:43	44	44	0
00:15:44	47	50	0
00:15:45	47	60	0
00:15:47	44	53	0
00:15:48	41	57	0
00:15:49	60	41	0
00:15:50	66	38	0
00:15:51	63	34	0
00:15:52	64	27	0
00:15:53	60	41	0
00:15:54	54	53	0
00:15:55	66	51	0
00:15:56	75	61	0
00:15:57	80	57	0
00:15:58	93	48	0
00:15:59	91	57	0
00:16:00	88	63	0
00:16:01	75	57	0
00:16:02	67	53	0
00:16:03	67	47	0
00:16:04	51	24	0
00:16:05	43	29	0
00:16:06	51	30	0
00:16:07	80	40	0
00:16:08	84	54	0
00:16:09	100	51	0
00:16:10	90	48	0
00:16:11	83	51	0
00:16:12	75	38	0
00:16:13	69	51	0
00:16:14	56	54	0
00:16:15	26	47	0
00:16:16	26	47	0
00:16:17	16	29	0
00:16:18	27	35	0
00:16:19	35	48	0
00:16:20	47	38	0
00:16:22	47	47	0
00:16:23	40	30	0
00:16:24	57	27	0
00:16:25	54	47	0
00:16:26	53	41	0
00:16:27	66	53	0
00:16:28	60	50	0
00:16:29	57	27	0
00:16:30	66	37	0
00:16:31	69	37	0
00:16:32	67	35	0
00:16:33	74	48	0
00:16:34	66	41	0
00:16:35	63	37	0
00:16:36	63	47	0
00:16:37	69	44	0
00:16:38	69	44	0
00:16:39	34	29	0
00:16:40	38	26	0
00:16:41	34	17	0
00:16:42	35	27	0
00:16:43	56	34	0
00:16:44	50	35	0
00:16:45	54	41	0
00:16:46	64	43	0
00:16:47	60	44	0
00:16:48	67	37	0
00:16:49	75	41	0
00:16:50	70	48	0
00:16:51	64	50	0
00:16:52	74	50	0
00:16:53	64	48	0
00:16:54	56	29	0
00:16:55	63	30	0
00:16:56	47	41	0
00:16:58	41	24	0
00:16:59	51	43	0
00:17:00	38	40	0
00:17:01	35	16	0
00:17:02	37	35	0
00:17:03	47	27	0
00:17:04	57	41	0
00:17:05	60	50	0
00:17:06	78	43	0
00:17:07	78	30	0
00:17:08	100	34	0
00:17:09	100	44	0
00:17:10	94	57	0
00:17:11	93	60	0
00:17:12	75	57	0
00:17:13	50	47	0
00:17:14	30	29	0
00:17:15	30	20	0
00:17:16	24	16	0
00:17:17	29	35	0
00:17:18	47	44	0
00:17:19	41	51	0
00:17:20	51	67	0
00:17:21	54	60	0
00:17:22	63	53	0
00:17:23	80	44	0
00:17:24	90	37	0
00:17:25	100	35	0
00:17:26	97	37	0
00:17:27	81	41	0
00:17:28	64	40	0
00:17:29	56	43	0
00:17:30	48	50	0
00:17:31	40	41	0
00:17:33	34	29	0
00:17:34	37	27	0
00:17:35	38	26	0
00:17:36	56	38	0
00:17:37	69	61	0
00:17:38	57	47	0
00:17:39	51	43	0
00:17:40	41	29	0
00:17:41	43	35	0
00:17:42	38	40	0
00:17:43	26	41	0
00:17:44	40	48	0
00:17:45	43	48	0
00:17:46	48	41	0
00:17:47	53	40	0
00:17:48	38	37	0
00:17:49	51	29	0
00:17:50	35	40	0
00:17:51	24	29	0
00:17:52	41	34	0
00:17:53	26	34	0
00:17:54	38	23	0
00:17:55	44	38	0
00:17:56	30	26	0
00:17:57	35	47	0
00:17:58	26	44	0
00:17:59	34	43	0
00:18:00	26	54	0
00:18:01	27	43	0
00:18:02	27	43	0
00:18:03	26	40	0
00:18:04	29	50	0
00:18:05	29	48	0
00:18:06	37	53	0
00:18:07	47	48	0
00:18:08	56	30	0
00:18:10	60	20	0
00:18:11	60	17	0
00:18:12	60	24	0
00:18:13	63	35	0
00:18:14	64	40	0
00:18:15	54	37	0
00:18:16	47	24	0
00:18:17	35	7	0
00:18:18	24	1	0
00:18:19	14	1	0
00:18:20	35	10	0
00:18:21	50	17	0
00:18:22	56	40	0
00:18:23	67	48	0
00:18:24	43	43	0
00:18:25	41	47	0
00:18:26	53	43	0
00:18:27	67	41	0
00:18:28	80	41	0
00:18:29	80	35	0
00:18:30	77	37	0
00:18:31	67	41	0
00:18:32	66	56	0
00:18:33	57	48	0
00:18:34	57	54	0
00:18:35	69	50	0
00:18:36	83	40	0
00:18:37	87	53	0
00:18:38	80	47	0
00:18:39	61	51	0
00:18:40	53	50	0
00:18:41	54	48	0
00:18:42	47	48	0
00:18:43	37	51	0
00:18:44	57	51	0
00:18:46	67	51	0
00:18:47	91	47	0
00:18:48	96	38	0
00:18:49	80	30	0
00:18:50	78	34	0
00:18:51	63	21	0
00:18:52	70	23	0
00:18:53	77	27	0
00:18:54	75	27	0
00:18:55	80	27	0
00:18:56	77	34	0
00:18:57	70	27	0
00:18:58	61	34	0
00:18:59	64	51	0
00:19:00	60	56	0
00:19:01	74	63	0
00:19:02	81	53	0
00:19:03	84	51	0
00:19:04	77	41	0
00:19:05	67	41	0
00:19:06	67	53	0
00:19:07	60	44	0
00:19:08	77	56	0
00:19:09	69	43	0
00:19:10	67	53	0
00:19:11	56	47	0
00:19:12	67	44	0
00:19:13	66	50	0
00:19:14	74	44	0
00:19:15	80	44	0
00:19:16	78	56	0
00:19:17	78	56	0
00:19:19	78	61	0
00:19:20	87	67	0
00:19:21	81	64	0
00:19:22	75	57	0
00:19:23	83	47	0
00:19:24	83	41	0
00:19:25	77	47	0
00:19:26	70	37	0
00:19:27	60	44	0
00:19:28	50	51	0
00:19:29	47	47	0
00:19:30	50	60	0
00:19:31	57	60	0
00:19:32	51	51	0
00:19:33	53	57	0
00:19:34	56	48	0
00:19:35	50	40	0
00:19:36	61	50	0
00:19:37	69	35	0
00:19:38	67	38	0
00:19:39	67	43	0
00:19:40	67	43	0
00:19:41	61	53	0
00:19:42	57	41	0
00:19:43	51	41	0
00:19:44	41	38	0
00:19:45	40	51	0
00:19:46	56	60	0
00:19:47	51	67	0
00:19:48	61	74	0
00:19:49	60	54	0
00:19:50	60	51	0
00:19:51	64	48	0
00:19:52	64	50	0
00:19:53	69	64	0
00:19:55	66	66	0
00:19:56	75	63	0
00:19:57	77	61	0
00:19:58	75	51	0
00:19:59	80	43	0
00:20:00	77	44	0
00:20:01	75	47	0
00:20:02	75	44	0
00:20:03	75	61	0
00:20:04	66	66	0
00:20:05	63	67	0
00:20:06	60	78	0
00:20:07	54	75	0
00:20:08	51	66	0
00:20:09	53	66	0
00:20:10	50	57	0
00:20:11	60	54	0
00:20:12	67	54	0
00:20:13	81	60	0
00:20:14	87	63	0
00:20:15	75	61	0
00:20:16	75	50	0
00:20:17	74	47	0
00:20:18	63	47	0
00:20:19	64	56	0
00:20:20	47	69	0
00:20:21	51	70	0
00:20:22	56	64	0
00:20:23	38	43	0
00:20:24	44	51	0
00:20:25	34	50	0
00:20:26	34	56	0
00:20:27	47	69	0
00:20:28	43	51	0
00:20:29	48	50	0
00:20:31	43	48	0
00:20:32	48	40	0
00:20:33	51	40	0
00:20:34	54	34	0
00:20:35	64	26	0
00:20:36	74	29	0
00:20:37	78	43	0
00:20:38	74	48	0
00:20:39	64	66	0
00:20:40	57	78	0
00:20:41	51	69	0
00:20:42	69	48	0
00:20:43	69	47	0
00:20:44	67	41	0
00:20:45	37	37	0
00:20:46	27	13	0
00:20:47	16	7	0
00:20:48	24	11	0
00:20:49	38	17	0
00:20:50	48	29	0
00:20:51	69	40	0
00:20:52	78	43	0
00:20:53	100	51	0
00:20:54	88	66	0
00:20:55	83	74	0
00:20:56	64	63	0
00:20:57	50	63	0
00:20:58	54	54	0
00:20:59	50	43	0
00:21:00	69	48	0
00:21:01	70	35	0
00:21:02	69	34	0
00:21:03	67	35	0
00:21:04	53	37	0
00:21:05	53	51	0
00:21:07	53	53	0
00:21:08	53	43	0
00:21:09	54	47	0
00:21:10	63	43	0
00:21:11	60	61	0
00:21:12	63	57	0
00:21:13	51	51	0
00:21:14	51	51	0
00:21:15	60	54	0
00:21:16	63	60	0
00:21:17	63	60	0
00:21:18	51	78	0
00:21:19	48	54	0
00:21:20	48	47	0
00:21:21	51	43	0
00:21:22	38	21	0
00:21:23	40	27	0
00:21:24	24	35	0
00:21:25	34	38	0
00:21:26	47	51	0
00:21:27	44	54	0
00:21:28	50	57	0
00:21:29	44	47	0
00:21:30	38	43	0
00:21:31	35	37	0
00:21:32	34	41	0
00:21:33	38	48	0
00:21:34	48	48	0
00:21:35	56	60	0
00:21:36	63	51	0
00:21:37	63	51	0
00:21:38	47	67	0
00:21:39	40	78	0
00:21:40	51	78	0
00:21:42	48	88	0
00:21:43	51	57	0
00:21:44	44	60	0
00:21:45	40	50	0
00:21:46	51	43	0
00:21:47	64	56	0
00:21:48	69	53	0
00:21:49	84	57	0
00:21:50	70	57	0
00:21:51	74	53	0
00:21:52	56	60	0
00:21:53	41	61	0
00:21:54	50	57	0
00:21:55	29	57	0
00:21:56	34	54	0
00:21:57	38	54	0
00:21:58	41	54	0
00:21:59	56	53	0
00:22:00	74	47	0
00:22:01	78	34	0
00:22:02	80	40	0
00:22:03	80	40	0
00:22:04	61	48	0
00:22:05	56	67	0
00:22:06	29	53	0
00:22:07	23	53	0
00:22:08	29	48	0
00:22:09	29	38	0
00:22:10	54	51	0
00:22:11	53	48	0
00:22:12	53	51	0
00:22:13	53	40	0
00:22:14	61	41	0
00:22:15	67	35	0
00:22:16	74	47	0
00:22:18	69	61	0
00:22:19	75	57	0
00:22:20	77	56	0
00:22:21	75	60	0
00:22:22	87	44	0
00:22:23	66	38	0
00:22:24	67	47	0
00:22:25	64	43	0
00:22:26	60	50	0
00:22:27	75	57	0
00:22:28	70	57	0
00:22:29	48	53	0
00:22:30	44	50	0
00:22:31	37	43	0
00:22:32	47	29	0
00:22:33	74	38	0
00:22:34	63	29	0
00:22:35	69	30	0
00:22:36	53	44	0
00:22:37	50	40	0
00:22:38	60	44	0
00:22:39	61	38	0
00:22:40	61	29	0
00:22:41	70	24	0
00:22:42	74	30	0
00:22:43	53	23	0
00:22:44	53	37	0
00:22:45	38	43	0
00:22:46	54	66	0
00:22:47	54	66	0
00:22:48	67	66	0
00:22:49	69	69	0
00:22:50	78	64	0
00:22:51	75	66	0
00:22:52	53	43	0
00:22:53	48	48	0
00:22:55	47	53	0
00:22:56	60	50	0
00:22:57	80	67	0
00:22:58	84	48	0
00:22:59	83	41	0
00:23:00	83	40	0
00:23:01	67	50	0
00:23:02	47	50	0
00:23:03	30	48	0
00:23:04	13	53	0
00:23:05	17	48	0
00:23:06	29	63	0
00:23:07	44	75	0
00:23:08	48	67	0
00:23:09	43	54	0
00:23:10	51	54	0
00:23:11	44	54	0
00:23:12	53	54	0
00:23:13	70	66	0
00:23:14	77	57	0
00:23:15	78	57	0
00:23:16	69	66	0
00:23:17	64	83	0
00:23:18	57	81	0
00:23:19	56	77	0
00:23:20	56	78	0
00:23:21	66	64	0
00:23:22	77	70	0
00:23:23	75	67	0
00:23:24	67	70	0
00:23:25	69	75	0
00:23:26	70	66	0
00:23:27	74	78	0
00:23:28	75	75	0
00:23:29	66	67	0
00:23:31	57	67	0
00:23:32	69	63	0
00:23:33	67	66	0
00:23:34	56	67	0
00:23:35	63	69	0
00:23:36	56	64	0
00:23:37	61	63	0
00:23:38	81	60	0
00:23:39	77	53	0
00:23:40	91	50	0
00:23:41	81	48	0
00:23:42	69	60	0
00:23:43	70	67	0
00:23:44	57	66	0
00:23:45	64	70	0
00:23:46	56	57	0
00:23:47	61	48	0
00:23:48	56	38	0
00:23:49	77	43	0
00:23:50	74	43	0
00:23:51	56	37	0
00:23:52	53	51	0
00:23:53	30	30	0
00:23:54	30	35	0
00:23:55	40	43	0
00:23:56	37	30	0
00:23:57	40	67	0
00:23:58	27	61	0
00:23:59	21	48	0
00:24:00	29	50	0
00:24:01	26	16	0
00:24:02	23	16	0
00:24:03	30	24	0
00:24:04	41	20	0
00:24:05	54	35	0
00:24:07	67	41	0
00:24:08	51	34	0
00:24:09	34	43	0
00:24:10	23	34	0
00:24:11	16	29	0
00:24:12	27	30	0
00:24:13	48	29	0
00:24:14	63	34	0
00:24:15	74	34	0
00:24:16	64	44	0
00:24:17	64	37	0
00:24:18	43	56	0
00:24:19	40	57	0
00:24:20	30	67	0
00:24:21	34	53	0
00:24:22	30	60	0
00:24:23	41	53	0
00:24:24	34	54	0
00:24:25	41	64	0
00:24:26	57	70	0
00:24:27	56	70	0
00:24:28	43	43	0
00:24:29	48	27	0
00:24:30	30	24	0
00:24:31	40	17	0
00:24:32	74	35	0
00:24:33	75	43	0
00:24:34	91	44	0
00:24:35	90	48	0
00:24:36	77	34	0
00:24:37	67	27	0
00:24:38	66	23	0
00:24:40	61	10	0
00:24:41	66	30	0
00:24:42	69	27	0
00:24:43	66	30	0
00:24:44	69	40	0
00:24:45	67	26	0
00:24:46	67	26	0
00:24:47	74	38	0
00:24:48	80	43	0
00:24:49	83	34	0
00:24:50	66	41	0
00:24:51	67	43	0
00:24:52	67	43	0
00:24:53	53	67	0
00:24:54	44	47	0
00:24:55	23	47	0
00:24:56	8	51	0
00:24:57	8	30	0
00:24:58	10	50	0
00:24:59	23	51	0
00:25:00	11	50	0
00:25:01	11	57	0
00:25:02	20	43	0
00:25:03	23	35	0
00:25:04	29	41	0
00:25:05	37	51	0
00:25:06	29	57	0
00:25:07	27	50	0
00:25:08	37	30	0
00:25:09	34	30	0
00:25:10	41	29	0
00:25:11	43	41	0
00:25:12	35	48	0
00:25:13	50	51	0
00:25:14	37	51	0
00:25:16	29	56	0
00:25:17	38	54	0
00:25:18	20	44	0
00:25:19	16	27	0
00:25:20	30	27	0
00:25:21	47	29	0
00:25:22	48	27	0
00:25:23	37	29	0
00:25:24	21	30	0
00:25:25	16	34	0
00:25:26	16	34	26
00:25:27	48	47	0
00:25:28	61	47	0
00:25:29	54	51	0
00:25:30	44	37	0
00:25:31	41	29	0
00:25:32	56	27	0
00:25:33	53	10	0
00:25:34	61	23	0
00:25:35	43	29	0
00:25:36	24	40	0
00:25:37	41	41	0
00:25:38	40	43	0
00:25:39	47	35	0
00:25:40	47	30	0
00:25:41	40	43	0
00:25:42	57	35	0
00:25:43	66	27	0
00:25:44	61	10	0
00:25:45	63	4	0
00:25:46	30	1	0
00:25:47	26	4	0
00:25:48	30	24	0
00:25:49	61	35	0
00:25:50	56	26	0
00:25:52	64	11	0
00:25:53	67	16	0
00:25:54	75	20	0
00:25:55	87	10	0
00:25:56	90	35	0
00:25:57	83	30	0
00:25:58	78	37	0
00:25:59	87	56	0
00:26:00	91	35	0
00:26:01	100	34	0
00:26:02	94	30	0
00:26:03	97	26	0
00:26:04	96	40	0
00:26:05	80	43	0
00:26:06	84	47	0
00:26:07	70	44	0
00:26:08	60	35	0
00:26:09	61	34	0
00:26:10	48	20	0
00:26:11	38	29	0
00:26:12	37	27	0
00:26:13	38	24	0
00:26:14	37	37	0
00:26:15	21	20	0
00:26:16	10	8	0
00:26:17	7	14	0
00:26:18	21	8	0
00:26:19	17	14	0
00:26:20	27	38	0
00:26:21	13	47	0
00:26:22	26	47	0
00:26:23	26	44	0
00:26:24	30	40	0
00:26:25	47	27	0
00:26:26	63	38	0
00:26:28	61	23	0
00:26:29	67	20	0
00:26:30	37	11	0
00:26:31	30	8	0
00:26:32	37	14	0
00:26:33	40	21	0
00:26:34	75	38	0
00:26:35	70	47	0
00:26:36	70	47	0
00:26:37	70	44	0
00:26:38	50	37	0
00:26:39	53	26	0
00:26:40	53	35	0
00:26:41	43	34	0
00:26:42	37	35	0
00:26:43	24	29	0
00:26:44	27	23	0
00:26:45	17	17	0
00:26:46	35	29	0
00:26:47	51	41	0
00:26:48	63	51	0
00:26:49	74	56	0
00:26:50	70	53	0
00:26:51	75	34	0
00:26:52	75	37	0
00:26:53	83	34	0
00:26:54	70	44	0
00:26:55	57	60	0
00:26:56	61	64	0
00:26:57	57	57	0
00:26:58	66	56	0
00:26:59	74	53	0
00:27:00	75	48	0
00:27:01	81	53	0
00:27:03	69	43	0
00:27:04	75	41	0
00:27:05	75	40	0
00:27:06	66	50	0
00:27:07	70	60	0
00:27:08	63	66	0
00:27:09	63	66	0
00:27:10	57	51	0
00:27:11	61	53	0
00:27:12	43	40	0
00:27:13	47	41	0
00:27:14	50	38	0
00:27:15	48	21	0
00:27:16	48	21	0
00:27:17	69	29	0
00:27:18	56	34	0
00:27:19	53	53	0
00:27:20	57	44	0
00:27:21	54	51	0
00:27:22	66	66	0
00:27:23	56	56	0
00:27:24	47	51	0
00:27:25	53	30	0
00:27:26	60	26	0
00:27:27	61	34	0
00:27:28	77	37	0
00:27:29	60	56	0
00:27:30	48	50	0
00:27:31	41	53	0
00:27:32	17	40	0
00:27:33	21	17	0
00:27:34	26	21	0
00:27:35	29	20	0
00:27:36	37	41	0
00:27:37	43	60	0
00:27:39	48	57	0
00:27:40	60	60	0
00:27:41	69	43	0
00:27:42	61	30	0
00:27:43	61	23	0
00:27:44	57	10	0
00:27:45	51	16	0
00:27:46	74	23	0
00:27:47	90	34	0
00:27:48	84	38	0
00:27:49	91	29	0
00:27:50	88	23	0
00:27:51	70	23	0
00:27:52	77	29	0
00:27:53	61	29	0
00:27:54	60	34	0
00:27:55	57	34	0
00:27:56	75	27	0
00:27:57	66	47	0
00:27:58	75	34	0
00:27:59	69	30	0
00:28:00	69	40	0
00:28:01	69	30	0
00:28:02	44	43	0
00:28:03	50	30	0
00:28:04	30	47	0
00:28:05	29	57	0
00:28:06	41	57	0
00:28:07	44	81	0
00:28:08	51	74	0
00:28:09	61	47	0
00:28:10	54	27	0
00:28:11	53	23	0
00:28:12	50	11	0
00:28:13	57	14	0
00:28:15	67	30	0
00:28:16	54	16	0
00:28:17	66	27	0
00:28:18	47	43	0
00:28:19	43	43	0
00:28:20	57	47	0
00:28:21	47	41	0
00:28:22	54	27	0
00:28:23	57	23	0
00:28:24	29	3	0
00:28:25	17	14	0
00:28:26	17	14	0
00:28:27	23	17	0
00:28:28	43	37	0
00:28:29	63	41	0
00:28:30	66	50	0
00:28:31	81	67	0
00:28:32	91	66	0
00:28:33	84	54	0
00:28:34	91	56	0
00:28:35	91	34	0
00:28:36	81	26	0
00:28:37	63	37	0
00:28:38	54	20	0
00:28:39	48	37	0
00:28:40	48	53	0
00:28:41	66	50	0
00:28:42	53	67	0
00:28:43	57	64	0
00:28:44	63	63	0
00:28:45	63	69	0
00:28:46	77	51	0
00:28:47	75	54	0
00:28:48	70	50	0
00:28:50	54	50	0
00:28:51	60	57	0
00:28:52	57	53	0
00:28:53	53	44	0
00:28:54	37	34	0
00:28:55	30	30	0
00:28:56	26	30	0
00:28:57	38	26	0
00:28:58	43	40	0
00:28:59	44	47	0
00:29:00	51	48	0
00:29:01	48	53	0
00:29:02	63	43	0
00:29:03	67	48	0
00:29:04	70	51	0
00:29:05	75	50	0
00:29:06	78	53	0
00:29:07	78	63	0
00:29:08	69	60	0
00:29:09	80	53	0
00:29:10	69	61	0
00:29:11	61	47	0
00:29:12	67	41	0
00:29:13	61	48	0
00:29:14	51	35	0
00:29:15	40	20	0
00:29:16	40	30	0
00:29:17	37	38	0
00:29:18	48	43	0
00:29:19	70	74	0
00:29:20	74	54	0
00:29:21	64	50	0
00:29:22	63	38	0
00:29:23	61	34	0
00:29:24	60	37	0
00:29:25	77	43	0
00:29:27	77	37	0
00:29:28	78	37	0
00:29:29	91	38	0
00:29:30	81	34	0
00:29:31	78	30	0
00:29:32	70	48	0
00:29:33	38	40	0
00:29:34	34	41	0
00:29:35	38	41	0
00:29:36	35	35	0
00:29:37	60	43	0
00:29:38	51	43	0
00:29:39	48	48	0
00:29:40	57	48	0
00:29:41	47	54	0
00:29:42	57	44	0
00:29:43	60	40	0
00:29:44	53	41	0
00:29:45	48	34	0
00:29:46	40	41	0
00:29:47	29	43	0
00:29:48	20	34	0
00:29:49	30	43	0
00:29:50	21	44	0
00:29:51	38	43	0
00:29:52	47	41	0
00:29:53	48	35	0
00:29:54	54	38	0
00:29:55	48	26	0
00:29:56	51	26	0
00:29:57	56	13	0
00:29:58	48	34	0
00:29:59	47	35	0
00:30:00	38	41	0
00:30:01	34	37	0
00:30:02	29	34	0
00:30:04	26	30	0
00:30:05	13	38	0
00:30:06	14	20	0
00:30:07	14	10	0
00:30:08	13	20	0
00:30:09	30	27	0
00:30:10	44	43	0
00:30:11	44	53	0
00:30:12	43	61	0
00:30:13	50	64	0
00:30:14	51	77	0
00:30:15	56	80	0
00:30:16	53	80	0
00:30:17	54	69	0
00:30:18	43	74	0
00:30:19	41	69	0
00:30:20	48	74	0
00:30:21	37	78	0
00:30:22	53	74	0
00:30:23	40	74	0
00:30:24	38	66	0
00:30:25	30	69	0
00:30:26	24	63	0
00:30:27	38	53	0
00:30:28	38	38	0
00:30:29	51	44	0
00:30:30	60	57	0
00:30:31	60	61	0
00:30:32	69	63	0
00:30:33	63	63	0
00:30:34	38	61	0
00:30:35	35	63	0
00:30:36	24	54	0
00:30:37	17	53	0
00:30:39	37	51	0
00:30:40	30	47	0
00:30:41	44	56	0
00:30:42	41	63	0
00:30:43	48	67	0
00:30:44	67	70	0
00:30:45	64	70	0
00:30:46	61	74	0
00:30:47	54	77	0
00:30:48	40	83	0
00:30:49	34	83	0
00:30:50	35	75	0
00:30:51	40	67	0
00:30:52	38	54	0
00:30:53	26	50	0
00:30:54	40	50	0
00:30:55	41	53	0
00:30:56	50	61	0
00:30:57	67	60	0
00:30:58	44	60	0
00:30:59	24	48	0
00:31:00	24	35	0
00:31:01	40	35	0
00:31:02	43	37	0
00:31:03	48	41	0
00:31:04	54	60	0
00:31:05	47	66	0
00:31:06	53	56	0
00:31:07	53	64	0
00:31:08	51	57	0
00:31:09	60	63	0
00:31:10	43	75	0
00:31:11	27	64	0
00:31:12	8	61	0
00:31:13	1	53	0
00:31:15	8	50	0
00:31:16	23	56	0
00:31:17	37	66	0
00:31:18	56	66	0
00:31:19	60	63	0
00:31:20	60	57	0
00:31:21	57	47	0
00:31:22	56	54	0
00:31:23	64	51	0
00:31:24	70	56	0
00:31:25	74	74	0
00:31:26	77	64	0
00:31:27	61	67	0
00:31:28	56	75	0
00:31:29	57	77	0
00:31:30	66	80	0
00:31:31	75	69	0
00:31:32	75	64	0
00:31:33	61	67	0
00:31:34	63	75	0
00:31:35	53	67	0
00:31:36	48	60	0
00:31:37	54	60	0
00:31:38	34	47	0
00:31:39	34	61	0
00:31:40	24	66	0
00:31:41	29	56	0
00:31:42	54	57	0
00:31:43	48	50	0
00:31:44	54	53	0
00:31:45	48	57	0
00:31:46	37	77	0
00:31:47	43	77	0
00:31:48	48	75	0
00:31:49	50	75	0
00:31:51	56	66	0
00:31:52	60	60	0
00:31:53	56	56	0
00:31:54	47	56	0
00:31:55	37	60	0
00:31:56	21	74	0
00:31:57	29	75	0
00:31:58	47	75	0
00:31:59	47	63	0
00:32:00	40	54	0
00:32:01	11	56	0
00:32:02	21	53	0
00:32:03	29	51	0
00:32:04	34	57	0
00:32:05	38	61	0
00:32:06	35	67	0
00:32:07	35	61	0
00:32:08	35	54	0
00:32:09	30	51	0
00:32:10	26	35	0
00:32:11	27	38	0
00:32:12	40	41	0
00:32:13	29	37	0
00:32:14	23	48	0
00:32:15	27	51	0
00:32:16	11	48	0
00:32:17	29	44	0
00:32:18	34	38	0
00:32:19	17	40	0
00:32:20	27	43	0
00:32:21	11	43	0
00:32:22	17	40	0
00:32:23	24	47	0
00:32:24	21	44	0
00:32:26	34	48	0
00:32:27	14	56	0
00:32:28	14	57	0
00:32:29	21	57	0
00:32:30	11	51	0
00:32:31	38	54	0
00:32:32	50	51	0
00:32:33	56	56	0
00:32:34	51	54	0
00:32:35	44	50	0
00:32:36	48	47	0
00:32:37	40	57	0
00:32:38	34	74	0
00:32:39	16	69	0
00:32:40	14	81	0
00:32:41	23	78	0
00:32:42	34	67	0
00:32:43	43	67	0
00:32:44	51	69	0
00:32:45	47	63	0
00:32:46	44	53	0
00:32:47	57	63	0
00:32:48	53	56	0
00:32:49	66	56	0
00:32:50	56	69	0
00:32:51	54	63	0
00:32:52	48	66	0
00:32:53	37	67	0
00:32:54	48	51	0
00:32:55	37	51	0
00:32:56	50	44	0
00:32:57	61	47	0
00:32:58	56	54	0
00:32:59	67	63	0
00:33:00	53	60	0
00:33:02	29	66	0
00:33:03	37	69	0
00:33:04	48	83	0
00:33:05	51	66	0
00:33:06	51	63	0
00:33:07	48	61	0
00:33:08	41	51	0
00:33:09	57	54	0
00:33:10	57	51	0
00:33:11	63	60	0
00:33:12	70	61	0
00:33:13	63	64	0
00:33:14	70	66	0
00:33:15	70	66	0
00:33:16	69	75	0
00:33:17	74	69	0
00:33:18	53	69	0
00:33:19	54	69	0
00:33:20	50	70	0
00:33:21	43	74	0
00:33:22	43	74	25
00:33:23	40	61	0
00:33:24	29	63	0
00:33:25	17	44	0
00:33:26	24	48	0
00:33:27	34	61	0
00:33:28	38	54	0
00:33:29	54	54	0
00:33:30	48	60	0
00:33:31	44	56	0
00:33:32	48	64	0
00:33:33	34	66	0
00:33:34	43	53	0
00:33:35	35	43	0
00:33:36	43	47	0
00:33:38	44	54	0
00:33:39	44	56	0
00:33:40	50	61	0
00:33:41	47	67	0
00:33:42	27	63	0
00:33:43	21	56	0
00:33:44	20	53	0
00:33:45	24	54	0
00:33:46	24	54	51
00:33:47	27	48	0
00:33:48	35	51	0
00:33:49	34	53	0
00:33:50	40	48	0
00:33:51	40	48	25
00:33:52	40	48	51
00:33:53	43	57	0
00:33:54	60	57	0
00:33:55	60	57	25
00:33:56	60	56	0
00:33:57	50	61	0
00:33:58	44	50	0
00:33:59	44	50	51
00:34:00	21	41	0
00:34:01	21	41	51
00:34:02	17	47	0
00:34:03	17	47	51
00:34:04	17	47	51
00:34:05	17	34	0
00:34:06	17	34	25
00:34:07	17	34	25
00:34:08	17	34	25
00:34:09	17	34	25
00:34:10	17	34	25
00:34:11	51	40	0
00:34:12	63	54	0
00:34:14	67	51	0
00:34:15	67	51	25
00:34:16	67	51	51
00:34:17	67	51	25
00:34:18	78	66	0
00:34:19	60	70	0
00:34:20	60	70	51
00:34:21	60	70	25
00:34:22	60	70	25
00:34:23	60	70	25
00:34:24	70	64	0
00:34:25	74	70	0
00:34:26	60	67	0
00:34:27	57	67	0
00:34:28	57	67	51
00:34:29	57	67	25
00:34:30	23	60	0
00:34:31	21	48	0
00:34:32	37	50	0
00:34:33	56	38	0
00:34:34	74	47	0
00:34:35	63	50	0
00:34:36	51	56	0
00:34:37	51	54	0
00:34:38	70	60	0
00:34:39	64	56	0
00:34:40	38	60	0
00:34:41	34	64	0
00:34:42	34	64	25
00:34:43	4	61	0
00:34:44	17	60	0
00:34:45	37	60	0
00:34:46	44	60	0
00:34:47	44	60	25
00:34:49	53	67	0
00:34:50	53	77	0
00:34:51	57	90	0
00:34:52	74	87	0
00:34:53	66	67	0
00:34:54	60	67	0
00:34:55	61	48	0
00:34:56	47	48	0
00:34:57	63	60	0
00:34:58	63	60	25
00:34:59	63	60	51
00:35:00	63	60	51
00:35:01	63	60	26
00:35:02	77	44	0
00:35:03	67	56	0
00:35:04	67	56	51
00:35:05	56	60	51
00:35:06	40	51	0
00:35:07	40	51	25
00:35:08	29	70	0
00:35:09	29	70	25
00:35:10	29	70	0
00:35:11	29	70	25
00:35:12	37	74	0
00:35:13	44	87	0
00:35:14	53	78	0
00:35:15	53	78	51
00:35:16	53	78	25
00:35:17	53	78	25
00:35:18	53	78	25
00:35:19	57	81	0
00:35:20	57	81	51
00:35:21	57	81	25
00:35:22	57	81	0
00:35:23	50	75	0
00:35:25	50	75	51
00:35:26	50	75	51
00:35:27	38	56	0
00:35:28	38	56	25
00:35:29	38	56	25
00:35:30	38	56	25
00:35:31	27	53	0
00:35:32	27	53	25
00:35:33	13	47	0
00:35:34	13	47	0
00:35:35	43	63	0
00:35:36	63	64	0
00:35:37	54	57	0
00:35:38	50	64	0
00:35:39	40	47	0
00:35:40	41	53	0
00:35:41	38	60	0
00:35:42	30	54	0
00:35:43	50	63	0
00:35:44	60	60	0
00:35:45	63	61	0
00:35:46	54	60	0
00:35:47	64	67	0
00:35:48	51	78	0
00:35:49	51	57	0
00:35:50	66	69	0
00:35:51	51	69	0
00:35:52	38	50	0
00:35:53	48	63	0
00:35:54	34	54	0
00:35:55	34	54	25
00:35:56	34	54	25
00:35:57	34	54	25
00:35:58	38	56	0
00:35:59	57	75	0
00:36:01	50	69	0
00:36:02	63	78	0
00:36:03	66	88	0
00:36:04	61	90	0
00:36:05	61	87	0
