00:00:00	48	54	0
00:00:00	48	54	0
00:00:01	61	61	0
00:00:01	61	61	0
00:00:02	66	63	0
00:00:02	66	63	0
00:00:03	81	77	0
00:00:03	81	77	0
00:00:04	70	81	0
00:00:04	70	81	0
00:00:05	69	67	0
00:00:05	69	67	0
00:00:06	61	64	0
00:00:06	61	64	0
00:00:07	83	44	0
00:00:07	83	44	0
00:00:09	97	34	0
00:00:09	97	34	0
00:00:10	90	56	0
00:00:10	90	56	0
00:00:11	93	61	0
00:00:11	93	61	0
00:00:12	81	77	0
00:00:12	81	77	0
00:00:13	69	69	0
00:00:13	69	69	0
00:00:14	77	63	0
00:00:14	77	63	0
00:00:15	81	60	0
00:00:15	81	60	0
00:00:16	83	64	0
00:00:16	83	64	0
00:00:17	80	83	0
00:00:17	80	83	0
00:00:18	61	78	0
00:00:18	61	78	0
00:00:19	56	70	0
00:00:19	56	70	0
00:00:20	44	81	0
00:00:20	44	81	0
00:00:21	51	87	0
00:00:21	51	87	0
00:00:22	61	81	0
00:00:22	61	81	0
00:00:23	61	87	0
00:00:23	61	87	0
00:00:24	66	54	0
00:00:24	66	54	0
00:00:25	60	38	0
00:00:25	60	38	0
00:00:26	61	23	0
00:00:26	61	23	0
00:00:27	56	21	0
00:00:27	56	21	0
00:00:28	54	34	0
00:00:28	54	34	0
00:00:29	56	27	0
00:00:29	56	27	0
00:00:30	67	44	0
00:00:30	67	44	0
00:00:31	70	48	0
00:00:31	70	48	0
00:00:32	78	53	0
00:00:32	78	53	0
00:00:33	78	60	0
00:00:33	78	60	0
00:00:34	88	48	0
00:00:34	88	48	0
00:00:35	84	50	0
00:00:35	84	50	0
00:00:36	90	51	0
00:00:36	90	51	0
00:00:37	57	38	0
00:00:37	57	38	0
00:00:38	47	43	0
00:00:38	47	43	0
00:00:39	38	23	0
00:00:39	38	23	0
00:00:40	40	27	0
00:00:40	40	27	0
00:00:41	64	37	0
00:00:41	64	37	0
00:00:43	70	35	0
00:00:43	70	35	0
00:00:44	93	38	0
00:00:44	93	38	0
00:00:45	100	40	0
00:00:45	100	40	0
00:00:46	97	38	0
00:00:46	97	38	0
00:00:47	100	38	0
00:00:47	100	38	0
00:00:48	96	44	0
00:00:48	96	44	0
00:00:49	78	40	0
00:00:49	78	40	0
00:00:50	69	40	0
00:00:50	69	40	0
00:00:51	61	41	0
00:00:51	61	41	0
00:00:52	53	47	0
00:00:52	53	47	0
00:00:53	69	47	0
00:00:53	69	47	0
00:00:54	80	57	0
00:00:54	80	57	0
00:00:55	87	63	0
00:00:55	87	63	0
00:00:56	88	74	0
00:00:56	88	74	0
00:00:57	83	69	0
00:00:57	83	69	0
00:00:58	80	61	0
00:00:58	80	61	0
00:00:59	75	56	0
00:00:59	75	56	0
00:01:00	78	53	0
00:01:00	78	53	0
00:01:01	75	63	0
00:01:01	75	63	0
00:01:02	67	56	0
00:01:02	67	56	0
00:01:03	57	50	0
00:01:03	57	50	0
00:01:04	48	27	0
00:01:04	48	27	0
00:01:05	50	44	0
00:01:05	50	44	0
00:01:06	56	57	0
00:01:06	56	57	0
00:01:07	50	61	0
00:01:07	50	61	0
00:01:08	66	41	0
00:01:08	66	41	0
00:01:09	54	20	0
00:01:09	54	20	0
00:01:10	66	17	0
00:01:10	66	17	0
00:01:11	75	21	0
00:01:11	75	21	0
00:01:12	64	51	0
00:01:12	64	51	0
00:01:13	63	54	0
00:01:13	63	54	0
00:01:15	57	60	0
00:01:15	57	60	0
00:01:16	63	64	0
00:01:16	63	64	0
00:01:17	64	60	0
00:01:17	64	60	0
00:01:18	74	77	0
00:01:18	74	77	0
00:01:19	56	63	0
00:01:19	56	63	0
00:01:20	63	54	0
00:01:20	63	54	0
00:01:21	63	47	0
00:01:21	63	47	0
00:01:22	70	38	0
00:01:22	70	38	0
00:01:23	78	40	0
00:01:23	78	40	0
00:01:24	77	40	0
00:01:24	77	40	0
00:01:25	77	47	0
00:01:25	77	47	0
00:01:26	69	48	0
00:01:26	69	48	0
00:01:27	66	41	0
00:01:27	66	41	0
00:01:28	53	34	0
00:01:28	53	34	0
00:01:29	60	27	0
00:01:29	60	27	0
00:01:30	63	17	0
00:01:30	63	17	0
00:01:31	74	38	0
00:01:31	74	38	0
00:01:32	64	43	0
00:01:32	64	43	0
00:01:33	61	51	0
00:01:33	61	51	0
00:01:34	69	56	0
00:01:34	69	56	0
00:01:35	60	50	0
00:01:35	60	50	0
00:01:36	54	37	0
00:01:36	54	37	0
00:01:37	56	35	0
00:01:37	56	35	0
00:01:38	53	37	0
00:01:38	53	37	0
00:01:39	66	43	0
00:01:39	66	43	0
00:01:40	67	53	0
00:01:40	67	53	0
00:01:41	69	57	0
00:01:41	69	57	0
00:01:42	60	47	0
00:01:42	60	47	0
00:01:43	60	47	26
00:01:43	60	47	26
00:01:44	48	40	0
00:01:44	48	40	0
00:01:45	48	35	0
00:01:45	48	35	0
00:01:47	53	27	0
00:01:47	53	27	0
00:01:48	66	38	0
00:01:48	66	38	0
00:01:49	87	43	0
00:01:49	87	43	0
00:01:50	91	56	0
00:01:50	91	56	0
00:01:51	87	67	0
00:01:51	87	67	0
00:01:52	77	70	0
00:01:52	77	70	0
00:01:53	60	77	0
00:01:53	60	77	0
00:01:54	51	74	0
00:01:54	51	74	0
00:01:55	51	61	0
00:01:55	51	61	0
00:01:56	60	41	0
00:01:56	60	41	0
00:01:57	64	29	0
00:01:57	64	29	0
00:01:58	84	21	0
00:01:58	84	21	0
00:01:59	100	38	0
00:01:59	100	38	0
00:02:00	100	53	0
00:02:00	100	53	0
00:02:01	100	61	0
00:02:01	100	61	0
00:02:02	100	57	0
00:02:02	100	57	0
00:02:03	91	66	0
00:02:03	91	66	0
00:02:04	90	56	0
00:02:04	90	56	0
00:02:05	83	53	0
00:02:05	83	53	0
00:02:06	61	47	0
00:02:06	61	47	0
00:02:07	56	50	0
00:02:07	56	50	0
00:02:08	63	53	0
00:02:08	63	53	0
00:02:09	75	37	0
00:02:09	75	37	0
00:02:10	90	48	0
00:02:10	90	48	0
00:02:11	93	37	0
00:02:11	93	37	0
00:02:12	88	34	0
00:02:12	88	34	0
00:02:13	77	50	0
00:02:13	77	50	0
00:02:14	83	54	0
00:02:14	83	54	0
00:02:15	94	67	0
00:02:15	94	67	0
00:02:16	100	66	0
00:02:16	100	66	0
00:02:17	100	66	0
00:02:17	100	66	0
00:02:19	100	50	0
00:02:19	100	50	0
00:02:20	100	48	0
00:02:20	100	48	0
00:02:21	93	53	0
00:02:21	93	53	0
00:02:22	96	53	0
00:02:22	96	53	0
00:02:23	81	50	0
00:02:23	81	50	0
00:02:24	80	53	0
00:02:24	80	53	0
00:02:25	70	51	0
00:02:25	70	51	0
00:02:26	75	48	0
00:02:26	75	48	0
00:02:27	66	63	0
00:02:27	66	63	0
00:02:28	64	69	0
00:02:28	64	69	0
00:02:29	66	66	0
00:02:29	66	66	0
00:02:30	69	63	0
00:02:30	69	63	0
00:02:31	77	56	0
00:02:31	77	56	0
00:02:32	88	38	0
00:02:32	88	38	0
00:02:33	81	47	0
00:02:33	81	47	0
00:02:34	96	40	0
00:02:34	96	40	0
00:02:35	91	48	0
00:02:35	91	48	0
00:02:36	90	61	0
00:02:36	90	61	0
00:02:37	100	51	0
00:02:37	100	51	0
00:02:38	94	57	0
00:02:38	94	57	0
00:02:39	93	56	0
00:02:39	93	56	0
00:02:40	83	61	0
00:02:40	83	61	0
00:02:41	64	64	0
00:02:41	64	64	0
00:02:42	43	56	0
00:02:42	43	56	0
00:02:43	48	41	0
00:02:43	48	41	0
00:02:44	48	34	0
00:02:44	48	34	0
00:02:45	57	35	0
00:02:45	57	35	0
00:02:46	69	48	0
00:02:46	69	48	0
00:02:47	47	57	0
00:02:47	47	57	0
00:02:48	41	51	0
00:02:48	41	51	0
00:02:49	43	60	0
00:02:49	43	60	0
00:02:50	48	44	0
00:02:50	48	44	0
00:02:52	66	38	0
00:02:52	66	38	0
00:02:53	87	44	0
00:02:53	87	44	0
00:02:54	93	37	0
00:02:54	93	37	0
00:02:55	100	41	0
00:02:55	100	41	0
00:02:56	88	40	0
00:02:56	88	40	0
00:02:57	77	44	0
00:02:57	77	44	0
00:02:58	69	44	0
00:02:58	69	44	0
00:02:59	57	41	0
00:02:59	57	41	0
00:03:00	70	53	0
00:03:00	70	53	0
00:03:01	66	43	0
00:03:01	66	43	0
00:03:02	66	47	0
00:03:02	66	47	0
00:03:03	77	38	0
00:03:03	77	38	0
00:03:04	70	21	0
00:03:04	70	21	0
00:03:05	93	27	0
00:03:05	93	27	0
00:03:06	97	27	0
00:03:06	97	27	0
00:03:07	93	26	0
00:03:07	93	26	0
00:03:08	100	43	0
00:03:08	100	43	0
00:03:09	91	44	0
00:03:09	91	44	0
00:03:10	81	48	0
00:03:10	81	48	0
00:03:11	84	48	0
00:03:11	84	48	0
00:03:12	81	53	0
00:03:12	81	53	0
00:03:13	80	47	0
00:03:13	80	47	0
00:03:14	78	30	0
00:03:14	78	30	0
00:03:15	66	38	0
00:03:15	66	38	0
00:03:16	67	29	0
00:03:16	67	29	0
00:03:17	81	35	0
00:03:17	81	35	0
00:03:18	78	35	0
00:03:18	78	35	0
00:03:19	70	37	0
00:03:19	70	37	0
00:03:20	56	35	0
00:03:20	56	35	0
00:03:21	41	30	0
00:03:21	41	30	0
00:03:22	51	41	0
00:03:22	51	41	0
00:03:23	63	47	0
00:03:23	63	47	0
00:03:24	74	60	0
00:03:24	74	60	0
00:03:26	67	56	0
00:03:26	67	56	0
00:03:27	77	48	0
00:03:27	77	48	0
00:03:28	74	38	0
00:03:28	74	38	0
00:03:29	80	41	0
00:03:29	80	41	0
00:03:30	80	37	0
00:03:30	80	37	0
00:03:31	74	44	0
00:03:31	74	44	0
00:03:32	61	43	0
00:03:32	61	43	0
00:03:33	57	40	0
00:03:33	57	40	0
00:03:34	61	47	0
00:03:34	61	47	0
00:03:35	51	51	0
00:03:35	51	51	0
00:03:36	77	53	0
00:03:36	77	53	0
00:03:37	94	57	0
00:03:37	94	57	0
00:03:38	97	56	0
00:03:38	97	56	0
00:03:39	100	44	0
00:03:39	100	44	0
00:03:40	100	40	0
00:03:40	100	40	0
00:03:41	75	35	0
00:03:41	75	35	0
00:03:42	60	37	0
00:03:42	60	37	0
00:03:43	43	37	0
00:03:43	43	37	0
00:03:44	30	34	0
00:03:44	30	34	0
00:03:45	40	43	0
00:03:45	40	43	0
00:03:46	53	41	0
00:03:46	53	41	0
00:03:47	54	44	0
00:03:47	54	44	0
00:03:48	74	56	0
00:03:48	74	56	0
00:03:49	75	57	0
00:03:49	75	57	0
00:03:50	64	53	0
00:03:50	64	53	0
00:03:51	66	63	0
00:03:51	66	63	0
00:03:52	51	48	0
00:03:52	51	48	0
00:03:53	63	48	0
00:03:53	63	48	0
00:03:54	66	26	0
00:03:54	66	26	0
00:03:55	77	43	0
00:03:55	77	43	0
00:03:56	64	44	0
00:03:56	64	44	0
00:03:57	61	61	0
00:03:57	61	61	0
00:03:59	41	56	0
00:03:59	41	56	0
00:04:00	47	35	0
00:04:00	47	35	0
00:04:01	66	30	0
00:04:01	66	30	0
00:04:02	90	37	0
00:04:02	90	37	0
00:04:03	100	40	0
00:04:03	100	40	0
00:04:04	100	56	0
00:04:04	100	56	0
00:04:05	100	53	0
00:04:05	100	53	0
00:04:06	100	53	0
00:04:06	100	53	0
00:04:07	83	43	0
00:04:07	83	43	0
00:04:08	78	47	0
00:04:08	78	47	0
00:04:09	64	44	0
00:04:09	64	44	0
00:04:10	77	44	0
00:04:10	77	44	0
00:04:11	84	56	0
00:04:11	84	56	0
00:04:12	93	48	0
00:04:12	93	48	0
00:04:13	100	48	0
00:04:13	100	48	0
00:04:14	88	50	0
00:04:14	88	50	0
00:04:15	78	48	0
00:04:15	78	48	0
00:04:16	66	51	0
00:04:16	66	51	0
00:04:17	48	50	0
00:04:17	48	50	0
00:04:18	56	47	0
00:04:18	56	47	0
00:04:19	64	44	0
00:04:19	64	44	0
00:04:20	74	38	0
00:04:20	74	38	0
00:04:21	66	24	0
00:04:21	66	24	0
00:04:22	48	27	0
00:04:22	48	27	0
00:04:23	38	26	0
00:04:23	38	26	0
00:04:24	40	30	0
00:04:24	40	30	0
00:04:25	40	30	0
00:04:25	40	30	0
00:04:26	38	23	0
00:04:26	38	23	0
00:04:27	34	24	0
00:04:27	34	24	0
00:04:28	41	30	0
00:04:28	41	30	0
00:04:29	43	29	0
00:04:29	43	29	0
00:04:30	44	34	0
00:04:30	44	34	0
00:04:32	40	29	0
00:04:32	40	29	0
00:04:33	35	27	0
00:04:33	35	27	0
00:04:34	35	40	0
00:04:34	35	40	0
00:04:35	38	41	0
00:04:35	38	41	0
00:04:36	40	47	0
00:04:36	40	47	0
00:04:37	47	64	0
00:04:37	47	64	0
00:04:38	47	64	26
00:04:38	47	64	26
00:04:39	41	53	0
00:04:39	41	53	0
00:04:40	51	57	0
00:04:40	51	57	0
00:04:41	44	48	0
00:04:41	44	48	0
00:04:42	38	37	0
00:04:42	38	37	0
00:04:43	44	43	0
00:04:43	44	43	0
00:04:44	47	27	0
00:04:44	47	27	0
00:04:45	57	41	0
00:04:45	57	41	0
00:04:46	57	41	0
00:04:46	57	41	0
00:04:47	70	34	0
00:04:47	70	34	0
00:04:48	67	54	0
00:04:48	67	54	0
00:04:49	70	43	0
00:04:49	70	43	0
00:04:50	75	47	0
00:04:50	75	47	0
00:04:51	66	50	0
00:04:51	66	50	0
00:04:52	74	56	0
00:04:52	74	56	0
00:04:53	63	50	0
00:04:53	63	50	0
00:04:54	67	47	0
00:04:54	67	47	0
00:04:55	64	43	0
00:04:55	64	43	0
00:04:56	56	30	0
00:04:56	56	30	0
00:04:57	63	34	0
00:04:57	63	34	0
00:04:58	67	29	0
00:04:58	67	29	0
00:04:59	69	27	0
00:04:59	69	27	0
00:05:00	63	23	0
00:05:00	63	23	0
00:05:01	56	26	0
00:05:01	56	26	0
00:05:02	60	34	0
00:05:02	60	34	0
00:05:03	69	35	0
00:05:03	69	35	0
00:05:04	80	47	0
00:05:04	80	47	0
00:05:06	87	40	0
00:05:06	87	40	0
00:05:07	83	51	0
00:05:07	83	51	0
00:05:08	75	54	0
00:05:08	75	54	0
00:05:09	67	61	0
00:05:09	67	61	0
00:05:10	77	69	0
00:05:10	77	69	0
00:05:11	69	57	0
00:05:11	69	57	0
00:05:12	74	61	0
00:05:12	74	61	0
00:05:13	90	53	0
00:05:13	90	53	0
00:05:14	77	44	0
00:05:14	77	44	0
00:05:15	84	44	0
00:05:15	84	44	0
00:05:16	84	40	0
00:05:16	84	40	0
00:05:17	83	41	0
00:05:17	83	41	0
00:05:18	84	50	0
00:05:18	84	50	0
00:05:19	77	56	0
00:05:19	77	56	0
00:05:20	77	50	0
00:05:20	77	50	0
00:05:21	69	41	0
00:05:21	69	41	0
00:05:22	66	50	0
00:05:22	66	50	0
00:05:23	69	54	0
00:05:23	69	54	0
00:05:24	61	54	0
00:05:24	61	54	0
00:05:25	50	60	0
00:05:25	50	60	0
00:05:26	51	48	0
00:05:26	51	48	0
00:05:27	61	29	0
00:05:27	61	29	0
00:05:28	67	21	0
00:05:28	67	21	0
00:05:29	78	27	0
00:05:29	78	27	0
00:05:30	69	29	0
00:05:30	69	29	0
00:05:31	48	30	0
00:05:31	48	30	0
00:05:32	48	38	0
00:05:32	48	38	0
00:05:33	38	27	0
00:05:33	38	27	0
00:05:34	53	27	0
00:05:34	53	27	0
00:05:35	56	47	0
00:05:35	56	47	0
00:05:36	53	40	0
00:05:36	53	40	0
00:05:37	48	43	0
00:05:37	48	43	0
00:05:38	37	27	0
00:05:38	37	27	0
00:05:40	30	16	0
00:05:40	30	16	0
00:05:41	37	16	0
00:05:41	37	16	0
00:05:42	44	23	0
00:05:42	44	23	0
00:05:43	35	29	0
00:05:43	35	29	0
00:05:44	34	47	0
00:05:44	34	47	0
00:05:45	14	50	0
00:05:45	14	50	0
00:05:46	14	50	0
00:05:46	14	50	0
00:05:47	35	43	0
00:05:47	35	43	0
00:05:48	43	38	0
00:05:48	43	38	0
00:05:49	77	37	0
00:05:49	77	37	0
00:05:50	84	41	0
00:05:50	84	41	0
00:05:51	70	27	0
00:05:51	70	27	0
00:05:52	48	29	0
00:05:52	48	29	0
00:05:53	48	29	26
00:05:53	48	29	26
00:05:54	43	37	0
00:05:54	43	37	0
00:05:55	63	48	0
00:05:55	63	48	0
00:05:56	61	37	0
00:05:56	61	37	0
00:05:57	51	34	0
00:05:57	51	34	0
00:05:58	53	26	0
00:05:58	53	26	0
00:05:59	24	30	0
00:05:59	24	30	0
00:06:00	27	38	0
00:06:00	27	38	0
00:06:01	41	37	0
00:06:01	41	37	0
00:06:02	35	38	0
00:06:02	35	38	0
00:06:03	53	40	0
00:06:03	53	40	0
00:06:04	53	38	0
00:06:04	53	38	0
00:06:05	53	38	0
00:06:05	53	38	0
00:06:06	57	53	0
00:06:06	57	53	0
00:06:07	54	56	0
00:06:07	54	56	0
00:06:08	56	63	0
00:06:08	56	63	0
00:06:09	53	63	0
00:06:09	53	63	0
00:06:10	51	64	0
00:06:10	51	64	0
00:06:11	44	48	0
00:06:11	44	48	0
00:06:12	44	51	0
00:06:12	44	51	0
00:06:14	44	54	0
00:06:14	44	54	0
00:06:15	47	48	0
00:06:15	47	48	0
00:06:16	50	53	0
00:06:16	50	53	0
00:06:17	44	50	0
00:06:17	44	50	0
00:06:18	51	61	0
00:06:18	51	61	0
00:06:19	51	70	0
00:06:19	51	70	0
00:06:20	40	54	0
00:06:20	40	54	0
00:06:21	41	56	26
00:06:21	41	56	26
00:06:22	43	37	0
00:06:22	43	37	0
00:06:23	34	24	0
00:06:23	34	24	0
00:06:24	37	34	0
00:06:24	37	34	0
00:06:25	30	40	0
00:06:25	30	40	0
00:06:26	29	57	0
00:06:26	29	57	0
00:06:27	29	69	0
00:06:27	29	69	0
00:06:28	35	70	0
00:06:28	35	70	0
00:06:29	43	61	0
00:06:29	43	61	0
00:06:30	34	34	0
00:06:30	34	34	0
00:06:31	37	10	0
00:06:31	37	10	0
00:06:32	37	7	0
00:06:32	37	7	0
00:06:33	44	11	0
00:06:33	44	11	0
00:06:34	43	34	0
00:06:34	43	34	0
00:06:35	37	47	0
00:06:35	37	47	0
00:06:36	35	64	0
00:06:36	35	64	0
00:06:37	30	56	0
00:06:37	30	56	0
00:06:38	41	48	0
00:06:38	41	48	0
00:06:39	43	41	0
00:06:39	43	41	0
00:06:40	51	35	0
00:06:40	51	35	0
00:06:41	54	47	0
00:06:41	54	47	0
00:06:42	48	29	0
00:06:42	48	29	0
00:06:43	54	43	0
00:06:43	54	43	0
00:06:44	48	24	0
00:06:44	48	24	0
00:06:45	44	23	0
00:06:45	44	23	0
00:06:46	51	41	0
00:06:46	51	41	0
00:06:48	54	29	0
00:06:48	54	29	0
00:06:49	57	47	0
00:06:49	57	47	0
00:06:50	51	43	0
00:06:50	51	43	0
00:06:51	44	41	0
00:06:51	44	41	0
00:06:52	41	43	0
00:06:52	41	43	0
00:06:53	38	54	0
00:06:53	38	54	0
00:06:54	40	47	0
00:06:54	40	47	0
00:06:55	41	48	0
00:06:55	41	48	0
00:06:56	43	50	0
00:06:56	43	50	0
00:06:57	48	26	0
00:06:57	48	26	0
00:06:58	53	24	0
00:06:58	53	24	0
00:06:59	43	41	0
00:06:59	43	41	0
00:07:00	44	35	0
00:07:00	44	35	0
00:07:01	40	48	0
00:07:01	40	48	0
00:07:02	41	47	0
00:07:02	41	47	0
00:07:03	41	47	27
00:07:03	41	47	27
00:07:04	54	38	0
00:07:04	54	38	0
00:07:05	54	38	0
00:07:05	54	38	0
00:07:06	56	23	0
00:07:06	56	23	0
00:07:07	44	27	0
00:07:07	44	27	0
00:07:08	35	21	0
00:07:08	35	21	0
00:07:09	37	30	0
00:07:09	37	30	0
00:07:10	51	44	0
00:07:10	51	44	0
00:07:11	66	43	0
00:07:11	66	43	0
00:07:12	74	43	0
00:07:12	74	43	0
00:07:13	74	38	0
00:07:13	74	38	0
00:07:14	60	27	0
00:07:14	60	27	0
00:07:15	54	37	0
00:07:15	54	37	0
00:07:16	41	43	0
00:07:16	41	43	0
00:07:17	23	60	0
00:07:17	23	60	0
00:07:18	23	74	0
00:07:18	23	74	0
00:07:19	16	81	0
00:07:19	16	81	0
00:07:20	43	78	0
00:07:20	43	78	0
00:07:22	38	83	0
00:07:22	38	83	0
00:07:23	40	61	0
00:07:23	40	61	0
00:07:24	35	56	0
00:07:24	35	56	0
00:07:25	16	44	0
00:07:25	16	44	0
00:07:26	27	44	0
00:07:26	27	44	0
00:07:27	26	51	0
00:07:27	26	51	0
00:07:28	24	51	0
00:07:28	24	51	0
00:07:29	29	61	0
00:07:29	29	61	0
00:07:30	23	54	0
00:07:30	23	54	0
00:07:31	34	56	0
00:07:31	34	56	0
00:07:32	50	60	0
00:07:32	50	60	0
00:07:33	37	54	0
00:07:33	37	54	0
00:07:34	35	67	0
00:07:34	35	67	0
00:07:35	17	63	0
00:07:35	17	63	0
00:07:36	4	74	0
00:07:36	4	74	0
00:07:37	26	74	0
00:07:37	26	74	0
00:07:38	21	66	0
00:07:38	21	66	0
00:07:39	38	81	0
00:07:39	38	81	0
00:07:40	38	56	0
00:07:40	38	56	0
00:07:41	37	63	0
00:07:41	37	63	0
00:07:42	44	63	0
00:07:42	44	63	0
00:07:43	51	43	0
00:07:43	51	43	0
00:07:44	57	56	0
00:07:44	57	56	0
00:07:45	53	43	0
00:07:45	53	43	0
00:07:46	47	34	0
00:07:46	47	34	0
00:07:47	34	53	0
00:07:47	34	53	0
00:07:48	35	48	0
00:07:48	35	48	0
00:07:49	40	51	0
00:07:49	40	51	0
00:07:50	66	54	0
00:07:50	66	54	0
00:07:51	69	54	0
00:07:51	69	54	0
00:07:52	74	56	0
00:07:52	74	56	0
00:07:53	70	54	0
00:07:53	70	54	0
00:07:54	64	50	0
00:07:54	64	50	0
00:07:55	70	51	0
00:07:55	70	51	0
00:07:57	64	53	0
00:07:57	64	53	0
00:07:58	67	50	0
00:07:58	67	50	0
00:07:59	77	53	0
00:07:59	77	53	0
00:08:00	70	53	0
00:08:00	70	53	0
00:08:01	81	48	0
00:08:01	81	48	0
00:08:02	74	53	0
00:08:02	74	53	0
00:08:03	56	48	0
00:08:03	56	48	0
00:08:04	47	38	0
00:08:04	47	38	0
00:08:05	30	30	0
00:08:05	30	30	0
00:08:06	35	26	0
00:08:06	35	26	0
00:08:07	44	29	0
00:08:07	44	29	0
00:08:08	50	40	0
00:08:08	50	40	0
00:08:09	50	44	0
00:08:09	50	44	0
00:08:10	40	51	0
00:08:10	40	51	0
00:08:11	48	41	0
00:08:11	48	41	0
00:08:12	47	29	0
00:08:12	47	29	0
00:08:13	54	40	0
00:08:13	54	40	0
00:08:14	67	35	0
00:08:14	67	35	0
00:08:15	69	51	0
00:08:15	69	51	0
00:08:16	83	63	0
00:08:16	83	63	0
00:08:17	87	57	0
00:08:17	87	57	0
00:08:18	78	51	0
00:08:18	78	51	0
00:08:19	60	50	0
00:08:19	60	50	0
00:08:20	56	50	0
00:08:20	56	50	0
00:08:21	41	61	0
00:08:21	41	61	0
00:08:22	37	61	0
00:08:22	37	61	0
00:08:23	30	56	0
00:08:23	30	56	0
00:08:24	41	60	0
00:08:24	41	60	0
00:08:25	53	57	0
00:08:25	53	57	0
00:08:26	69	60	0
00:08:26	69	60	0
00:08:27	70	64	0
00:08:27	70	64	0
00:08:28	67	63	0
00:08:28	67	63	0
00:08:29	56	69	0
00:08:29	56	69	0
00:08:31	47	66	0
00:08:31	47	66	0
00:08:32	51	64	0
00:08:32	51	64	0
00:08:33	50	63	0
00:08:33	50	63	0
00:08:34	64	50	0
00:08:34	64	50	0
00:08:35	67	63	0
00:08:35	67	63	0
00:08:36	64	69	0
00:08:36	64	69	0
00:08:37	63	69	0
00:08:37	63	69	0
00:08:38	53	66	0
00:08:38	53	66	0
00:08:39	38	56	0
00:08:39	38	56	0
00:08:40	29	63	0
00:08:40	29	63	0
00:08:41	30	60	0
00:08:41	30	60	0
00:08:42	38	61	0
00:08:42	38	61	0
00:08:43	51	57	0
00:08:43	51	57	0
00:08:44	48	57	0
00:08:44	48	57	0
00:08:45	48	63	0
00:08:45	48	63	0
00:08:46	37	70	0
00:08:46	37	70	0
00:08:47	34	53	0
00:08:47	34	53	0
00:08:48	44	40	0
00:08:48	44	40	0
00:08:49	41	24	0
00:08:49	41	24	0
00:08:50	40	14	0
00:08:50	40	14	0
00:08:51	24	14	0
00:08:51	24	14	0
00:08:52	14	40	0
00:08:52	14	40	0
00:08:53	26	47	0
00:08:53	26	47	0
00:08:54	37	47	0
00:08:54	37	47	0
00:08:55	47	41	0
00:08:55	47	41	0
00:08:56	67	21	0
00:08:56	67	21	0
00:08:57	63	10	0
00:08:57	63	10	0
00:08:58	64	4	0
00:08:58	64	4	0
00:08:59	60	7	0
00:08:59	60	7	0
00:09:00	44	11	0
00:09:00	44	11	0
00:09:01	41	27	0
00:09:01	41	27	0
00:09:02	41	43	0
00:09:02	41	43	0
00:09:03	60	40	0
00:09:03	60	40	0
00:09:04	60	40	0
00:09:04	60	40	0
00:09:06	81	44	0
00:09:06	81	44	0
00:09:07	87	41	0
00:09:07	87	41	0
00:09:08	84	48	0
00:09:08	84	48	0
00:09:09	66	41	0
00:09:09	66	41	0
00:09:10	67	35	0
00:09:10	67	35	0
00:09:11	51	43	0
00:09:11	51	43	0
00:09:12	44	53	0
00:09:12	44	53	0
00:09:13	54	54	0
00:09:13	54	54	0
00:09:14	53	81	0
00:09:14	53	81	0
00:09:15	41	70	0
00:09:15	41	70	0
00:09:16	37	60	0
00:09:16	37	60	0
00:09:17	30	57	0
00:09:17	30	57	0
00:09:18	30	30	0
00:09:18	30	30	0
00:09:19	38	29	0
00:09:19	38	29	0
00:09:20	38	50	0
00:09:20	38	50	0
00:09:21	40	44	0
00:09:21	40	44	0
00:09:22	57	43	0
00:09:22	57	43	0
00:09:23	54	26	0
00:09:23	54	26	0
00:09:24	74	38	0
00:09:24	74	38	0
00:09:25	75	40	0
00:09:25	75	40	0
00:09:26	66	54	0
00:09:26	66	54	0
00:09:27	63	53	0
00:09:27	63	53	0
00:09:28	44	67	0
00:09:28	44	67	0
00:09:29	44	67	26
00:09:29	44	67	26
00:09:30	43	64	0
00:09:30	43	64	0
00:09:31	43	51	0
00:09:31	43	51	0
00:09:32	43	57	0
00:09:32	43	57	0
00:09:33	34	43	0
00:09:33	34	43	0
00:09:34	34	43	0
00:09:34	34	43	0
00:09:35	27	44	0
00:09:35	27	44	0
00:09:36	54	34	0
00:09:36	54	34	0
00:09:37	56	37	0
00:09:37	56	37	0
00:09:39	60	44	0
00:09:39	60	44	0
00:09:40	67	56	0
00:09:40	67	56	0
00:09:41	60	67	0
00:09:41	60	67	0
00:09:42	57	66	0
00:09:42	57	66	0
00:09:43	50	57	0
00:09:43	50	57	0
00:09:44	48	50	0
00:09:44	48	50	0
00:09:45	47	44	0
00:09:45	47	44	0
00:09:46	53	35	0
00:09:46	53	35	0
00:09:47	60	40	0
00:09:47	60	40	0
00:09:48	60	41	0
00:09:48	60	41	0
00:09:49	37	69	0
00:09:49	37	69	0
00:09:50	29	74	0
00:09:50	29	74	0
00:09:51	16	66	0
00:09:51	16	66	0
00:09:52	30	57	0
00:09:52	30	57	0
00:09:53	26	40	0
00:09:53	26	40	0
00:09:54	26	37	0
00:09:54	26	37	0
00:09:55	30	23	0
00:09:55	30	23	0
00:09:56	21	30	0
00:09:56	21	30	0
00:09:57	21	27	0
00:09:57	21	27	0
00:09:58	17	38	0
00:09:58	17	38	0
00:09:59	17	48	0
00:09:59	17	48	0
00:10:00	30	43	0
00:10:00	30	43	0
00:10:01	50	54	0
00:10:01	50	54	0
00:10:02	51	51	0
00:10:02	51	51	0
00:10:03	63	63	0
00:10:03	63	63	0
00:10:04	56	64	0
00:10:04	56	64	0
00:10:05	47	57	0
00:10:05	47	57	0
00:10:06	63	50	0
00:10:06	63	50	0
00:10:07	56	53	0
00:10:07	56	53	0
00:10:08	51	43	0
00:10:08	51	43	0
00:10:09	40	53	0
00:10:09	40	53	0
00:10:10	17	44	0
00:10:10	17	44	0
00:10:12	3	34	0
00:10:12	3	34	0
00:10:13	1	37	0
00:10:13	1	37	0
00:10:14	1	38	0
00:10:14	1	38	0
00:10:15	1	43	0
00:10:15	1	43	0
00:10:16	4	40	0
00:10:16	4	40	0
00:10:17	27	47	0
00:10:17	27	47	0
00:10:18	50	38	0
00:10:18	50	38	0
00:10:19	53	30	0
00:10:19	53	30	0
00:10:20	40	37	0
00:10:20	40	37	0
00:10:21	16	40	0
00:10:21	16	40	0
00:10:22	21	37	0
00:10:22	21	37	0
00:10:23	27	50	0
00:10:23	27	50	0
00:10:24	34	48	0
00:10:24	34	48	0
00:10:25	63	40	0
00:10:25	63	40	0
00:10:26	74	47	0
00:10:26	74	47	0
00:10:27	80	41	0
00:10:27	80	41	0
00:10:28	96	30	0
00:10:28	96	30	0
00:10:29	78	41	0
00:10:29	78	41	0
00:10:30	60	51	0
00:10:30	60	51	0
00:10:31	38	50	0
00:10:31	38	50	0
00:10:32	17	64	0
00:10:32	17	64	0
00:10:33	16	48	0
00:10:33	16	48	0
00:10:34	27	38	0
00:10:34	27	38	0
00:10:35	44	40	0
00:10:35	44	40	0
00:10:36	51	38	0
00:10:36	51	38	0
00:10:37	57	48	0
00:10:37	57	48	0
00:10:38	48	54	0
00:10:38	48	54	0
00:10:39	44	64	0
00:10:39	44	64	0
00:10:40	44	60	0
00:10:40	44	60	0
00:10:41	38	51	0
00:10:41	38	51	0
00:10:42	47	38	0
00:10:42	47	38	0
00:10:43	40	30	0
00:10:43	40	30	0
00:10:44	35	30	0
00:10:44	35	30	0
00:10:46	35	38	0
00:10:46	35	38	0
00:10:47	23	34	0
00:10:47	23	34	0
00:10:48	29	56	0
00:10:48	29	56	0
00:10:49	29	56	0
00:10:49	29	56	0
00:10:50	35	75	0
00:10:50	35	75	0
00:10:51	24	64	0
00:10:51	24	64	0
00:10:52	16	51	0
00:10:52	16	51	0
00:10:53	20	43	0
00:10:53	20	43	0
00:10:54	26	35	0
00:10:54	26	35	0
00:10:55	34	41	0
00:10:55	34	41	0
00:10:56	37	53	0
00:10:56	37	53	0
00:10:57	40	64	0
00:10:57	40	64	0
00:10:58	38	75	0
00:10:58	38	75	0
00:10:59	38	70	0
00:10:59	38	70	0
00:11:00	47	61	0
00:11:00	47	61	0
00:11:01	47	67	0
00:11:01	47	67	0
00:11:02	35	50	0
00:11:02	35	50	0
00:11:03	37	48	0
00:11:03	37	48	0
00:11:04	29	38	0
00:11:04	29	38	0
00:11:05	24	38	0
00:11:05	24	38	0
00:11:06	23	53	0
00:11:06	23	53	0
00:11:07	23	51	0
00:11:07	23	51	0
00:11:08	26	64	0
00:11:08	26	64	0
00:11:09	27	57	0
00:11:09	27	57	0
00:11:10	35	63	0
00:11:10	35	63	0
00:11:11	29	60	0
00:11:11	29	60	0
00:11:12	23	53	0
00:11:12	23	53	0
00:11:13	24	60	0
00:11:13	24	60	0
00:11:14	20	48	0
00:11:14	20	48	0
00:11:15	26	63	0
00:11:15	26	63	0
00:11:16	41	78	0
00:11:16	41	78	0
00:11:17	48	74	0
00:11:17	48	74	0
00:11:18	37	56	0
00:11:18	37	56	0
00:11:19	34	53	0
00:11:19	34	53	0
00:11:21	35	50	0
00:11:21	35	50	0
00:11:22	30	48	0
00:11:22	30	48	0
00:11:23	34	53	0
00:11:23	34	53	0
00:11:24	27	35	0
00:11:24	27	35	0
00:11:25	27	34	0
00:11:25	27	34	0
00:11:26	29	47	0
00:11:26	29	47	0
00:11:27	27	34	0
00:11:27	27	34	0
00:11:28	37	40	0
00:11:28	37	40	0
00:11:29	35	40	0
00:11:29	35	40	0
00:11:30	34	26	0
00:11:30	34	26	0
00:11:31	38	53	0
00:11:31	38	53	0
00:11:32	44	60	0
00:11:32	44	60	0
00:11:33	53	57	0
00:11:33	53	57	0
00:11:34	61	61	0
00:11:34	61	61	0
00:11:35	54	44	0
00:11:35	54	44	0
00:11:36	41	40	0
00:11:36	41	40	0
00:11:37	40	37	0
00:11:37	40	37	0
00:11:38	35	34	0
00:11:38	35	34	0
00:11:39	54	35	0
00:11:39	54	35	0
00:11:40	54	47	0
00:11:40	54	47	0
00:11:41	61	56	0
00:11:41	61	56	0
00:11:42	66	61	0
00:11:42	66	61	0
00:11:43	66	67	0
00:11:43	66	67	0
00:11:44	70	64	0
00:11:44	70	64	0
00:11:45	66	60	0
00:11:45	66	60	0
00:11:46	57	44	0
00:11:46	57	44	0
00:11:47	75	37	0
00:11:47	75	37	0
00:11:48	63	38	0
00:11:48	63	38	0
00:11:49	91	43	0
00:11:49	91	43	0
00:11:50	81	51	0
00:11:50	81	51	0
00:11:51	63	53	0
00:11:51	63	53	0
00:11:52	75	57	0
00:11:52	75	57	0
00:11:54	54	63	0
00:11:54	54	63	0
00:11:55	51	53	0
00:11:55	51	53	0
00:11:56	54	60	0
00:11:56	54	60	0
00:11:57	44	66	0
00:11:57	44	66	0
00:11:58	53	70	0
00:11:58	53	70	0
00:11:59	54	77	0
00:11:59	54	77	0
00:12:00	48	75	0
00:12:00	48	75	0
00:12:01	57	66	0
00:12:01	57	66	0
00:12:02	51	63	0
00:12:02	51	63	0
00:12:03	53	70	0
00:12:03	53	70	0
00:12:04	53	70	0
00:12:04	53	70	0
00:12:05	38	63	0
00:12:05	38	63	0
00:12:06	38	64	0
00:12:06	38	64	0
00:12:07	41	48	0
00:12:07	41	48	0
00:12:08	41	48	26
00:12:08	41	48	26
00:12:09	40	64	0
00:12:09	40	64	0
00:12:10	43	61	0
00:12:10	43	61	0
00:12:11	40	57	0
00:12:11	40	57	0
00:12:12	17	60	0
00:12:12	17	60	0
00:12:13	16	44	0
00:12:13	16	44	0
00:12:14	26	41	0
00:12:14	26	41	0
00:12:15	63	43	0
00:12:15	63	43	0
00:12:16	63	56	0
00:12:16	63	56	0
00:12:17	64	63	0
00:12:17	64	63	0
00:12:18	43	63	0
00:12:18	43	63	0
00:12:19	29	57	0
00:12:19	29	57	0
00:12:20	41	43	0
00:12:20	41	43	0
00:12:21	26	38	0
00:12:21	26	38	0
00:12:22	35	43	0
00:12:22	35	43	0
00:12:23	43	44	0
00:12:23	43	44	0
00:12:24	47	44	0
00:12:24	47	44	0
00:12:25	60	56	0
00:12:25	60	56	0
00:12:27	54	56	0
00:12:27	54	56	0
00:12:28	47	51	0
00:12:28	47	51	0
00:12:29	47	64	0
00:12:29	47	64	0
00:12:30	41	47	0
00:12:30	41	47	0
00:12:31	37	29	0
00:12:31	37	29	0
00:12:32	37	41	0
00:12:32	37	41	0
00:12:33	27	40	0
00:12:33	27	40	0
00:12:34	38	51	0
00:12:34	38	51	0
00:12:35	50	60	0
00:12:35	50	60	0
00:12:36	51	51	0
00:12:36	51	51	0
00:12:37	53	51	0
00:12:37	53	51	0
00:12:38	57	43	0
00:12:38	57	43	0
00:12:39	48	47	0
00:12:39	48	47	0
00:12:40	48	40	0
00:12:40	48	40	0
00:12:41	43	41	0
00:12:41	43	41	0
00:12:42	29	48	0
00:12:42	29	48	0
00:12:43	41	44	0
00:12:43	41	44	0
00:12:44	35	47	0
00:12:44	35	47	0
00:12:45	38	44	0
00:12:45	38	44	0
00:12:46	30	44	0
00:12:46	30	44	0
00:12:47	50	54	0
00:12:47	50	54	0
00:12:48	56	54	0
00:12:48	56	54	0
00:12:49	54	41	0
00:12:49	54	41	0
00:12:50	51	44	0
00:12:50	51	44	0
00:12:51	40	50	0
00:12:51	40	50	0
00:12:52	37	40	0
00:12:52	37	40	0
00:12:53	47	57	0
00:12:53	47	57	0
00:12:54	41	48	0
00:12:54	41	48	0
00:12:55	50	34	0
00:12:55	50	34	0
00:12:56	50	47	0
00:12:56	50	47	0
00:12:57	37	48	0
00:12:57	37	48	0
00:12:58	57	54	0
00:12:58	57	54	0
00:12:59	48	61	0
00:12:59	48	61	0
00:13:01	63	60	0
00:13:01	63	60	0
00:13:02	81	56	0
00:13:02	81	56	0
00:13:03	64	47	0
00:13:03	64	47	0
00:13:04	70	60	0
00:13:04	70	60	0
00:13:05	50	63	0
00:13:05	50	63	0
00:13:06	43	70	0
00:13:06	43	70	0
00:13:07	51	81	0
00:13:07	51	81	0
00:13:08	51	64	0
00:13:08	51	64	0
00:13:09	44	61	0
00:13:09	44	61	0
00:13:10	34	64	0
00:13:10	34	64	0
00:13:11	24	66	0
00:13:11	24	66	0
00:13:12	30	74	0
00:13:12	30	74	0
00:13:13	44	69	0
00:13:13	44	69	0
00:13:14	54	61	0
00:13:14	54	61	0
00:13:15	57	67	26
00:13:15	57	67	26
00:13:16	48	64	0
00:13:16	48	64	0
00:13:17	60	51	0
00:13:17	60	51	0
00:13:18	69	47	0
00:13:18	69	47	0
00:13:19	69	34	0
00:13:19	69	34	0
00:13:20	70	26	0
00:13:20	70	26	0
00:13:21	64	38	0
00:13:21	64	38	0
00:13:22	50	43	0
00:13:22	50	43	0
00:13:23	50	43	0
00:13:23	50	43	0
00:13:24	57	44	0
00:13:24	57	44	0
00:13:25	54	53	0
00:13:25	54	53	0
00:13:26	48	40	0
00:13:26	48	40	0
00:13:27	41	48	0
00:13:27	41	48	0
00:13:28	38	67	0
00:13:28	38	67	0
00:13:29	41	69	0
00:13:29	41	69	0
00:13:30	40	78	0
00:13:30	40	78	0
00:13:31	53	75	0
00:13:31	53	75	0
00:13:32	51	66	0
00:13:32	51	66	0
00:13:33	48	64	0
00:13:33	48	64	0
00:13:34	53	54	0
00:13:34	53	54	0
00:13:36	63	48	0
00:13:36	63	48	0
00:13:37	64	37	0
00:13:37	64	37	0
00:13:38	64	44	0
00:13:38	64	44	0
00:13:39	70	41	0
00:13:39	70	41	0
00:13:40	51	29	0
00:13:40	51	29	0
00:13:41	66	35	0
00:13:41	66	35	0
00:13:42	67	26	0
00:13:42	67	26	0
00:13:43	61	50	0
00:13:43	61	50	0
00:13:44	50	61	0
00:13:44	50	61	0
00:13:45	37	74	0
00:13:45	37	74	0
00:13:46	37	75	0
00:13:46	37	75	0
00:13:47	47	63	0
00:13:47	47	63	0
00:13:48	41	47	0
00:13:48	41	47	0
00:13:49	43	44	0
00:13:49	43	44	0
00:13:50	43	26	0
00:13:50	43	26	0
00:13:51	48	38	0
00:13:51	48	38	0
00:13:52	44	43	0
00:13:52	44	43	0
00:13:53	48	40	0
00:13:53	48	40	0
00:13:54	48	44	0
00:13:54	48	44	0
00:13:55	40	48	0
00:13:55	40	48	0
00:13:56	26	57	0
00:13:56	26	57	0
00:13:57	20	40	0
00:13:57	20	40	0
00:13:58	23	38	0
00:13:58	23	38	0
00:13:59	14	24	0
00:13:59	14	24	0
00:14:00	21	13	0
00:14:00	21	13	0
00:14:01	17	35	0
00:14:01	17	35	0
00:14:02	17	44	0
00:14:02	17	44	0
00:14:03	41	54	0
00:14:03	41	54	0
00:14:04	51	57	0
00:14:04	51	57	0
00:14:05	66	53	0
00:14:05	66	53	0
00:14:06	57	37	0
00:14:06	57	37	0
00:14:07	48	44	0
00:14:07	48	44	0
00:14:08	50	41	0
00:14:08	50	41	0
00:14:10	43	51	0
00:14:10	43	51	0
00:14:11	54	63	0
00:14:11	54	63	0
00:14:12	67	50	0
00:14:12	67	50	0
00:14:13	61	51	0
00:14:13	61	51	0
00:14:14	56	41	0
00:14:14	56	41	0
00:14:15	50	47	0
00:14:15	50	47	0
00:14:16	48	43	0
00:14:16	48	43	0
00:14:17	47	43	0
00:14:17	47	43	0
00:14:18	21	41	0
00:14:18	21	41	0
00:14:19	8	47	0
00:14:19	8	47	0
00:14:20	1	47	0
00:14:20	1	47	0
00:14:21	1	51	0
00:14:21	1	51	0
00:14:22	4	40	0
00:14:22	4	40	0
00:14:23	7	37	0
00:14:23	7	37	0
00:14:24	17	53	0
00:14:24	17	53	0
00:14:25	14	50	0
00:14:25	14	50	0
00:14:26	16	57	0
00:14:26	16	57	0
00:14:27	21	54	0
00:14:27	21	54	0
00:14:28	30	51	0
00:14:28	30	51	0
00:14:29	57	50	0
00:14:29	57	50	0
00:14:30	75	51	0
00:14:30	75	51	0
00:14:31	88	63	0
00:14:31	88	63	0
00:14:32	94	38	0
00:14:32	94	38	0
00:14:33	88	44	0
00:14:33	88	44	0
00:14:34	81	43	0
00:14:34	81	43	0
00:14:35	75	26	0
00:14:35	75	26	0
00:14:36	63	40	0
00:14:36	63	40	0
00:14:37	56	34	0
00:14:37	56	34	0
00:14:38	51	44	0
00:14:38	51	44	0
00:14:39	41	50	0
00:14:39	41	50	0
00:14:40	29	63	0
00:14:40	29	63	0
00:14:41	26	70	0
00:14:41	26	70	0
00:14:42	20	67	0
00:14:42	20	67	0
00:14:43	50	53	0
00:14:44	50	53	0
00:14:45	35	48	0
00:14:45	35	48	0
00:14:46	53	35	0
00:14:46	53	35	0
00:14:47	41	27	0
00:14:47	41	27	0
00:14:48	51	37	0
00:14:48	51	37	0
00:14:49	61	50	0
00:14:49	61	50	0
00:14:50	48	54	0
00:14:50	48	54	0
00:14:51	48	53	0
00:14:51	48	53	0
00:14:52	50	54	0
00:14:52	50	54	0
00:14:53	51	41	0
00:14:53	51	41	0
00:14:54	44	34	0
00:14:54	44	34	0
00:14:55	51	40	0
00:14:55	51	40	0
00:14:56	43	48	0
00:14:56	43	48	0
00:14:57	57	47	0
00:14:57	57	47	0
00:14:58	83	60	0
00:14:58	83	60	0
00:14:59	87	57	0
00:14:59	87	57	0
00:15:00	81	60	0
00:15:00	81	60	0
00:15:01	75	69	0
00:15:01	75	69	0
00:15:02	60	60	0
00:15:02	60	60	0
00:15:03	37	64	0
00:15:03	37	64	0
00:15:04	41	53	0
00:15:04	41	53	0
00:15:05	21	41	0
00:15:05	21	41	0
00:15:06	17	51	0
00:15:06	17	51	0
00:15:07	47	43	0
00:15:07	47	43	0
00:15:08	44	30	0
00:15:08	44	30	0
00:15:09	70	23	0
00:15:09	70	23	0
00:15:10	75	30	0
00:15:10	75	30	0
00:15:11	57	21	0
00:15:11	57	21	0
00:15:12	80	27	0
00:15:12	80	27	0
00:15:13	67	51	0
00:15:13	67	51	0
00:15:14	80	47	0
00:15:14	80	47	0
00:15:15	67	56	0
00:15:15	67	56	0
00:15:16	61	26	0
00:15:16	61	26	0
00:15:18	66	26	0
00:15:18	66	26	0
00:15:19	67	30	0
00:15:19	67	30	0
00:15:20	63	27	0
00:15:20	63	27	0
00:15:21	60	43	0
00:15:21	60	43	0
00:15:22	47	44	0
00:15:22	47	44	0
00:15:23	34	44	0
00:15:23	34	44	0
00:15:24	44	43	0
00:15:24	44	43	0
00:15:25	50	63	0
00:15:25	50	63	0
00:15:26	48	53	0
00:15:26	48	53	0
00:15:27	51	63	0
00:15:27	51	63	0
00:15:28	35	43	0
00:15:28	35	43	0
00:15:29	30	35	0
00:15:29	30	35	0
00:15:30	47	47	0
00:15:30	47	47	0
00:15:31	37	30	0
00:15:31	37	30	0
00:15:32	43	54	0
00:15:32	43	54	0
00:15:33	56	50	0
00:15:33	56	50	0
00:15:34	48	60	0
00:15:34	48	60	0
00:15:35	60	75	0
00:15:35	60	75	0
00:15:36	54	67	0
00:15:36	54	67	0
00:15:37	53	69	0
00:15:37	53	69	0
00:15:38	74	57	0
00:15:38	74	57	0
00:15:39	67	50	0
00:15:39	67	50	0
00:15:40	61	63	0
00:15:40	61	63	0
00:15:41	20	50	0
00:15:41	20	50	0
00:15:42	20	50	0
00:15:42	20	50	0
00:15:43	26	40	0
00:15:43	26	40	0
00:15:44	51	47	0
00:15:44	51	47	0
00:15:45	53	37	0
00:15:45	53	37	0
00:15:46	60	29	0
00:15:46	60	29	0
00:15:47	75	30	0
00:15:47	75	30	0
00:15:48	61	21	0
00:15:48	61	21	0
00:15:49	84	37	0
00:15:49	84	37	0
00:15:51	90	50	0
00:15:51	90	50	0
00:15:52	93	40	0
00:15:52	93	40	0
00:15:53	97	50	0
00:15:53	97	50	0
00:15:54	96	48	0
00:15:54	96	48	0
00:15:55	84	24	0
00:15:55	84	24	0
00:15:56	63	38	0
00:15:56	63	38	0
00:15:57	51	43	0
00:15:57	51	43	0
00:15:58	41	30	0
00:15:58	41	30	0
00:15:59	53	51	0
00:15:59	53	51	0
00:16:00	61	60	0
00:16:01	51	67	0
00:16:02	48	78	0
00:16:03	44	51	0
00:16:04	50	37	0
00:16:05	77	34	0
00:16:06	90	35	0
00:16:07	78	50	0
00:16:08	63	50	0
00:16:09	44	34	0
00:16:10	37	40	0
00:16:11	47	50	0
00:16:12	54	51	0
00:16:13	50	37	0
00:16:14	43	35	0
00:16:15	30	38	0
00:16:16	40	61	0
00:16:17	30	64	0
00:16:18	23	51	0
00:16:19	20	44	0
00:16:20	16	38	0
00:16:21	20	44	0
00:16:22	26	66	0
00:16:23	17	80	0
00:16:24	14	70	0
00:16:25	24	66	0
00:16:27	17	56	0
00:16:28	14	43	0
00:16:29	11	47	0
00:16:30	10	57	0
00:16:31	13	48	0
00:16:32	17	44	0
00:16:33	21	48	0
00:16:34	17	38	0
00:16:35	20	41	0
00:16:36	27	51	0
00:16:37	23	56	0
00:16:38	17	67	0
00:16:39	27	81	0
00:16:40	21	94	0
00:16:41	29	91	0
00:16:42	47	74	0
00:16:43	48	51	0
00:16:44	77	40	0
00:16:45	77	38	0
00:16:46	80	67	0
00:16:47	83	75	0
00:16:48	87	69	0
00:16:49	69	87	0
00:16:50	50	57	0
00:16:51	37	38	0
00:16:52	17	29	0
00:16:53	27	20	0
00:16:54	37	37	0
00:16:55	37	47	0
00:16:56	61	54	0
00:16:57	67	60	0
00:16:58	64	48	0
00:16:59	66	53	0
00:17:00	37	41	0
00:17:01	29	30	0
00:17:02	41	34	0
00:17:04	34	38	0
00:17:05	60	56	0
00:17:06	63	60	0
00:17:07	48	64	0
00:17:08	41	44	0
00:17:09	27	47	0
00:17:10	13	57	0
00:17:11	26	57	0
00:17:12	57	70	0
00:17:13	75	56	0
00:17:14	75	35	0
00:17:15	43	38	0
00:17:16	38	43	0
00:17:17	50	54	0
00:17:18	53	57	0
00:17:19	61	56	0
00:17:20	60	53	0
00:17:21	60	51	0
00:17:22	60	53	0
00:17:23	57	57	0
00:17:24	48	44	0
00:17:25	47	35	0
00:17:26	53	29	0
00:17:27	57	24	0
00:17:28	57	24	26
00:17:29	61	56	0
00:17:30	56	64	0
00:17:31	43	78	0
00:17:32	40	80	0
00:17:33	38	70	0
00:17:34	34	60	0
00:17:35	41	47	0
00:17:36	41	47	26
00:17:37	43	44	0
00:17:38	27	24	0
00:17:39	38	34	0
00:17:41	35	30	0
00:17:42	35	30	0
00:17:43	35	34	0
00:17:44	35	27	0
00:17:45	47	35	0
00:17:46	56	50	0
00:17:47	61	63	0
00:17:48	56	60	0
00:17:49	48	47	0
00:17:50	53	41	0
00:17:51	77	43	0
00:17:52	53	57	0
00:17:53	48	60	0
00:17:54	61	61	0
00:17:55	35	61	0
00:17:56	50	66	0
00:17:57	67	69	0
00:17:58	70	74	0
00:17:59	87	61	0
00:18:00	70	50	0
00:18:01	50	40	0
00:18:02	54	35	0
00:18:03	74	29	0
00:18:04	81	21	0
00:18:05	97	21	0
00:18:06	78	27	0
00:18:07	57	50	0
00:18:08	56	60	0
00:18:09	48	67	0
00:18:10	40	57	0
00:18:11	43	51	0
00:18:12	30	54	0
00:18:13	21	53	0
00:18:14	38	60	0
00:18:15	21	48	0
00:18:17	26	51	0
00:18:18	27	44	0
00:18:19	16	44	0
00:18:20	23	50	0
00:18:21	17	50	0
00:18:22	29	48	0
00:18:23	56	50	0
00:18:24	50	40	0
00:18:25	66	47	0
00:18:26	47	44	0
00:18:27	44	60	0
00:18:28	43	69	0
00:18:29	24	64	0
00:18:30	23	83	0
00:18:31	8	70	0
00:18:32	14	53	0
00:18:33	41	51	0
00:18:34	64	35	0
00:18:35	84	41	0
00:18:36	88	43	0
00:18:37	66	41	0
00:18:38	53	54	0
00:18:39	41	51	0
00:18:40	30	56	0
00:18:41	41	75	0
00:18:42	43	63	0
00:18:43	47	67	0
00:18:44	51	67	0
00:18:45	47	66	0
00:18:46	35	66	0
00:18:47	41	57	0
00:18:48	34	41	0
00:18:49	44	47	0
00:18:50	27	30	0
00:18:52	38	48	0
00:18:53	40	41	0
00:18:54	48	37	0
00:18:55	67	51	0
00:18:56	66	60	0
00:18:57	61	53	0
00:18:58	54	66	0
00:18:59	56	64	0
00:19:00	57	74	0
00:19:01	54	87	0
00:19:02	48	74	0
00:19:03	24	77	0
00:19:04	14	75	0
00:19:05	16	70	0
00:19:06	23	75	0
00:19:07	34	77	0
00:19:08	47	66	0
00:19:09	51	64	0
00:19:10	53	61	0
00:19:11	50	53	0
00:19:12	30	38	0
00:19:13	41	41	0
00:19:14	34	44	0
00:19:15	37	63	0
00:19:16	43	75	0
00:19:17	27	63	0
00:19:18	29	61	0
00:19:19	21	47	0
00:19:20	4	41	0
00:19:21	23	47	0
00:19:22	38	40	0
00:19:23	54	41	0
00:19:24	61	40	0
00:19:25	43	30	0
00:19:26	50	38	0
00:19:27	47	47	0
00:19:28	51	54	0
00:19:30	56	53	0
00:19:31	57	47	0
00:19:32	56	37	0
00:19:33	56	27	0
00:19:34	57	30	0
00:19:35	40	35	0
00:19:36	44	41	0
00:19:37	35	47	0
00:19:38	29	67	0
00:19:39	29	67	26
00:19:40	30	74	0
00:19:41	29	74	0
00:19:42	34	69	0
00:19:43	40	53	0
00:19:44	35	54	0
00:19:45	26	43	0
00:19:46	14	51	0
00:19:47	8	60	0
00:19:48	14	67	0
00:19:49	11	81	0
00:19:50	13	88	0
00:19:51	13	77	0
00:19:52	13	81	0
00:19:53	8	67	0
00:19:54	3	66	0
00:19:55	1	60	0
00:19:56	4	60	0
00:19:57	1	43	0
00:19:58	1	37	0
00:19:59	1	21	0
00:20:00	1	38	0
00:20:01	1	53	0
00:20:02	1	53	0
00:20:03	1	67	0
00:20:04	1	63	0
00:20:05	1	70	0
00:20:07	8	77	0
00:20:08	10	61	0
00:20:09	1	48	0
00:20:10	1	41	0
00:20:11	1	51	0
00:20:12	1	70	0
00:20:13	1	70	0
00:20:14	8	63	0
00:20:15	14	66	0
00:20:16	7	41	0
00:20:17	11	47	0
00:20:18	7	47	0
00:20:19	1	51	0
00:20:20	16	66	0
00:20:21	20	78	0
00:20:22	21	90	0
00:20:23	23	83	0
00:20:24	13	64	0
00:20:25	17	53	0
00:20:26	24	54	0
00:20:27	21	53	0
00:20:28	17	64	0
00:20:29	8	48	0
00:20:30	1	50	0
00:20:31	11	53	0
00:20:32	11	50	0
00:20:33	16	74	0
00:20:34	21	67	0
00:20:35	20	75	0
00:20:36	24	78	0
00:20:37	34	63	0
00:20:38	30	41	0
00:20:39	40	41	0
00:20:40	41	34	0
00:20:41	37	35	0
00:20:42	41	51	0
00:20:44	27	44	0
00:20:45	34	50	0
00:20:46	40	51	0
00:20:47	40	56	0
00:20:48	54	57	0
00:20:49	50	53	0
00:20:50	47	57	0
00:20:51	47	54	0
00:20:52	54	44	0
00:20:53	54	53	0
00:20:54	61	51	0
00:20:55	61	48	0
00:20:56	50	60	0
00:20:57	47	44	0
00:20:58	44	50	0
00:20:59	43	53	0
00:21:00	57	57	0
00:21:01	54	70	0
00:21:02	50	74	0
00:21:03	48	81	0
00:21:04	38	90	0
00:21:05	34	90	0
00:21:06	35	80	0
00:21:07	41	70	0
00:21:08	48	38	0
00:21:09	54	41	0
00:21:10	60	43	0
00:21:11	41	47	0
00:21:12	35	75	0
00:21:13	38	67	0
00:21:14	29	78	0
00:21:15	44	77	0
00:21:16	60	53	0
00:21:17	64	64	0
00:21:18	63	53	0
00:21:20	69	54	0
00:21:21	50	75	0
00:21:22	60	61	0
00:21:23	66	69	0
00:21:24	50	66	0
00:21:25	57	63	0
00:21:26	43	66	0
00:21:27	30	53	0
00:21:28	48	48	0
00:21:29	37	44	0
00:21:30	41	43	0
00:21:31	38	34	0
00:21:32	27	47	0
00:21:33	38	60	0
00:21:34	44	78	0
00:21:35	37	91	0
00:21:36	50	87	0
00:21:37	57	77	0
00:21:38	48	67	0
00:21:39	54	60	0
00:21:40	43	50	0
00:21:41	30	54	0
00:21:42	47	53	0
00:21:43	56	53	0
00:21:44	69	66	0
00:21:45	88	56	0
00:21:46	74	54	0
00:21:47	64	56	0
00:21:48	63	43	0
00:21:49	48	48	0
00:21:50	66	48	0
00:21:51	70	44	0
00:21:52	70	50	0
00:21:53	84	48	0
00:21:54	80	60	0
00:21:55	70	69	0
00:21:57	78	60	0
00:21:58	64	56	0
00:21:59	61	41	0
00:22:00	51	35	0
00:22:01	48	37	0
00:22:02	53	26	0
00:22:03	44	26	0
00:22:04	40	40	0
00:22:05	38	41	0
00:22:06	17	47	0
00:22:07	24	56	0
00:22:08	30	48	0
00:22:09	27	57	0
00:22:10	30	69	0
00:22:11	37	75	0
00:22:12	35	87	0
00:22:13	47	80	0
00:22:14	67	74	0
00:22:15	61	57	0
00:22:16	61	54	0
00:22:17	63	50	0
00:22:18	51	64	0
00:22:19	44	67	0
00:22:20	40	66	0
00:22:21	30	67	0
00:22:22	35	66	0
00:22:23	35	75	0
00:22:24	34	78	0
00:22:25	29	93	0
00:22:26	21	80	0
00:22:27	23	63	0
00:22:28	24	75	0
00:22:29	26	64	0
00:22:30	29	61	0
00:22:31	17	27	0
00:22:33	24	30	0
00:22:34	23	40	0
00:22:35	23	47	0
00:22:36	41	70	0
00:22:37	41	64	0
00:22:38	44	63	0
00:22:39	48	66	0
00:22:40	37	60	0
00:22:41	29	75	0
00:22:42	34	80	0
00:22:43	35	66	0
00:22:44	44	66	0
00:22:45	47	41	0
00:22:46	35	21	0
00:22:47	24	21	0
00:22:48	20	21	0
00:22:49	37	24	0
00:22:50	43	43	0
00:22:51	44	35	0
00:22:52	43	26	0
00:22:53	29	34	0
00:22:54	27	34	0
00:22:55	40	44	0
00:22:56	60	50	0
00:22:57	74	47	0
00:22:58	91	47	0
00:22:59	90	54	0
00:23:00	70	61	0
00:23:01	60	61	0
00:23:02	24	48	0
00:23:03	20	48	0
00:23:04	16	48	0
00:23:05	34	69	0
00:23:06	30	64	0
00:23:07	50	38	0
00:23:08	63	37	0
00:23:10	56	24	0
00:23:11	75	16	0
00:23:12	69	41	0
00:23:13	69	44	0
00:23:14	83	51	0
00:23:15	81	61	0
00:23:16	63	44	0
00:23:17	57	44	0
00:23:18	41	41	0
00:23:19	27	26	0
00:23:20	40	35	0
00:23:21	40	35	0
00:23:22	54	40	0
00:23:23	56	50	0
00:23:24	56	50	0
00:23:25	47	54	0
00:23:26	48	51	0
00:23:27	64	47	0
00:23:28	70	60	0
00:23:29	84	51	0
00:23:30	97	44	0
00:23:31	91	50	0
00:23:32	94	47	0
00:23:33	87	43	0
00:23:34	64	44	0
00:23:35	54	41	0
00:23:36	56	27	0
00:23:37	50	35	0
00:23:38	43	35	0
00:23:39	38	29	0
00:23:40	27	47	0
00:23:41	37	47	0
00:23:42	50	38	0
00:23:43	43	26	0
00:23:44	47	48	0
00:23:45	54	29	0
00:23:46	44	51	0
00:23:48	50	69	0
00:23:49	57	60	0
00:23:50	69	74	0
00:23:51	91	48	0
00:23:52	90	47	0
00:23:53	87	44	0
00:23:54	77	43	0
00:23:55	53	64	0
00:23:56	57	57	0
00:23:57	50	54	0
00:23:58	51	54	0
00:23:59	61	50	0
00:24:00	53	61	0
00:24:01	54	64	0
00:24:02	41	70	0
00:24:03	40	67	0
00:24:04	38	56	0
00:24:05	34	50	0
00:24:06	35	41	0
00:24:07	27	43	0
00:24:08	41	53	0
00:24:09	38	57	0
00:24:10	35	50	0
00:24:11	50	53	0
00:24:12	37	43	0
00:24:13	43	38	0
00:24:14	47	50	0
00:24:15	37	60	0
00:24:16	40	51	0
00:24:17	37	51	0
00:24:18	30	37	0
00:24:19	13	34	0
00:24:20	11	48	0
00:24:21	21	51	0
00:24:22	20	70	0
00:24:23	34	67	0
00:24:24	37	70	0
00:24:26	40	69	0
00:24:27	44	47	0
00:24:28	48	40	0
00:24:29	50	43	0
00:24:30	43	54	0
00:24:31	50	78	0
00:24:32	63	91	0
00:24:33	75	80	0
00:24:34	75	70	0
00:24:35	60	64	0
00:24:36	38	57	0
00:24:37	37	63	0
00:24:38	44	53	0
00:24:39	67	44	0
00:24:40	74	44	0
00:24:41	90	37	0
00:24:42	80	51	0
00:24:43	77	67	0
00:24:44	70	61	0
00:24:45	66	63	0
00:24:46	83	64	0
00:24:47	64	54	0
00:24:48	61	66	0
00:24:49	54	43	0
00:24:50	63	37	0
00:24:51	81	29	0
00:24:52	93	24	0
00:24:53	91	38	0
00:24:54	67	34	0
00:24:55	56	56	0
00:24:56	30	56	0
00:24:57	34	54	0
00:24:58	48	61	0
00:25:00	40	24	0
00:25:01	53	29	0
00:25:02	43	24	0
00:25:03	37	34	0
00:25:04	37	56	0
00:25:05	27	56	0
00:25:06	35	60	0
00:25:07	48	53	0
00:25:08	93	47	0
00:25:09	96	51	0
00:25:10	96	50	0
00:25:11	93	43	0
00:25:12	70	44	0
00:25:13	81	51	0
00:25:14	70	43	0
00:25:15	66	50	0
00:25:16	87	51	0
00:25:17	66	41	0
00:25:18	57	51	0
00:25:19	50	35	0
00:25:20	50	35	0
00:25:21	44	34	0
00:25:22	43	24	0
00:25:23	43	40	0
00:25:24	34	37	0
00:25:25	21	47	0
00:25:26	27	54	0
00:25:27	37	74	0
00:25:28	44	84	0
00:25:29	53	81	0
00:25:30	56	88	0
00:25:31	61	61	0
00:25:32	61	67	0
00:25:33	51	70	0
00:25:34	41	66	0
00:25:36	38	83	0
00:25:37	43	75	0
00:25:38	43	66	0
00:25:39	38	56	0
00:25:40	35	44	0
00:25:41	48	43	0
00:25:42	44	38	0
00:25:43	47	37	0
00:25:44	44	47	0
00:25:45	60	35	0
00:25:46	74	35	0
00:25:47	77	40	0
00:25:48	78	30	0
00:25:49	66	43	0
00:25:50	64	50	0
00:25:51	70	56	0
00:25:52	75	74	0
00:25:53	80	77	0
00:25:54	74	69	0
00:25:55	87	63	0
00:25:56	94	53	0
00:25:57	93	56	0
00:25:58	87	56	0
00:25:59	81	60	0
00:26:00	81	60	0
00:26:01	69	43	0
00:26:02	74	50	0
00:26:03	57	51	0
00:26:04	40	74	0
00:26:05	40	84	0
00:26:06	53	84	0
00:26:07	70	77	0
00:26:08	77	78	0
00:26:09	78	61	0
00:26:11	56	69	0
00:26:12	54	74	0
00:26:13	29	75	0
00:26:14	20	75	0
00:26:15	23	88	0
00:26:16	21	66	0
00:26:17	29	56	0
00:26:18	37	57	0
00:26:19	48	47	0
00:26:20	51	56	0
00:26:21	50	61	0
00:26:22	43	61	0
00:26:23	38	63	0
00:26:24	43	70	0
00:26:25	67	70	0
00:26:26	80	66	0
00:26:27	70	53	0
00:26:28	57	50	0
00:26:29	44	56	0
00:26:30	30	54	0
00:26:31	34	57	0
00:26:32	47	53	0
00:26:33	47	44	0
00:26:34	54	48	0
00:26:35	66	48	0
00:26:36	69	61	0
00:26:37	67	67	0
00:26:38	75	75	0
00:26:39	70	66	0
00:26:40	80	51	0
00:26:41	88	44	0
00:26:42	84	34	0
00:26:43	80	41	0
00:26:44	69	57	0
00:26:46	60	56	0
00:26:47	54	70	0
00:26:48	53	56	0
00:26:49	60	54	0
00:26:50	66	63	0
00:26:51	66	47	0
00:26:52	67	53	0
00:26:53	51	51	0
00:26:54	40	37	0
00:26:55	40	44	0
00:26:56	41	44	0
00:26:57	50	43	0
00:26:58	50	60	0
00:26:59	40	63	0
00:27:00	48	66	0
00:27:01	43	60	0
00:27:02	47	54	0
00:27:03	53	53	0
00:27:04	50	43	0
00:27:05	53	43	0
00:27:06	56	40	0
00:27:07	61	43	0
00:27:08	69	54	0
00:27:09	83	54	0
00:27:10	81	38	0
00:27:11	60	50	0
00:27:12	47	63	0
00:27:13	47	54	0
00:27:14	53	69	0
00:27:15	50	66	0
00:27:16	56	56	0
00:27:17	51	61	0
00:27:18	57	56	0
00:27:19	74	40	0
00:27:20	70	43	0
00:27:22	70	26	0
00:27:23	56	44	0
00:27:24	51	66	0
00:27:25	48	70	0
00:27:26	61	84	0
00:27:27	77	69	0
00:27:28	77	54	0
00:27:29	77	56	0
00:27:30	64	61	0
00:27:31	51	57	0
00:27:32	53	69	0
00:27:33	54	56	0
00:27:34	47	60	0
00:27:35	51	57	0
00:27:36	53	47	0
00:27:37	60	61	0
00:27:38	64	53	0
00:27:39	60	53	0
00:27:40	54	53	0
00:27:41	47	44	0
00:27:42	60	66	0
00:27:43	60	70	0
00:27:44	57	78	0
00:27:45	54	70	0
00:27:46	50	70	0
00:27:47	47	67	0
00:27:48	38	61	0
00:27:49	43	67	0
00:27:50	54	66	0
00:27:51	51	70	0
00:27:52	69	75	0
00:27:53	69	77	0
00:27:54	54	64	0
00:27:55	63	47	0
00:27:56	54	44	0
00:27:58	51	34	0
00:27:59	57	40	0
00:28:00	53	50	0
00:28:01	48	48	0
00:28:02	43	51	0
00:28:03	41	61	0
00:28:04	48	64	0
00:28:05	54	66	0
00:28:06	50	67	0
00:28:07	44	56	0
00:28:08	26	56	0
00:28:09	21	56	0
00:28:10	30	56	0
00:28:11	44	61	0
00:28:12	60	64	0
00:28:13	69	74	0
00:28:14	63	67	0
00:28:15	57	69	0
00:28:16	51	61	0
00:28:17	38	57	0
00:28:18	35	63	0
00:28:19	37	53	0
00:28:20	48	54	0
00:28:21	54	53	0
00:28:22	64	56	0
00:28:23	56	48	0
00:28:24	51	50	0
00:28:25	41	51	0
00:28:26	27	30	0
00:28:27	29	57	0
00:28:28	23	54	0
00:28:29	38	61	0
00:28:30	50	81	0
00:28:31	47	53	0
00:28:32	38	40	0
00:28:34	26	35	0
00:28:35	23	26	0
00:28:36	30	40	0
00:28:37	40	50	0
00:28:38	34	44	0
00:28:39	29	53	0
00:28:40	30	56	0
00:28:41	35	60	0
00:28:42	41	60	0
00:28:43	43	54	0
00:28:44	40	40	0
00:28:45	44	44	0
00:28:46	47	34	0
00:28:47	56	41	0
00:28:48	51	63	0
00:28:49	48	69	0
00:28:50	41	84	0
00:28:51	24	78	0
00:28:52	21	57	0
00:28:53	8	57	0
00:28:54	7	47	0
00:28:55	8	47	0
00:28:56	8	44	0
00:28:57	23	35	0
00:28:58	35	29	0
00:28:59	35	29	0
00:29:00	35	37	0
00:29:01	21	26	0
00:29:02	13	37	0
00:29:03	16	34	0
00:29:04	34	60	0
00:29:05	37	67	0
00:29:06	41	75	0
00:29:07	30	80	0
00:29:08	14	57	0
00:29:09	11	57	0
00:29:11	1	51	0
00:29:12	1	51	0
00:29:13	3	53	0
00:29:14	1	47	0
00:29:15	1	43	0
00:29:16	4	27	0
00:29:17	1	44	0
00:29:18	20	53	0
00:29:19	20	64	0
00:29:20	17	74	0
00:29:21	30	61	0
00:29:22	30	61	0
00:29:23	40	60	0
00:29:24	38	63	0
00:29:25	35	75	0
00:29:26	21	63	0
00:29:27	23	66	0
00:29:28	20	56	0
00:29:29	26	50	0
00:29:30	43	60	0
00:29:31	47	57	0
00:29:32	67	56	0
00:29:33	69	60	0
00:29:34	66	57	0
00:29:35	67	64	0
00:29:36	53	64	0
00:29:37	48	70	0
00:29:38	40	78	0
00:29:39	27	57	0
00:29:40	23	69	0
00:29:41	27	67	0
00:29:42	29	53	0
00:29:43	27	64	0
00:29:44	43	47	0
00:29:45	29	40	0
00:29:46	35	34	0
00:29:48	34	56	0
00:29:49	54	69	0
00:29:50	61	75	0
00:29:51	48	56	0
00:29:52	47	44	0
00:29:53	26	37	0
00:29:54	11	57	0
00:29:55	14	66	0
00:29:56	23	60	0
00:29:57	41	56	0
00:29:58	40	30	0
00:29:59	38	8	0
00:30:00	34	26	0
00:30:01	26	34	0
00:30:02	35	38	0
00:30:03	44	61	0
00:30:04	44	63	0
00:30:05	30	56	0
00:30:06	27	64	0
00:30:07	20	77	0
00:30:08	21	67	0
00:30:09	16	69	0
00:30:10	21	51	0
00:30:11	30	48	0
00:30:12	26	51	0
00:30:13	40	50	0
00:30:14	54	63	0
00:30:15	48	51	0
00:30:16	61	50	0
00:30:17	61	56	0
00:30:18	51	64	0
00:30:19	40	67	0
00:30:20	43	63	0
00:30:21	38	74	0
00:30:22	34	69	0
00:30:24	47	78	0
00:30:25	48	75	0
00:30:26	44	64	0
00:30:27	43	70	0
00:30:28	37	77	0
00:30:29	24	70	0
00:30:30	27	74	0
00:30:31	26	67	0
00:30:32	20	66	0
00:30:33	38	78	0
00:30:34	41	74	0
00:30:35	57	67	0
00:30:36	61	56	0
00:30:37	50	53	0
00:30:38	51	47	0
00:30:39	40	60	0
00:30:40	48	74	0
00:30:41	51	70	0
00:30:42	60	75	0
00:30:43	67	81	0
00:30:44	56	61	0
00:30:45	51	56	0
00:30:46	53	74	0
00:30:47	53	61	0
00:30:48	60	77	0
00:30:49	60	77	0
00:30:50	66	67	0
00:30:51	70	69	0
00:30:52	75	83	0
00:30:53	61	78	0
00:30:54	57	88	0
00:30:55	47	88	0
00:30:56	53	80	0
00:30:57	63	67	0
00:30:58	63	67	0
00:30:59	47	64	0
00:31:01	26	57	0
00:31:02	20	66	0
00:31:03	24	63	0
00:31:04	40	67	0
00:31:05	60	63	0
00:31:06	54	69	0
00:31:07	51	69	0
00:31:08	54	63	0
00:31:09	40	74	0
00:31:10	47	66	0
00:31:11	43	80	0
00:31:12	43	67	0
00:31:13	54	67	0
00:31:14	54	67	0
00:31:15	56	63	0
00:31:16	54	70	0
00:31:17	50	75	0
00:31:18	57	75	0
00:31:19	57	67	0
00:31:20	57	77	0
00:31:21	38	70	0
00:31:22	34	74	0
00:31:23	24	60	0
00:31:24	14	48	0
00:31:25	24	50	0
00:31:26	24	44	0
00:31:27	35	56	0
00:31:28	43	61	0
00:31:29	40	63	0
00:31:30	37	56	0
00:31:31	43	53	0
00:31:32	41	50	0
00:31:33	44	51	0
00:31:34	41	60	0
00:31:36	38	63	0
00:31:37	37	78	0
00:31:38	29	70	0
00:31:39	27	77	0
00:31:40	23	90	0
00:31:41	27	77	0
00:31:42	48	83	0
00:31:43	57	75	0
00:31:44	54	63	0
00:31:45	54	64	0
00:31:46	41	66	0
00:31:47	24	80	0
00:31:48	24	75	0
00:31:49	23	69	0
00:31:50	40	66	0
00:31:51	54	61	0
00:31:52	51	78	0
00:31:53	51	78	26
00:31:54	29	87	0
00:31:55	26	63	0
00:31:56	26	66	0
00:31:57	24	66	0
00:31:58	38	60	0
00:31:59	30	66	0
00:32:00	37	56	0
00:32:01	44	44	0
00:32:02	47	51	0
00:32:03	70	60	0
00:32:04	80	67	0
00:32:05	83	77	0
00:32:06	84	63	0
00:32:07	83	67	0
00:32:08	74	66	0
00:32:09	67	63	0
00:32:11	56	70	0
00:32:12	47	63	0
00:32:13	43	47	0
00:32:14	48	35	0
00:32:15	60	20	0
00:32:16	57	24	0
00:32:17	64	37	0
00:32:18	38	38	0
00:32:19	38	38	0
00:32:20	8	23	0
00:32:21	7	40	0
00:32:22	11	50	0
00:32:23	7	74	0
00:32:24	7	60	0
00:32:25	16	50	0
00:32:26	29	48	0
00:32:27	44	56	0
00:32:28	35	51	0
00:32:29	37	67	0
00:32:30	35	69	0
00:32:31	37	67	0
00:32:32	41	78	0
00:32:33	44	61	0
00:32:34	50	50	0
00:32:35	61	51	0
00:32:36	75	50	0
00:32:37	84	53	0
00:32:38	69	50	0
00:32:39	66	50	0
00:32:40	66	41	0
00:32:41	63	51	0
00:32:42	69	66	0
00:32:43	56	77	0
00:32:44	35	77	0
00:32:45	30	67	0
00:32:46	29	63	0
00:32:48	35	43	0
00:32:49	44	43	0
00:32:50	35	51	0
00:32:51	26	44	0
00:32:52	35	53	0
00:32:53	34	54	0
00:32:54	37	63	0
00:32:55	29	60	0
00:32:56	38	67	0
00:32:57	50	75	0
00:32:58	41	67	0
00:32:59	37	69	0
00:33:00	30	78	0
00:33:01	34	70	0
00:33:02	35	64	0
00:33:03	24	57	0
00:33:04	14	30	0
00:33:05	8	34	0
00:33:06	1	26	0
00:33:07	8	34	0
00:33:08	10	47	0
00:33:09	11	54	0
00:33:10	21	67	0
00:33:11	23	81	0
00:33:12	20	84	0
00:33:13	11	88	0
00:33:14	7	96	0
00:33:15	4	93	0
00:33:16	11	91	0
00:33:17	17	91	0
00:33:18	21	78	0
00:33:19	21	60	0
00:33:20	21	56	0
00:33:21	24	51	0
00:33:22	24	48	0
00:33:24	27	66	0
00:33:25	29	63	0
00:33:26	27	66	0
00:33:27	34	56	0
00:33:28	34	43	0
00:33:29	37	50	0
00:33:30	53	51	0
00:33:31	54	61	0
00:33:32	54	57	0
00:33:33	57	64	0
00:33:34	44	78	0
00:33:35	34	66	0
00:33:36	35	69	0
00:33:37	43	51	0
00:33:38	44	44	0
00:33:39	61	44	0
00:33:40	60	44	0
00:33:41	47	54	0
00:33:42	50	44	0
00:33:43	27	50	0
00:33:44	21	50	0
00:33:45	35	51	0
00:33:46	35	60	0
00:33:47	50	63	0
00:33:48	60	69	0
00:33:49	54	77	0
00:33:50	50	78	0
00:33:51	51	66	0
00:33:52	51	69	0
00:33:53	61	51	0
00:33:54	69	48	0
00:33:55	56	47	0
00:33:56	38	57	0
00:33:57	29	56	0
00:33:58	41	50	0
00:34:00	41	78	0
00:34:01	51	80	0
00:34:02	47	81	0
00:34:03	43	75	0
00:34:04	43	56	0
00:34:05	47	57	0
00:34:06	60	56	0
00:34:07	51	56	0
00:34:08	51	56	0
00:34:09	48	53	0
00:34:10	48	47	0
00:34:11	48	50	0
00:34:12	50	57	0
00:34:13	50	69	0
00:34:14	44	70	0
00:34:15	38	64	0
00:34:16	37	54	0
00:34:17	29	38	0
00:34:18	38	38	0
00:34:19	56	54	0
00:34:20	60	64	0
00:34:21	67	66	0
00:34:22	60	74	0
00:34:23	53	61	0
00:34:24	44	63	0
00:34:25	30	57	0
00:34:26	50	63	0
00:34:27	57	64	0
00:34:28	64	48	0
00:34:29	47	44	0
00:34:30	34	47	0
00:34:31	24	29	0
00:34:32	24	47	0
00:34:33	30	50	0
00:34:34	50	35	0
00:34:36	69	37	0
00:34:37	74	47	0
00:34:38	77	41	0
00:34:39	63	56	0
00:34:40	48	66	0
00:34:41	63	54	0
00:34:42	64	44	0
00:34:43	57	20	0
00:34:44	69	14	0
00:34:45	60	21	0
00:34:46	60	38	0
00:34:47	75	54	0
00:34:48	61	51	0
00:34:49	67	47	0
00:34:50	70	50	0
00:34:51	70	54	0
00:34:52	74	44	0
00:34:53	67	56	0
00:34:54	63	44	0
00:34:55	57	34	0
00:34:56	70	56	0
00:34:57	84	56	0
00:34:58	75	66	0
00:34:59	64	74	0
00:35:00	53	61	0
00:35:01	44	67	0
00:35:02	63	64	0
00:35:03	61	64	0
00:35:04	75	69	0
00:35:05	69	57	0
00:35:06	74	63	0
00:35:07	88	41	0
00:35:08	67	38	0
00:35:09	88	43	0
00:35:11	77	43	0
00:35:12	74	54	0
00:35:13	87	43	0
00:35:14	54	43	0
00:35:15	57	35	0
00:35:16	60	27	0
00:35:17	61	50	0
00:35:18	75	48	0
00:35:19	80	63	0
00:35:20	80	74	0
00:35:21	84	78	0
00:35:22	100	78	0
00:35:23	100	69	0
00:35:24	91	66	0
00:35:25	87	57	0
00:35:26	78	64	0
00:35:27	63	63	0
00:35:28	77	43	0
00:35:29	74	44	0
00:35:30	75	48	0
00:35:31	61	48	0
00:35:32	48	67	0
00:35:33	27	63	0
00:35:34	20	60	0
00:35:35	24	64	0
00:35:36	27	48	0
00:35:37	27	48	0
00:35:38	48	50	0
00:35:39	53	54	0
00:35:40	56	61	0
00:35:41	53	57	0
00:35:42	38	48	0
00:35:43	35	37	0
00:35:44	44	35	0
00:35:45	54	38	0
00:35:46	77	51	0
00:35:48	87	57	0
00:35:49	84	60	0
00:35:50	61	48	0
00:35:51	66	40	0
00:35:52	48	43	0
00:35:53	20	41	0
00:35:54	37	47	0
00:35:55	23	61	0
00:35:56	43	56	0
00:35:57	70	61	0
00:35:58	78	66	0
00:35:59	88	56	0
00:36:00	75	60	0
