Apr 07, 2014 15:05:49	87	30	0
Apr 07, 2014 15:05:50	75	40	0
Apr 07, 2014 15:05:51	54	44	0
Apr 07, 2014 15:05:52	61	41	0
Apr 07, 2014 15:05:53	60	41	0
Apr 07, 2014 15:05:54	75	38	0
Apr 07, 2014 15:05:55	94	44	0
Apr 07, 2014 15:05:56	83	47	0
Apr 07, 2014 15:05:57	83	47	0
Apr 07, 2014 15:05:58	53	43	0
Apr 07, 2014 15:06:00	54	40	0
Apr 07, 2014 15:06:01	70	43	0
Apr 07, 2014 15:06:02	69	41	0
Apr 07, 2014 15:06:03	74	53	0
Apr 07, 2014 15:06:04	50	50	0
Apr 07, 2014 15:06:05	14	41	0
Apr 07, 2014 15:06:06	26	38	0
Apr 07, 2014 15:06:07	47	37	0
Apr 07, 2014 15:06:08	54	34	0
Apr 07, 2014 15:06:09	74	50	0
Apr 07, 2014 15:06:10	57	50	0
Apr 07, 2014 15:06:11	30	44	0
Apr 07, 2014 15:06:12	30	51	0
Apr 07, 2014 15:06:13	41	43	0
Apr 07, 2014 15:06:14	48	38	0
Apr 07, 2014 15:06:15	66	47	0
Apr 07, 2014 15:06:16	81	51	0
Apr 07, 2014 15:06:17	77	56	0
Apr 07, 2014 15:06:18	80	60	0
Apr 07, 2014 15:06:19	83	48	0
Apr 07, 2014 15:06:20	84	50	0
Apr 07, 2014 15:06:21	88	53	0
Apr 07, 2014 15:06:22	94	51	0
Apr 07, 2014 15:06:23	93	56	0
Apr 07, 2014 15:06:24	77	48	0
Apr 07, 2014 15:06:25	77	50	0
Apr 07, 2014 15:06:26	64	47	0
Apr 07, 2014 15:06:27	66	47	0
Apr 07, 2014 15:06:28	84	54	0
Apr 07, 2014 15:06:30	90	48	0
Apr 07, 2014 15:06:31	90	44	0
Apr 07, 2014 15:06:32	83	50	0
Apr 07, 2014 15:06:33	64	47	0
Apr 07, 2014 15:06:34	50	44	0
Apr 07, 2014 15:06:35	47	38	0
Apr 07, 2014 15:06:36	34	40	0
Apr 07, 2014 15:06:37	43	35	0
Apr 07, 2014 15:06:38	43	37	0
Apr 07, 2014 15:06:39	44	37	0
Apr 07, 2014 15:06:40	54	29	0
Apr 07, 2014 15:06:41	74	30	0
Apr 07, 2014 15:06:42	84	26	0
Apr 07, 2014 15:06:43	88	37	0
Apr 07, 2014 15:06:44	60	38	0
Apr 07, 2014 15:06:45	56	47	0
Apr 07, 2014 15:06:46	61	43	0
Apr 07, 2014 15:06:47	78	43	0
Apr 07, 2014 15:06:48	63	43	0
Apr 07, 2014 15:06:49	48	37	0
Apr 07, 2014 15:06:50	53	29	0
Apr 07, 2014 15:06:51	43	35	0
Apr 07, 2014 15:06:52	63	38	0
Apr 07, 2014 15:06:53	66	48	0
Apr 07, 2014 15:06:54	74	56	0
Apr 07, 2014 15:06:55	64	50	0
Apr 07, 2014 15:06:56	61	56	0
Apr 07, 2014 15:06:57	64	48	0
Apr 07, 2014 15:06:58	54	51	0
Apr 07, 2014 15:07:00	74	63	0
Apr 07, 2014 15:07:01	74	51	0
Apr 07, 2014 15:07:02	70	50	0
Apr 07, 2014 15:07:03	63	40	0
Apr 07, 2014 15:07:04	60	37	0
Apr 07, 2014 15:07:05	54	41	0
Apr 07, 2014 15:07:06	51	54	0
Apr 07, 2014 15:07:07	61	64	0
Apr 07, 2014 15:07:08	50	56	0
Apr 07, 2014 15:07:09	61	56	0
Apr 07, 2014 15:07:10	77	35	0
Apr 07, 2014 15:07:11	75	41	0
Apr 07, 2014 15:07:12	57	40	0
Apr 07, 2014 15:07:13	34	40	0
Apr 07, 2014 15:07:14	17	44	0
Apr 07, 2014 15:07:15	13	43	0
Apr 07, 2014 15:07:16	4	40	0
Apr 07, 2014 15:07:17	14	50	0
Apr 07, 2014 15:07:18	13	41	0
Apr 07, 2014 15:07:19	41	41	0
Apr 07, 2014 15:07:20	77	40	0
Apr 07, 2014 15:07:21	70	35	0
Apr 07, 2014 15:07:22	78	34	0
Apr 07, 2014 15:07:23	63	29	0
Apr 07, 2014 15:07:24	41	35	0
Apr 07, 2014 15:07:25	37	37	0
Apr 07, 2014 15:07:26	41	37	0
Apr 07, 2014 15:07:27	34	50	0
Apr 07, 2014 15:07:28	29	51	0
Apr 07, 2014 15:07:30	50	51	0
Apr 07, 2014 15:07:31	56	63	0
Apr 07, 2014 15:07:32	63	53	0
Apr 07, 2014 15:07:33	53	48	0
Apr 07, 2014 15:07:34	60	40	0
Apr 07, 2014 15:07:35	50	34	0
Apr 07, 2014 15:07:36	50	40	0
Apr 07, 2014 15:07:37	53	47	0
Apr 07, 2014 15:07:38	60	51	0
Apr 07, 2014 15:07:39	56	47	0
Apr 07, 2014 15:07:40	61	47	0
Apr 07, 2014 15:07:41	75	44	0
Apr 07, 2014 15:07:42	57	43	0
Apr 07, 2014 15:07:43	50	34	0
Apr 07, 2014 15:07:44	48	24	0
Apr 07, 2014 15:07:45	30	23	0
Apr 07, 2014 15:07:46	53	26	0
Apr 07, 2014 15:07:47	67	37	0
Apr 07, 2014 15:07:48	63	47	0
Apr 07, 2014 15:07:49	53	54	0
Apr 07, 2014 15:07:50	44	53	0
Apr 07, 2014 15:07:51	30	51	0
Apr 07, 2014 15:07:52	48	47	0
Apr 07, 2014 15:07:53	64	53	0
Apr 07, 2014 15:07:54	50	41	0
Apr 07, 2014 15:07:55	54	40	0
Apr 07, 2014 15:07:56	38	47	0
Apr 07, 2014 15:07:57	24	35	0
Apr 07, 2014 15:07:58	38	50	0
Apr 07, 2014 15:08:00	34	47	0
Apr 07, 2014 15:08:01	26	29	0
Apr 07, 2014 15:08:02	21	41	0
Apr 07, 2014 15:08:03	16	37	0
Apr 07, 2014 15:08:04	30	51	0
Apr 07, 2014 15:08:05	47	47	0
Apr 07, 2014 15:08:06	50	48	0
Apr 07, 2014 15:08:07	61	51	0
Apr 07, 2014 15:08:08	43	51	0
Apr 07, 2014 15:08:09	30	54	0
Apr 07, 2014 15:08:10	26	66	0
Apr 07, 2014 15:08:11	34	67	0
Apr 07, 2014 15:08:12	40	56	0
Apr 07, 2014 15:08:13	48	50	0
Apr 07, 2014 15:08:14	47	43	0
Apr 07, 2014 15:08:15	51	23	0
Apr 07, 2014 15:08:16	41	29	0
Apr 07, 2014 15:08:17	44	35	0
Apr 07, 2014 15:08:18	63	40	0
Apr 07, 2014 15:08:19	60	57	0
Apr 07, 2014 15:08:20	50	61	0
Apr 07, 2014 15:08:21	35	53	0
Apr 07, 2014 15:08:22	48	48	0
Apr 07, 2014 15:08:23	54	40	0
Apr 07, 2014 15:08:24	81	41	0
Apr 07, 2014 15:08:25	100	53	0
Apr 07, 2014 15:08:26	88	47	0
Apr 07, 2014 15:08:27	74	34	0
Apr 07, 2014 15:08:28	53	27	0
Apr 07, 2014 15:08:30	37	23	0
Apr 07, 2014 15:08:31	27	43	0
Apr 07, 2014 15:08:32	47	50	0
Apr 07, 2014 15:08:33	40	30	0
Apr 07, 2014 15:08:34	44	43	0
Apr 07, 2014 15:08:35	57	40	0
Apr 07, 2014 15:08:36	53	44	0
Apr 07, 2014 15:08:37	48	50	0
Apr 07, 2014 15:08:38	63	48	0
Apr 07, 2014 15:08:39	69	44	0
Apr 07, 2014 15:08:40	69	47	0
Apr 07, 2014 15:08:41	77	57	0
Apr 07, 2014 15:08:42	67	60	0
Apr 07, 2014 15:08:43	57	69	0
Apr 07, 2014 15:08:44	69	60	0
Apr 07, 2014 15:08:45	70	61	0
Apr 07, 2014 15:08:46	61	63	0
Apr 07, 2014 15:08:47	74	51	0
Apr 07, 2014 15:08:48	60	54	0
Apr 07, 2014 15:08:49	48	37	0
Apr 07, 2014 15:08:50	51	44	0
Apr 07, 2014 15:08:51	37	48	0
Apr 07, 2014 15:08:52	44	51	0
Apr 07, 2014 15:08:53	60	60	0
Apr 07, 2014 15:08:54	70	53	0
Apr 07, 2014 15:08:55	87	57	0
Apr 07, 2014 15:08:56	83	57	0
Apr 07, 2014 15:08:57	66	56	0
Apr 07, 2014 15:08:58	63	60	0
Apr 07, 2014 15:08:59	54	48	0
Apr 07, 2014 15:09:01	64	48	0
Apr 07, 2014 15:09:02	60	47	0
Apr 07, 2014 15:09:03	41	34	0
Apr 07, 2014 15:09:04	60	38	0
Apr 07, 2014 15:09:05	48	38	0
Apr 07, 2014 15:09:06	70	43	0
Apr 07, 2014 15:09:07	78	54	0
Apr 07, 2014 15:09:08	63	63	0
Apr 07, 2014 15:09:09	63	64	0
Apr 07, 2014 15:09:10	48	57	0
Apr 07, 2014 15:09:11	48	48	0
Apr 07, 2014 15:09:12	43	37	0
Apr 07, 2014 15:09:13	38	30	0
Apr 07, 2014 15:09:14	43	27	0
Apr 07, 2014 15:09:15	57	38	0
Apr 07, 2014 15:09:16	61	43	0
Apr 07, 2014 15:09:17	74	44	0
Apr 07, 2014 15:09:18	69	51	0
Apr 07, 2014 15:09:19	51	44	0
Apr 07, 2014 15:09:20	51	43	0
Apr 07, 2014 15:09:21	44	35	0
Apr 07, 2014 15:09:22	57	21	0
Apr 07, 2014 15:09:23	67	27	0
Apr 07, 2014 15:09:24	63	34	0
Apr 07, 2014 15:09:25	64	23	0
Apr 07, 2014 15:09:26	88	27	0
Apr 07, 2014 15:09:27	78	30	0
Apr 07, 2014 15:09:28	78	44	0
Apr 07, 2014 15:09:29	56	56	0
Apr 07, 2014 15:09:31	29	66	0
Apr 07, 2014 15:09:32	29	54	0
Apr 07, 2014 15:09:33	30	44	0
Apr 07, 2014 15:09:34	44	47	0
Apr 07, 2014 15:09:35	44	34	0
Apr 07, 2014 15:09:36	26	30	0
Apr 07, 2014 15:09:37	23	37	0
Apr 07, 2014 15:09:38	11	30	0
Apr 07, 2014 15:09:39	13	40	0
Apr 07, 2014 15:09:40	13	37	0
Apr 07, 2014 15:09:41	26	29	0
Apr 07, 2014 15:09:42	27	34	0
Apr 07, 2014 15:09:43	17	26	0
Apr 07, 2014 15:09:44	37	37	0
Apr 07, 2014 15:09:45	47	38	0
Apr 07, 2014 15:09:46	37	17	0
Apr 07, 2014 15:09:47	63	26	0
Apr 07, 2014 15:09:48	47	7	0
Apr 07, 2014 15:09:49	44	24	0
Apr 07, 2014 15:09:50	24	24	0
Apr 07, 2014 15:09:51	48	50	0
Apr 07, 2014 15:09:52	53	60	0
Apr 07, 2014 15:09:53	44	54	0
Apr 07, 2014 15:09:54	51	56	0
Apr 07, 2014 15:09:55	51	56	26
Apr 07, 2014 15:09:56	41	48	0
Apr 07, 2014 15:09:57	37	47	0
Apr 07, 2014 15:09:58	24	50	0
Apr 07, 2014 15:10:00	34	47	0
Apr 07, 2014 15:10:01	43	51	0
Apr 07, 2014 15:10:02	54	44	0
Apr 07, 2014 15:10:03	70	48	0
Apr 07, 2014 15:10:04	61	48	0
Apr 07, 2014 15:10:05	44	47	0
Apr 07, 2014 15:10:06	30	37	0
Apr 07, 2014 15:10:07	20	30	0
Apr 07, 2014 15:10:08	4	27	0
Apr 07, 2014 15:10:09	11	35	0
Apr 07, 2014 15:10:10	10	37	0
Apr 07, 2014 15:10:11	16	40	0
Apr 07, 2014 15:10:12	26	40	0
Apr 07, 2014 15:10:13	35	41	0
Apr 07, 2014 15:10:14	47	48	0
Apr 07, 2014 15:10:15	54	50	0
Apr 07, 2014 15:10:16	64	41	0
Apr 07, 2014 15:10:17	66	41	0
Apr 07, 2014 15:10:18	67	37	0
Apr 07, 2014 15:10:19	64	41	0
Apr 07, 2014 15:10:20	64	51	0
Apr 07, 2014 15:10:21	57	51	0
Apr 07, 2014 15:10:22	51	60	0
Apr 07, 2014 15:10:23	57	57	0
Apr 07, 2014 15:10:24	60	63	0
Apr 07, 2014 15:10:25	60	74	0
Apr 07, 2014 15:10:26	74	64	0
Apr 07, 2014 15:10:27	66	60	0
Apr 07, 2014 15:10:28	63	44	0
Apr 07, 2014 15:10:29	63	29	0
Apr 07, 2014 15:10:31	44	20	0
Apr 07, 2014 15:10:32	41	26	0
Apr 07, 2014 15:10:33	54	35	0
Apr 07, 2014 15:10:34	50	37	0
Apr 07, 2014 15:10:35	43	60	0
Apr 07, 2014 15:10:36	34	50	0
Apr 07, 2014 15:10:37	21	54	0
Apr 07, 2014 15:10:38	20	66	0
Apr 07, 2014 15:10:39	26	51	0
Apr 07, 2014 15:10:40	26	43	0
Apr 07, 2014 15:10:41	14	27	0
Apr 07, 2014 15:10:42	21	27	0
Apr 07, 2014 15:10:43	37	40	0
Apr 07, 2014 15:10:44	60	56	0
Apr 07, 2014 15:10:45	54	47	0
Apr 07, 2014 15:10:46	53	50	0
Apr 07, 2014 15:10:47	54	51	0
Apr 07, 2014 15:10:48	53	48	0
Apr 07, 2014 15:10:49	61	50	0
Apr 07, 2014 15:10:50	63	61	0
Apr 07, 2014 15:10:51	57	64	0
Apr 07, 2014 15:10:52	51	63	0
Apr 07, 2014 15:10:53	56	64	0
Apr 07, 2014 15:10:54	53	57	0
Apr 07, 2014 15:10:55	53	54	0
Apr 07, 2014 15:10:56	53	54	0
Apr 07, 2014 15:10:57	44	57	0
Apr 07, 2014 15:10:58	51	63	0
Apr 07, 2014 15:10:59	56	63	0
Apr 07, 2014 15:11:01	63	66	0
Apr 07, 2014 15:11:02	53	60	0
Apr 07, 2014 15:11:03	60	56	0
Apr 07, 2014 15:11:04	48	50	0
Apr 07, 2014 15:11:05	35	48	0
Apr 07, 2014 15:11:06	40	44	0
Apr 07, 2014 15:11:07	37	53	0
Apr 07, 2014 15:11:08	38	57	0
Apr 07, 2014 15:11:09	67	56	0
Apr 07, 2014 15:11:10	63	44	0
Apr 07, 2014 15:11:11	51	38	0
Apr 07, 2014 15:11:12	53	30	0
Apr 07, 2014 15:11:13	41	35	0
Apr 07, 2014 15:11:14	48	37	0
Apr 07, 2014 15:11:15	66	51	0
Apr 07, 2014 15:11:16	60	74	0
Apr 07, 2014 15:11:17	56	70	0
Apr 07, 2014 15:11:18	51	81	0
Apr 07, 2014 15:11:19	61	75	0
Apr 07, 2014 15:11:20	74	63	0
Apr 07, 2014 15:11:21	87	74	0
Apr 07, 2014 15:11:22	91	64	0
Apr 07, 2014 15:11:23	84	69	0
Apr 07, 2014 15:11:24	56	56	0
Apr 07, 2014 15:11:25	38	43	0
Apr 07, 2014 15:11:26	37	38	0
Apr 07, 2014 15:11:27	40	29	0
Apr 07, 2014 15:11:29	56	38	0
Apr 07, 2014 15:11:30	69	47	0
Apr 07, 2014 15:11:31	75	51	0
Apr 07, 2014 15:11:32	63	63	0
Apr 07, 2014 15:11:33	57	51	0
Apr 07, 2014 15:11:34	47	44	0
Apr 07, 2014 15:11:35	44	24	0
Apr 07, 2014 15:11:36	40	27	0
Apr 07, 2014 15:11:37	51	48	0
Apr 07, 2014 15:11:38	56	48	0
Apr 07, 2014 15:11:39	47	48	0
Apr 07, 2014 15:11:40	43	43	0
Apr 07, 2014 15:11:41	26	44	0
Apr 07, 2014 15:11:42	21	56	0
Apr 07, 2014 15:11:43	35	69	0
Apr 07, 2014 15:11:44	35	78	0
Apr 07, 2014 15:11:45	48	78	0
Apr 07, 2014 15:11:46	43	77	0
Apr 07, 2014 15:11:47	35	60	0
Apr 07, 2014 15:11:48	35	60	0
Apr 07, 2014 15:11:49	26	54	0
Apr 07, 2014 15:11:50	40	48	0
Apr 07, 2014 15:11:51	34	64	0
Apr 07, 2014 15:11:52	34	60	0
Apr 07, 2014 15:11:54	34	50	0
Apr 07, 2014 15:11:55	30	43	0
Apr 07, 2014 15:11:56	47	47	0
Apr 07, 2014 15:11:57	56	47	0
Apr 07, 2014 15:11:58	54	53	0
Apr 07, 2014 15:11:59	64	51	0
Apr 07, 2014 15:12:00	78	47	0
Apr 07, 2014 15:12:01	57	51	0
Apr 07, 2014 15:12:02	63	61	0
Apr 07, 2014 15:12:03	38	54	0
Apr 07, 2014 15:12:04	14	67	0
Apr 07, 2014 15:12:05	27	61	0
Apr 07, 2014 15:12:06	17	48	0
Apr 07, 2014 15:12:07	34	61	0
Apr 07, 2014 15:12:08	34	63	0
Apr 07, 2014 15:12:09	24	66	0
Apr 07, 2014 15:12:10	30	80	0
Apr 07, 2014 15:12:11	35	66	0
Apr 07, 2014 15:12:12	34	57	0
Apr 07, 2014 15:12:13	35	75	0
Apr 07, 2014 15:12:14	38	75	0
Apr 07, 2014 15:12:15	38	84	0
Apr 07, 2014 15:12:16	43	88	0
Apr 07, 2014 15:12:17	47	74	0
Apr 07, 2014 15:12:19	40	66	0
Apr 07, 2014 15:12:20	40	63	0
Apr 07, 2014 15:12:21	48	61	0
Apr 07, 2014 15:12:22	47	61	0
Apr 07, 2014 15:12:23	41	53	0
Apr 07, 2014 15:12:24	24	41	0
Apr 07, 2014 15:12:25	17	41	0
Apr 07, 2014 15:12:26	13	43	0
Apr 07, 2014 15:12:27	8	54	0
Apr 07, 2014 15:12:28	21	69	0
Apr 07, 2014 15:12:29	13	63	0
Apr 07, 2014 15:12:30	21	63	0
Apr 07, 2014 15:12:31	23	44	0
Apr 07, 2014 15:12:32	24	43	0
Apr 07, 2014 15:12:33	29	40	0
Apr 07, 2014 15:12:34	27	40	0
Apr 07, 2014 15:12:35	37	61	0
Apr 07, 2014 15:12:36	37	61	0
Apr 07, 2014 15:12:37	30	77	0
Apr 07, 2014 15:12:38	29	63	0
Apr 07, 2014 15:12:39	27	56	0
Apr 07, 2014 15:12:40	24	47	0
Apr 07, 2014 15:12:41	24	54	0
Apr 07, 2014 15:12:42	23	43	0
Apr 07, 2014 15:12:44	20	27	0
Apr 07, 2014 15:12:45	38	26	0
Apr 07, 2014 15:12:46	40	21	0
Apr 07, 2014 15:12:47	40	23	0
Apr 07, 2014 15:12:48	37	21	0
Apr 07, 2014 15:12:49	40	34	0
Apr 07, 2014 15:12:50	53	41	0
Apr 07, 2014 15:12:51	61	41	0
Apr 07, 2014 15:12:52	74	43	0
Apr 07, 2014 15:12:53	63	43	0
Apr 07, 2014 15:12:54	57	43	0
Apr 07, 2014 15:12:55	56	48	0
Apr 07, 2014 15:12:56	63	56	0
Apr 07, 2014 15:12:57	69	60	0
Apr 07, 2014 15:12:58	67	60	0
Apr 07, 2014 15:12:59	61	67	0
Apr 07, 2014 15:13:00	50	74	0
Apr 07, 2014 15:13:01	37	69	0
Apr 07, 2014 15:13:02	30	66	0
Apr 07, 2014 15:13:03	35	57	0
Apr 07, 2014 15:13:04	30	44	0
Apr 07, 2014 15:13:05	24	51	0
Apr 07, 2014 15:13:06	21	51	0
Apr 07, 2014 15:13:07	17	56	0
Apr 07, 2014 15:13:09	20	70	0
Apr 07, 2014 15:13:10	20	60	0
Apr 07, 2014 15:13:11	23	47	0
Apr 07, 2014 15:13:12	23	53	0
Apr 07, 2014 15:13:13	34	53	0
Apr 07, 2014 15:13:14	34	50	0
Apr 07, 2014 15:13:15	40	63	0
Apr 07, 2014 15:13:16	60	53	0
Apr 07, 2014 15:13:17	48	40	0
Apr 07, 2014 15:13:18	44	27	0
Apr 07, 2014 15:13:19	50	24	0
Apr 07, 2014 15:13:20	24	23	0
Apr 07, 2014 15:13:21	43	30	0
Apr 07, 2014 15:13:22	50	56	0
Apr 07, 2014 15:13:23	48	56	0
Apr 07, 2014 15:13:24	48	54	0
Apr 07, 2014 15:13:25	48	40	0
Apr 07, 2014 15:13:26	48	43	0
Apr 07, 2014 15:13:27	48	38	0
Apr 07, 2014 15:13:28	53	48	0
Apr 07, 2014 15:13:29	48	51	0
Apr 07, 2014 15:13:30	47	37	0
Apr 07, 2014 15:13:31	53	43	0
Apr 07, 2014 15:13:32	48	34	0
Apr 07, 2014 15:13:34	48	34	26
Apr 07, 2014 15:13:35	47	30	0
Apr 07, 2014 15:13:36	38	29	0
Apr 07, 2014 15:13:37	38	38	0
Apr 07, 2014 15:13:38	41	48	0
Apr 07, 2014 15:13:39	44	51	0
Apr 07, 2014 15:13:40	48	60	0
Apr 07, 2014 15:13:41	53	56	0
Apr 07, 2014 15:13:42	43	44	0
Apr 07, 2014 15:13:43	34	56	0
Apr 07, 2014 15:13:44	44	66	0
Apr 07, 2014 15:13:45	34	63	0
Apr 07, 2014 15:13:46	40	80	0
Apr 07, 2014 15:13:47	41	63	0
Apr 07, 2014 15:13:48	35	57	0
Apr 07, 2014 15:13:49	29	50	0
Apr 07, 2014 15:13:50	40	60	0
Apr 07, 2014 15:13:51	43	56	0
Apr 07, 2014 15:13:52	54	57	0
Apr 07, 2014 15:13:53	63	50	0
Apr 07, 2014 15:13:54	64	43	0
Apr 07, 2014 15:13:55	67	47	0
Apr 07, 2014 15:13:56	51	56	0
Apr 07, 2014 15:13:57	40	47	0
Apr 07, 2014 15:13:59	37	54	0
Apr 07, 2014 15:14:00	26	53	0
Apr 07, 2014 15:14:01	24	47	0
Apr 07, 2014 15:14:02	30	60	0
Apr 07, 2014 15:14:03	26	50	0
Apr 07, 2014 15:14:04	38	48	0
Apr 07, 2014 15:14:05	41	38	0
Apr 07, 2014 15:14:06	27	47	0
Apr 07, 2014 15:14:07	20	48	0
Apr 07, 2014 15:14:08	13	50	0
Apr 07, 2014 15:14:09	14	54	0
Apr 07, 2014 15:14:10	23	57	0
Apr 07, 2014 15:14:11	29	60	0
Apr 07, 2014 15:14:12	13	63	0
Apr 07, 2014 15:14:13	13	60	0
Apr 07, 2014 15:14:14	14	69	0
Apr 07, 2014 15:14:15	14	78	0
Apr 07, 2014 15:14:16	29	75	0
Apr 07, 2014 15:14:17	30	77	0
Apr 07, 2014 15:14:18	37	74	0
Apr 07, 2014 15:14:19	44	69	0
Apr 07, 2014 15:14:20	38	84	0
Apr 07, 2014 15:14:21	34	70	0
Apr 07, 2014 15:14:22	38	66	0
Apr 07, 2014 15:14:24	40	56	0
Apr 07, 2014 15:14:25	44	53	0
Apr 07, 2014 15:14:26	40	66	0
Apr 07, 2014 15:14:27	27	69	0
Apr 07, 2014 15:14:28	13	77	0
Apr 07, 2014 15:14:29	14	61	0
Apr 07, 2014 15:14:30	21	50	0
Apr 07, 2014 15:14:31	16	43	0
Apr 07, 2014 15:14:32	23	43	0
Apr 07, 2014 15:14:33	13	37	0
Apr 07, 2014 15:14:34	7	30	0
Apr 07, 2014 15:14:35	11	47	0
Apr 07, 2014 15:14:36	29	67	0
Apr 07, 2014 15:14:37	20	77	0
Apr 07, 2014 15:14:38	29	80	0
Apr 07, 2014 15:14:39	30	70	0
Apr 07, 2014 15:14:40	16	64	0
Apr 07, 2014 15:14:41	17	50	0
Apr 07, 2014 15:14:42	17	60	0
Apr 07, 2014 15:14:43	14	67	0
Apr 07, 2014 15:14:44	21	67	0
Apr 07, 2014 15:14:45	23	75	0
Apr 07, 2014 15:14:46	20	61	0
Apr 07, 2014 15:14:47	26	53	0
Apr 07, 2014 15:14:49	20	50	0
Apr 07, 2014 15:14:50	14	56	0
Apr 07, 2014 15:14:51	24	70	0
Apr 07, 2014 15:14:52	4	63	0
Apr 07, 2014 15:14:53	1	61	0
Apr 07, 2014 15:14:54	14	60	0
Apr 07, 2014 15:14:55	11	53	0
Apr 07, 2014 15:14:56	24	44	0
Apr 07, 2014 15:14:57	17	43	0
Apr 07, 2014 15:14:58	17	37	0
Apr 07, 2014 15:14:59	21	26	0
Apr 07, 2014 15:15:00	27	47	0
Apr 07, 2014 15:15:01	30	50	0
Apr 07, 2014 15:15:02	30	69	0
Apr 07, 2014 15:15:03	37	77	0
Apr 07, 2014 15:15:04	38	81	0
Apr 07, 2014 15:15:05	44	77	0
Apr 07, 2014 15:15:06	47	57	0
Apr 07, 2014 15:15:07	48	66	0
Apr 07, 2014 15:15:08	47	56	0
Apr 07, 2014 15:15:09	41	60	0
Apr 07, 2014 15:15:10	47	63	0
Apr 07, 2014 15:15:11	30	44	0
Apr 07, 2014 15:15:12	37	51	0
Apr 07, 2014 15:15:13	34	44	0
Apr 07, 2014 15:15:15	29	41	0
Apr 07, 2014 15:15:16	24	44	0
Apr 07, 2014 15:15:17	27	50	0
Apr 07, 2014 15:15:18	30	48	0
Apr 07, 2014 15:15:19	34	54	0
Apr 07, 2014 15:15:20	27	56	0
Apr 07, 2014 15:15:21	16	63	0
Apr 07, 2014 15:15:22	30	69	0
Apr 07, 2014 15:15:23	30	75	0
Apr 07, 2014 15:15:24	17	74	0
Apr 07, 2014 15:15:25	24	75	0
Apr 07, 2014 15:15:26	21	80	0
Apr 07, 2014 15:15:27	34	78	0
Apr 07, 2014 15:15:28	53	70	0
Apr 07, 2014 15:15:29	47	56	0
Apr 07, 2014 15:15:30	51	43	0
Apr 07, 2014 15:15:31	35	23	0
Apr 07, 2014 15:15:32	29	30	0
Apr 07, 2014 15:15:33	41	37	0
Apr 07, 2014 15:15:34	35	41	0
Apr 07, 2014 15:15:35	37	63	0
Apr 07, 2014 15:15:36	24	63	0
Apr 07, 2014 15:15:37	26	67	0
Apr 07, 2014 15:15:38	27	70	0
Apr 07, 2014 15:15:40	41	60	0
Apr 07, 2014 15:15:41	61	56	0
Apr 07, 2014 15:15:42	57	47	0
Apr 07, 2014 15:15:43	57	47	0
Apr 07, 2014 15:15:44	44	48	0
Apr 07, 2014 15:15:45	30	41	0
Apr 07, 2014 15:15:46	35	47	0
Apr 07, 2014 15:15:47	20	67	0
Apr 07, 2014 15:15:48	17	64	0
Apr 07, 2014 15:15:49	29	77	0
Apr 07, 2014 15:15:50	38	74	0
Apr 07, 2014 15:15:51	43	63	0
Apr 07, 2014 15:15:52	40	67	0
Apr 07, 2014 15:15:53	34	69	0
Apr 07, 2014 15:15:54	24	63	0
Apr 07, 2014 15:15:55	24	60	0
Apr 07, 2014 15:15:56	17	53	0
Apr 07, 2014 15:15:57	10	44	0
Apr 07, 2014 15:15:58	10	54	0
Apr 07, 2014 15:15:59	10	54	26
Apr 07, 2014 15:16:00	13	44	0
Apr 07, 2014 15:16:01	23	37	0
Apr 07, 2014 15:16:02	38	41	0
Apr 07, 2014 15:16:03	35	50	0
Apr 07, 2014 15:16:05	40	70	0
Apr 07, 2014 15:16:06	27	60	0
Apr 07, 2014 15:16:07	38	63	0
Apr 07, 2014 15:16:08	38	70	0
Apr 07, 2014 15:16:09	37	67	0
Apr 07, 2014 15:16:10	43	75	0
Apr 07, 2014 15:16:11	34	74	0
Apr 07, 2014 15:16:12	43	64	0
Apr 07, 2014 15:16:13	41	64	0
Apr 07, 2014 15:16:14	44	60	0
Apr 07, 2014 15:16:15	53	57	0
Apr 07, 2014 15:16:16	47	61	0
Apr 07, 2014 15:16:17	43	51	0
Apr 07, 2014 15:16:18	43	51	51
Apr 07, 2014 15:16:19	37	56	0
Apr 07, 2014 15:16:20	27	51	0
Apr 07, 2014 15:16:21	14	47	0
Apr 07, 2014 15:16:22	21	54	0
Apr 07, 2014 15:16:23	21	57	0
Apr 07, 2014 15:16:24	17	56	0
Apr 07, 2014 15:16:25	29	64	0
Apr 07, 2014 15:16:26	30	61	0
Apr 07, 2014 15:16:27	34	75	0
Apr 07, 2014 15:16:28	38	66	0
Apr 07, 2014 15:16:30	26	64	0
Apr 07, 2014 15:16:31	21	48	0
Apr 07, 2014 15:16:32	21	40	0
Apr 07, 2014 15:16:33	16	40	0
Apr 07, 2014 15:16:34	26	40	0
Apr 07, 2014 15:16:35	47	40	0
Apr 07, 2014 15:16:36	50	51	0
Apr 07, 2014 15:16:37	60	48	0
Apr 07, 2014 15:16:38	44	57	0
Apr 07, 2014 15:16:39	26	61	0
Apr 07, 2014 15:16:40	23	53	0
Apr 07, 2014 15:16:41	10	50	0
Apr 07, 2014 15:16:42	10	38	0
Apr 07, 2014 15:16:43	24	54	0
Apr 07, 2014 15:16:44	37	66	0
Apr 07, 2014 15:16:45	44	77	0
Apr 07, 2014 15:16:46	64	77	0
Apr 07, 2014 15:16:47	57	64	0
Apr 07, 2014 15:16:48	47	63	0
Apr 07, 2014 15:16:49	30	63	0
Apr 07, 2014 15:16:50	35	60	0
Apr 07, 2014 15:16:51	35	56	0
Apr 07, 2014 15:16:52	24	44	0
Apr 07, 2014 15:16:53	24	37	0
Apr 07, 2014 15:16:55	30	37	0
Apr 07, 2014 15:16:56	35	26	0
Apr 07, 2014 15:16:57	41	37	0
Apr 07, 2014 15:16:58	34	37	0
Apr 07, 2014 15:16:59	24	38	0
Apr 07, 2014 15:17:00	23	37	0
Apr 07, 2014 15:17:01	17	40	0
Apr 07, 2014 15:17:02	24	54	0
Apr 07, 2014 15:17:03	24	61	0
Apr 07, 2014 15:17:04	16	70	0
Apr 07, 2014 15:17:05	20	77	0
Apr 07, 2014 15:17:06	24	77	0
Apr 07, 2014 15:17:07	17	63	0
Apr 07, 2014 15:17:08	24	53	0
Apr 07, 2014 15:17:09	17	40	0
Apr 07, 2014 15:17:10	17	29	0
Apr 07, 2014 15:17:11	21	51	0
Apr 07, 2014 15:17:12	30	61	0
Apr 07, 2014 15:17:13	29	74	0
Apr 07, 2014 15:17:14	37	77	0
Apr 07, 2014 15:17:15	34	70	0
Apr 07, 2014 15:17:16	24	67	0
Apr 07, 2014 15:17:17	20	67	0
Apr 07, 2014 15:17:18	21	61	0
Apr 07, 2014 15:17:20	26	67	0
Apr 07, 2014 15:17:21	43	74	0
Apr 07, 2014 15:17:22	53	67	0
Apr 07, 2014 15:17:23	44	64	0
Apr 07, 2014 15:17:24	35	56	0
Apr 07, 2014 15:17:25	23	69	0
Apr 07, 2014 15:17:26	21	70	0
Apr 07, 2014 15:17:27	16	74	0
Apr 07, 2014 15:17:28	27	74	0
Apr 07, 2014 15:17:29	30	41	0
Apr 07, 2014 15:17:30	24	37	0
Apr 07, 2014 15:17:31	24	27	0
Apr 07, 2014 15:17:32	27	29	0
Apr 07, 2014 15:17:33	38	48	0
Apr 07, 2014 15:17:34	44	60	0
Apr 07, 2014 15:17:35	43	66	0
Apr 07, 2014 15:17:36	35	64	0
Apr 07, 2014 15:17:37	34	53	0
Apr 07, 2014 15:17:38	29	61	0
Apr 07, 2014 15:17:39	34	48	0
Apr 07, 2014 15:17:40	29	60	0
Apr 07, 2014 15:17:41	44	61	0
Apr 07, 2014 15:17:42	56	61	0
Apr 07, 2014 15:17:43	50	64	0
Apr 07, 2014 15:17:45	44	50	0
Apr 07, 2014 15:17:46	41	51	0
Apr 07, 2014 15:17:47	34	50	0
Apr 07, 2014 15:17:48	35	51	0
Apr 07, 2014 15:17:49	44	54	0
Apr 07, 2014 15:17:50	37	56	0
Apr 07, 2014 15:17:51	34	56	0
Apr 07, 2014 15:17:52	29	50	0
Apr 07, 2014 15:17:53	23	57	0
Apr 07, 2014 15:17:54	21	69	0
Apr 07, 2014 15:17:55	34	78	0
Apr 07, 2014 15:17:56	30	81	0
Apr 07, 2014 15:17:57	40	67	0
Apr 07, 2014 15:17:58	38	63	0
Apr 07, 2014 15:17:59	47	78	0
Apr 07, 2014 15:18:00	50	77	0
Apr 07, 2014 15:18:01	40	78	0
Apr 07, 2014 15:18:02	38	78	0
Apr 07, 2014 15:18:03	35	63	0
Apr 07, 2014 15:18:04	44	61	0
Apr 07, 2014 15:18:05	41	57	0
Apr 07, 2014 15:18:06	47	56	0
Apr 07, 2014 15:18:07	50	56	0
Apr 07, 2014 15:18:09	34	60	0
Apr 07, 2014 15:18:10	29	50	0
Apr 07, 2014 15:18:11	23	44	0
Apr 07, 2014 15:18:12	23	44	0
Apr 07, 2014 15:18:13	29	44	0
Apr 07, 2014 15:18:14	27	48	0
Apr 07, 2014 15:18:15	26	61	0
Apr 07, 2014 15:18:16	26	67	0
Apr 07, 2014 15:18:17	27	70	0
Apr 07, 2014 15:18:18	35	70	0
Apr 07, 2014 15:18:19	23	61	0
Apr 07, 2014 15:18:20	16	53	0
Apr 07, 2014 15:18:21	14	63	0
Apr 07, 2014 15:18:22	17	67	0
Apr 07, 2014 15:18:23	35	77	0
Apr 07, 2014 15:18:24	41	91	0
Apr 07, 2014 15:18:25	40	81	0
Apr 07, 2014 15:18:26	38	64	0
Apr 07, 2014 15:18:27	35	56	0
Apr 07, 2014 15:18:28	27	40	0
Apr 07, 2014 15:18:29	27	50	0
Apr 07, 2014 15:18:30	27	69	0
Apr 07, 2014 15:18:31	23	80	0
Apr 07, 2014 15:18:32	34	90	0
Apr 07, 2014 15:18:33	34	83	0
Apr 07, 2014 15:18:35	34	83	0
Apr 07, 2014 15:18:36	38	70	0
Apr 07, 2014 15:18:37	27	57	0
Apr 07, 2014 15:18:38	13	50	0
Apr 07, 2014 15:18:39	17	51	0
Apr 07, 2014 15:18:40	10	41	0
Apr 07, 2014 15:18:41	20	53	0
Apr 07, 2014 15:18:42	37	63	0
Apr 07, 2014 15:18:43	21	50	0
Apr 07, 2014 15:18:44	21	50	26
Apr 07, 2014 15:18:45	30	64	0
Apr 07, 2014 15:18:46	29	61	0
Apr 07, 2014 15:18:47	26	66	0
Apr 07, 2014 15:18:48	26	66	26
Apr 07, 2014 15:18:49	37	69	0
Apr 07, 2014 15:18:50	44	69	0
Apr 07, 2014 15:18:51	38	56	0
Apr 07, 2014 15:18:52	35	53	0
Apr 07, 2014 15:18:53	29	44	0
Apr 07, 2014 15:18:54	29	44	0
Apr 07, 2014 15:18:55	16	51	0
Apr 07, 2014 15:18:56	29	44	0
Apr 07, 2014 15:18:57	24	53	0
Apr 07, 2014 15:18:59	27	60	0
Apr 07, 2014 15:19:00	20	54	0
Apr 07, 2014 15:19:01	7	61	0
Apr 07, 2014 15:19:02	14	61	0
Apr 07, 2014 15:19:03	26	66	0
Apr 07, 2014 15:19:04	40	43	0
Apr 07, 2014 15:19:05	44	50	0
Apr 07, 2014 15:19:06	50	54	0
Apr 07, 2014 15:19:07	44	51	0
Apr 07, 2014 15:19:08	35	75	0
Apr 07, 2014 15:19:09	16	67	0
Apr 07, 2014 15:19:10	8	56	0
Apr 07, 2014 15:19:11	10	51	0
Apr 07, 2014 15:19:12	17	51	0
Apr 07, 2014 15:19:13	30	56	0
Apr 07, 2014 15:19:14	40	69	0
Apr 07, 2014 15:19:15	40	69	0
Apr 07, 2014 15:19:16	38	66	0
Apr 07, 2014 15:19:17	26	60	0
Apr 07, 2014 15:19:18	27	56	0
Apr 07, 2014 15:19:19	44	53	0
Apr 07, 2014 15:19:20	41	50	0
Apr 07, 2014 15:19:21	51	50	0
Apr 07, 2014 15:19:22	44	41	0
Apr 07, 2014 15:19:24	29	43	0
Apr 07, 2014 15:19:25	37	47	0
Apr 07, 2014 15:19:26	48	47	0
Apr 07, 2014 15:19:27	51	57	0
Apr 07, 2014 15:19:28	47	60	0
Apr 07, 2014 15:19:29	50	67	0
Apr 07, 2014 15:19:30	50	75	0
Apr 07, 2014 15:19:31	48	67	0
Apr 07, 2014 15:19:32	51	66	0
Apr 07, 2014 15:19:33	41	64	0
Apr 07, 2014 15:19:34	41	64	0
Apr 07, 2014 15:19:35	43	75	0
Apr 07, 2014 15:19:36	44	83	0
Apr 07, 2014 15:19:37	44	75	0
Apr 07, 2014 15:19:38	41	70	0
Apr 07, 2014 15:19:39	40	77	0
Apr 07, 2014 15:19:40	34	63	0
Apr 07, 2014 15:19:41	38	66	0
Apr 07, 2014 15:19:42	47	61	0
Apr 07, 2014 15:19:43	51	56	0
Apr 07, 2014 15:19:44	48	60	0
Apr 07, 2014 15:19:45	47	56	0
Apr 07, 2014 15:19:46	40	50	0
Apr 07, 2014 15:19:47	50	63	0
Apr 07, 2014 15:19:49	56	57	0
Apr 07, 2014 15:19:50	53	63	0
Apr 07, 2014 15:19:51	47	63	0
Apr 07, 2014 15:19:52	40	63	0
Apr 07, 2014 15:19:53	29	67	0
Apr 07, 2014 15:19:54	29	67	0
Apr 07, 2014 15:19:55	43	83	0
Apr 07, 2014 15:19:56	51	67	0
Apr 07, 2014 15:19:57	54	64	0
Apr 07, 2014 15:19:58	40	57	0
Apr 07, 2014 15:19:59	29	54	0
Apr 07, 2014 15:20:00	29	53	0
Apr 07, 2014 15:20:01	35	51	0
Apr 07, 2014 15:20:02	56	48	0
Apr 07, 2014 15:20:03	57	53	0
Apr 07, 2014 15:20:04	53	60	0
Apr 07, 2014 15:20:05	51	54	0
Apr 07, 2014 15:20:06	35	48	0
Apr 07, 2014 15:20:07	37	41	0
Apr 07, 2014 15:20:08	38	48	0
Apr 07, 2014 15:20:09	48	81	0
Apr 07, 2014 15:20:10	44	80	0
Apr 07, 2014 15:20:11	30	77	0
Apr 07, 2014 15:20:13	24	56	0
Apr 07, 2014 15:20:14	20	56	0
Apr 07, 2014 15:20:15	23	57	0
Apr 07, 2014 15:20:16	21	48	0
Apr 07, 2014 15:20:17	16	64	0
Apr 07, 2014 15:20:18	20	67	0
Apr 07, 2014 15:20:19	20	83	0
Apr 07, 2014 15:20:20	24	81	0
Apr 07, 2014 15:20:21	30	75	0
Apr 07, 2014 15:20:22	29	74	0
Apr 07, 2014 15:20:23	43	66	0
Apr 07, 2014 15:20:24	43	70	0
Apr 07, 2014 15:20:25	44	66	0
Apr 07, 2014 15:20:26	44	54	0
Apr 07, 2014 15:20:27	35	48	0
Apr 07, 2014 15:20:28	38	56	0
Apr 07, 2014 15:20:29	40	64	0
Apr 07, 2014 15:20:30	40	70	0
Apr 07, 2014 15:20:31	30	74	0
Apr 07, 2014 15:20:32	35	74	0
Apr 07, 2014 15:20:33	35	74	0
Apr 07, 2014 15:20:34	48	61	0
Apr 07, 2014 15:20:35	63	53	0
Apr 07, 2014 15:20:36	64	44	0
Apr 07, 2014 15:20:38	60	38	0
Apr 07, 2014 15:20:39	64	43	0
Apr 07, 2014 15:20:40	57	54	0
Apr 07, 2014 15:20:41	53	61	0
Apr 07, 2014 15:20:42	47	67	0
Apr 07, 2014 15:20:43	40	63	0
Apr 07, 2014 15:20:44	35	53	0
Apr 07, 2014 15:20:45	40	53	0
Apr 07, 2014 15:20:46	40	60	0
Apr 07, 2014 15:20:47	35	56	0
Apr 07, 2014 15:20:48	37	56	0
Apr 07, 2014 15:20:49	29	51	0
Apr 07, 2014 15:20:50	34	35	0
Apr 07, 2014 15:20:51	37	29	0
Apr 07, 2014 15:20:52	41	37	0
Apr 07, 2014 15:20:53	44	47	0
Apr 07, 2014 15:20:54	41	74	0
Apr 07, 2014 15:20:55	40	74	0
Apr 07, 2014 15:20:56	35	64	0
Apr 07, 2014 15:20:57	40	67	0
Apr 07, 2014 15:20:58	40	64	0
Apr 07, 2014 15:20:59	35	66	0
Apr 07, 2014 15:21:00	34	64	0
Apr 07, 2014 15:21:02	37	60	0
Apr 07, 2014 15:21:03	40	64	0
Apr 07, 2014 15:21:04	41	69	0
Apr 07, 2014 15:21:05	53	77	0
Apr 07, 2014 15:21:06	51	88	0
Apr 07, 2014 15:21:07	51	69	0
Apr 07, 2014 15:21:08	51	67	0
Apr 07, 2014 15:21:09	34	54	0
Apr 07, 2014 15:21:10	34	54	0
Apr 07, 2014 15:21:11	20	63	0
Apr 07, 2014 15:21:12	10	54	0
Apr 07, 2014 15:21:13	10	54	0
Apr 07, 2014 15:21:14	3	51	0
Apr 07, 2014 15:21:15	27	54	0
Apr 07, 2014 15:21:16	29	57	0
Apr 07, 2014 15:21:17	27	54	0
Apr 07, 2014 15:21:18	21	51	0
Apr 07, 2014 15:21:19	11	47	0
Apr 07, 2014 15:21:20	20	51	0
Apr 07, 2014 15:21:21	23	37	0
Apr 07, 2014 15:21:22	24	35	0
Apr 07, 2014 15:21:23	29	27	0
Apr 07, 2014 15:21:24	24	27	0
Apr 07, 2014 15:21:25	30	47	0
Apr 07, 2014 15:21:27	23	40	0
Apr 07, 2014 15:21:28	20	48	0
Apr 07, 2014 15:21:29	24	51	0
Apr 07, 2014 15:21:30	17	44	0
Apr 07, 2014 15:21:31	27	51	0
Apr 07, 2014 15:21:32	44	44	0
Apr 07, 2014 15:21:33	41	41	0
Apr 07, 2014 15:21:34	40	41	0
Apr 07, 2014 15:21:35	41	51	0
Apr 07, 2014 15:21:36	29	60	0
Apr 07, 2014 15:21:37	34	51	0
Apr 07, 2014 15:21:38	30	48	0
Apr 07, 2014 15:21:39	24	41	0
Apr 07, 2014 15:21:40	34	44	0
Apr 07, 2014 15:21:41	40	64	0
Apr 07, 2014 15:21:42	38	61	0
Apr 07, 2014 15:21:43	30	51	0
Apr 07, 2014 15:21:44	38	48	0
Apr 07, 2014 15:21:45	29	50	0
Apr 07, 2014 15:21:46	29	54	0
Apr 07, 2014 15:21:47	24	53	0
Apr 07, 2014 15:21:48	21	50	0
Apr 07, 2014 15:21:49	34	50	0
Apr 07, 2014 15:21:50	41	48	0
Apr 07, 2014 15:21:51	47	44	0
Apr 07, 2014 15:21:52	50	37	0
Apr 07, 2014 15:21:53	51	41	0
Apr 07, 2014 15:21:54	43	44	0
Apr 07, 2014 15:21:55	47	53	0
Apr 07, 2014 15:21:56	54	48	0
Apr 07, 2014 15:21:58	51	43	0
Apr 07, 2014 15:21:59	53	47	0
Apr 07, 2014 15:22:00	35	43	0
Apr 07, 2014 15:22:01	30	50	0
Apr 07, 2014 15:22:02	29	51	0
Apr 07, 2014 15:22:03	43	51	0
Apr 07, 2014 15:22:04	74	44	0
Apr 07, 2014 15:22:05	70	56	0
Apr 07, 2014 15:22:06	56	60	0
Apr 07, 2014 15:22:07	30	50	0
Apr 07, 2014 15:22:08	14	54	0
Apr 07, 2014 15:22:09	3	43	0
Apr 07, 2014 15:22:10	4	41	0
Apr 07, 2014 15:22:11	7	44	0
Apr 07, 2014 15:22:12	27	47	0
Apr 07, 2014 15:22:13	34	47	0
Apr 07, 2014 15:22:14	44	54	0
Apr 07, 2014 15:22:15	53	51	0
Apr 07, 2014 15:22:16	44	56	0
Apr 07, 2014 15:22:17	29	48	0
Apr 07, 2014 15:22:18	14	50	0
Apr 07, 2014 15:22:19	21	54	0
Apr 07, 2014 15:22:20	23	60	0
Apr 07, 2014 15:22:21	47	69	0
Apr 07, 2014 15:22:22	48	69	0
Apr 07, 2014 15:22:23	47	69	0
Apr 07, 2014 15:22:24	44	69	0
Apr 07, 2014 15:22:25	44	77	0
Apr 07, 2014 15:22:26	63	84	0
Apr 07, 2014 15:22:27	53	78	0
Apr 07, 2014 15:22:28	63	66	0
Apr 07, 2014 15:22:30	64	66	0
Apr 07, 2014 15:22:31	67	60	0
Apr 07, 2014 15:22:32	78	61	0
Apr 07, 2014 15:22:33	75	56	0
Apr 07, 2014 15:22:34	75	56	0
Apr 07, 2014 15:22:35	66	41	0
Apr 07, 2014 15:22:36	35	54	0
Apr 07, 2014 15:22:37	44	51	0
Apr 07, 2014 15:22:38	43	67	0
Apr 07, 2014 15:22:39	66	66	0
Apr 07, 2014 15:22:40	74	50	0
Apr 07, 2014 15:22:41	63	44	0
Apr 07, 2014 15:22:42	64	37	0
Apr 07, 2014 15:22:43	50	30	0
Apr 07, 2014 15:22:44	53	43	0
Apr 07, 2014 15:22:45	48	29	0
Apr 07, 2014 15:22:46	37	24	0
Apr 07, 2014 15:22:47	40	37	0
Apr 07, 2014 15:22:48	37	30	0
Apr 07, 2014 15:22:49	50	50	0
Apr 07, 2014 15:22:50	53	63	0
Apr 07, 2014 15:22:51	35	48	0
Apr 07, 2014 15:22:52	37	48	0
Apr 07, 2014 15:22:53	16	38	0
Apr 07, 2014 15:22:54	17	34	0
Apr 07, 2014 15:22:55	29	38	0
Apr 07, 2014 15:22:56	23	47	0
Apr 07, 2014 15:22:57	24	51	0
Apr 07, 2014 15:22:58	16	38	0
Apr 07, 2014 15:22:59	14	44	0
Apr 07, 2014 15:23:01	13	27	0
Apr 07, 2014 15:23:02	11	35	0
Apr 07, 2014 15:23:03	11	40	0
Apr 07, 2014 15:23:04	21	50	0
Apr 07, 2014 15:23:05	26	54	0
Apr 07, 2014 15:23:06	30	47	0
Apr 07, 2014 15:23:07	30	26	0
Apr 07, 2014 15:23:08	27	43	0
Apr 07, 2014 15:23:09	23	29	0
Apr 07, 2014 15:23:10	24	35	0
Apr 07, 2014 15:23:11	38	53	0
Apr 07, 2014 15:23:12	26	60	0
Apr 07, 2014 15:23:13	37	67	0
Apr 07, 2014 15:23:14	21	69	0
Apr 07, 2014 15:23:15	10	57	0
Apr 07, 2014 15:23:16	13	35	0
Apr 07, 2014 15:23:17	14	34	0
Apr 07, 2014 15:23:18	17	35	0
Apr 07, 2014 15:23:19	23	40	0
Apr 07, 2014 15:23:20	30	38	0
Apr 07, 2014 15:23:21	30	48	0
Apr 07, 2014 15:23:22	50	50	0
Apr 07, 2014 15:23:23	53	29	0
Apr 07, 2014 15:23:24	48	48	0
Apr 07, 2014 15:23:25	40	50	0
Apr 07, 2014 15:23:26	24	40	0
Apr 07, 2014 15:23:27	13	64	0
Apr 07, 2014 15:23:28	24	61	0
Apr 07, 2014 15:23:29	29	50	0
Apr 07, 2014 15:23:31	37	43	0
Apr 07, 2014 15:23:32	23	30	0
Apr 07, 2014 15:23:33	27	27	0
Apr 07, 2014 15:23:34	43	48	0
Apr 07, 2014 15:23:35	40	53	0
Apr 07, 2014 15:23:36	47	63	0
Apr 07, 2014 15:23:37	44	57	0
Apr 07, 2014 15:23:38	44	44	0
Apr 07, 2014 15:23:39	53	35	0
Apr 07, 2014 15:23:40	43	27	0
Apr 07, 2014 15:23:41	44	50	0
Apr 07, 2014 15:23:42	29	47	0
Apr 07, 2014 15:23:43	24	50	0
Apr 07, 2014 15:23:44	35	56	0
Apr 07, 2014 15:23:45	24	53	0
Apr 07, 2014 15:23:46	26	40	0
Apr 07, 2014 15:23:47	14	37	0
Apr 07, 2014 15:23:48	16	35	0
Apr 07, 2014 15:23:49	26	21	0
Apr 07, 2014 15:23:50	51	37	0
Apr 07, 2014 15:23:51	50	41	0
Apr 07, 2014 15:23:52	37	57	0
Apr 07, 2014 15:23:53	26	74	0
Apr 07, 2014 15:23:54	13	78	0
Apr 07, 2014 15:23:55	21	74	0
Apr 07, 2014 15:23:56	30	66	0
Apr 07, 2014 15:23:57	40	57	0
Apr 07, 2014 15:23:58	24	53	0
Apr 07, 2014 15:23:59	26	48	0
Apr 07, 2014 15:24:00	24	43	0
Apr 07, 2014 15:24:01	30	63	0
Apr 07, 2014 15:24:03	41	63	0
Apr 07, 2014 15:24:04	38	64	0
Apr 07, 2014 15:24:05	41	74	0
Apr 07, 2014 15:24:06	47	51	0
Apr 07, 2014 15:24:07	30	48	0
Apr 07, 2014 15:24:08	35	44	0
Apr 07, 2014 15:24:09	29	41	0
Apr 07, 2014 15:24:10	21	50	0
Apr 07, 2014 15:24:11	24	48	0
Apr 07, 2014 15:24:12	24	47	0
Apr 07, 2014 15:24:13	27	56	0
Apr 07, 2014 15:24:14	34	54	0
Apr 07, 2014 15:24:15	44	67	0
Apr 07, 2014 15:24:16	56	67	0
Apr 07, 2014 15:24:17	51	51	0
Apr 07, 2014 15:24:18	63	51	0
Apr 07, 2014 15:24:19	66	43	0
Apr 07, 2014 15:24:20	48	38	0
Apr 07, 2014 15:24:21	61	48	0
Apr 07, 2014 15:24:22	57	56	0
Apr 07, 2014 15:24:23	53	53	0
Apr 07, 2014 15:24:24	75	57	0
Apr 07, 2014 15:24:25	63	61	0
Apr 07, 2014 15:24:26	53	75	0
Apr 07, 2014 15:24:27	37	74	0
Apr 07, 2014 15:24:28	29	64	0
Apr 07, 2014 15:24:29	24	56	0
Apr 07, 2014 15:24:30	23	41	0
Apr 07, 2014 15:24:32	26	48	0
Apr 07, 2014 15:24:33	24	54	0
Apr 07, 2014 15:24:34	27	50	0
Apr 07, 2014 15:24:35	41	66	0
Apr 07, 2014 15:24:36	38	66	0
Apr 07, 2014 15:24:37	35	66	0
Apr 07, 2014 15:24:38	44	77	0
Apr 07, 2014 15:24:39	38	61	0
Apr 07, 2014 15:24:40	29	51	0
Apr 07, 2014 15:24:41	29	44	0
Apr 07, 2014 15:24:42	26	47	0
Apr 07, 2014 15:24:43	29	35	0
Apr 07, 2014 15:24:44	30	35	0
Apr 07, 2014 15:24:45	34	38	0
Apr 07, 2014 15:24:46	27	16	0
Apr 07, 2014 15:24:47	26	30	0
Apr 07, 2014 15:24:48	40	38	0
Apr 07, 2014 15:24:49	37	47	0
Apr 07, 2014 15:24:50	44	60	0
Apr 07, 2014 15:24:51	27	54	0
Apr 07, 2014 15:24:52	27	54	0
Apr 07, 2014 15:24:53	20	44	0
Apr 07, 2014 15:24:54	27	48	0
Apr 07, 2014 15:24:55	26	54	0
Apr 07, 2014 15:24:56	43	54	0
Apr 07, 2014 15:24:57	47	54	0
Apr 07, 2014 15:24:58	30	61	0
Apr 07, 2014 15:24:59	43	64	0
Apr 07, 2014 15:25:00	29	64	0
Apr 07, 2014 15:25:02	35	64	0
Apr 07, 2014 15:25:03	34	53	0
Apr 07, 2014 15:25:04	43	43	0
Apr 07, 2014 15:25:05	30	44	0
Apr 07, 2014 15:25:06	24	56	0
Apr 07, 2014 15:25:07	29	48	0
Apr 07, 2014 15:25:08	17	48	0
Apr 07, 2014 15:25:09	30	50	0
Apr 07, 2014 15:25:10	40	40	0
Apr 07, 2014 15:25:11	51	56	0
Apr 07, 2014 15:25:12	63	66	0
Apr 07, 2014 15:25:13	61	57	0
Apr 07, 2014 15:25:14	50	50	0
Apr 07, 2014 15:25:15	50	40	0
Apr 07, 2014 15:25:16	43	40	0
Apr 07, 2014 15:25:17	50	50	0
Apr 07, 2014 15:25:18	54	53	0
Apr 07, 2014 15:25:19	61	41	0
Apr 07, 2014 15:25:20	57	43	0
Apr 07, 2014 15:25:21	53	27	0
Apr 07, 2014 15:25:22	50	34	0
Apr 07, 2014 15:25:23	40	30	0
Apr 07, 2014 15:25:24	34	34	0
Apr 07, 2014 15:25:25	48	57	0
Apr 07, 2014 15:25:26	29	48	0
Apr 07, 2014 15:25:27	34	60	0
Apr 07, 2014 15:25:28	34	67	0
Apr 07, 2014 15:25:29	24	61	0
Apr 07, 2014 15:25:30	23	51	0
Apr 07, 2014 15:25:32	20	48	0
Apr 07, 2014 15:25:33	26	41	0
Apr 07, 2014 15:25:34	34	34	0
Apr 07, 2014 15:25:35	64	44	0
Apr 07, 2014 15:25:36	69	38	0
Apr 07, 2014 15:25:37	77	40	0
Apr 07, 2014 15:25:38	88	47	0
Apr 07, 2014 15:25:39	74	56	0
Apr 07, 2014 15:25:40	67	60	0
Apr 07, 2014 15:25:41	56	53	0
Apr 07, 2014 15:25:42	50	51	0
Apr 07, 2014 15:25:43	63	43	0
Apr 07, 2014 15:25:44	80	38	0
Apr 07, 2014 15:25:45	64	40	0
Apr 07, 2014 15:25:46	51	26	0
Apr 07, 2014 15:25:47	57	20	0
Apr 07, 2014 15:25:48	43	27	0
Apr 07, 2014 15:25:49	38	34	0
Apr 07, 2014 15:25:50	41	34	0
Apr 07, 2014 15:25:51	41	50	0
Apr 07, 2014 15:25:52	30	38	0
Apr 07, 2014 15:25:53	30	23	0
Apr 07, 2014 15:25:54	24	24	0
Apr 07, 2014 15:25:55	27	27	0
Apr 07, 2014 15:25:56	50	41	0
Apr 07, 2014 15:25:57	64	56	0
Apr 07, 2014 15:25:58	77	66	0
Apr 07, 2014 15:25:59	70	69	0
Apr 07, 2014 15:26:00	56	56	0
Apr 07, 2014 15:26:01	44	41	0
Apr 07, 2014 15:26:03	30	30	0
Apr 07, 2014 15:26:04	38	21	0
Apr 07, 2014 15:26:05	29	23	0
Apr 07, 2014 15:26:06	43	37	0
Apr 07, 2014 15:26:07	64	40	0
Apr 07, 2014 15:26:08	63	41	0
Apr 07, 2014 15:26:09	90	40	0
Apr 07, 2014 15:26:10	91	40	0
Apr 07, 2014 15:26:11	67	30	0
Apr 07, 2014 15:26:12	54	41	0
Apr 07, 2014 15:26:13	51	34	0
Apr 07, 2014 15:26:14	54	53	0
Apr 07, 2014 15:26:15	54	51	0
Apr 07, 2014 15:26:16	41	50	0
Apr 07, 2014 15:26:17	47	57	0
Apr 07, 2014 15:26:18	56	56	0
Apr 07, 2014 15:26:19	60	61	0
Apr 07, 2014 15:26:20	66	53	0
Apr 07, 2014 15:26:21	44	38	0
Apr 07, 2014 15:26:22	17	29	0
Apr 07, 2014 15:26:23	11	24	0
Apr 07, 2014 15:26:24	13	23	0
Apr 07, 2014 15:26:25	16	34	0
Apr 07, 2014 15:26:26	24	35	0
Apr 07, 2014 15:26:27	27	35	0
Apr 07, 2014 15:26:28	37	44	0
Apr 07, 2014 15:26:29	41	51	0
Apr 07, 2014 15:26:30	40	53	0
Apr 07, 2014 15:26:31	27	50	0
Apr 07, 2014 15:26:32	27	50	0
Apr 07, 2014 15:26:34	23	34	0
Apr 07, 2014 15:26:35	27	40	0
Apr 07, 2014 15:26:36	53	37	0
Apr 07, 2014 15:26:37	57	40	0
Apr 07, 2014 15:26:38	61	40	0
Apr 07, 2014 15:26:39	51	38	0
Apr 07, 2014 15:26:40	53	41	0
Apr 07, 2014 15:26:41	30	29	0
Apr 07, 2014 15:26:42	34	37	0
Apr 07, 2014 15:26:43	40	37	0
Apr 07, 2014 15:26:44	38	40	0
Apr 07, 2014 15:26:45	53	50	0
Apr 07, 2014 15:26:46	51	53	0
Apr 07, 2014 15:26:47	56	61	0
Apr 07, 2014 15:26:48	70	56	0
Apr 07, 2014 15:26:49	81	64	0
Apr 07, 2014 15:26:50	67	63	0
Apr 07, 2014 15:26:51	54	60	0
Apr 07, 2014 15:26:52	50	66	0
Apr 07, 2014 15:26:53	27	50	0
Apr 07, 2014 15:26:54	38	47	0
Apr 07, 2014 15:26:55	57	40	0
Apr 07, 2014 15:26:56	61	47	0
Apr 07, 2014 15:26:57	74	60	0
Apr 07, 2014 15:26:58	69	50	0
Apr 07, 2014 15:26:59	50	40	0
Apr 07, 2014 15:27:01	37	27	0
Apr 07, 2014 15:27:02	50	17	0
Apr 07, 2014 15:27:03	56	24	0
Apr 07, 2014 15:27:04	54	23	0
Apr 07, 2014 15:27:05	67	20	0
Apr 07, 2014 15:27:06	56	26	0
Apr 07, 2014 15:27:07	75	34	0
Apr 07, 2014 15:27:08	74	38	0
Apr 07, 2014 15:27:09	75	43	0
Apr 07, 2014 15:27:10	69	35	0
Apr 07, 2014 15:27:11	47	34	0
Apr 07, 2014 15:27:12	54	38	0
Apr 07, 2014 15:27:13	44	44	0
Apr 07, 2014 15:27:14	60	51	0
Apr 07, 2014 15:27:15	66	53	0
Apr 07, 2014 15:27:16	70	50	0
Apr 07, 2014 15:27:17	60	50	0
Apr 07, 2014 15:27:18	43	51	0
Apr 07, 2014 15:27:19	35	47	0
Apr 07, 2014 15:27:20	23	50	0
Apr 07, 2014 15:27:21	23	48	0
Apr 07, 2014 15:27:22	37	40	0
Apr 07, 2014 15:27:23	50	40	0
Apr 07, 2014 15:27:24	69	51	0
Apr 07, 2014 15:27:26	66	63	0
Apr 07, 2014 15:27:27	75	63	0
Apr 07, 2014 15:27:28	69	53	0
Apr 07, 2014 15:27:29	67	54	0
Apr 07, 2014 15:27:30	57	44	0
Apr 07, 2014 15:27:31	38	47	0
Apr 07, 2014 15:27:32	30	41	0
Apr 07, 2014 15:27:33	35	26	0
Apr 07, 2014 15:27:34	27	27	0
Apr 07, 2014 15:27:35	29	27	0
Apr 07, 2014 15:27:36	26	29	0
Apr 07, 2014 15:27:37	7	34	0
Apr 07, 2014 15:27:38	21	43	0
Apr 07, 2014 15:27:39	26	35	0
Apr 07, 2014 15:27:40	37	35	0
Apr 07, 2014 15:27:41	51	38	0
Apr 07, 2014 15:27:42	44	37	0
Apr 07, 2014 15:27:43	48	53	0
Apr 07, 2014 15:27:44	53	53	0
Apr 07, 2014 15:27:45	56	60	0
Apr 07, 2014 15:27:46	63	63	0
Apr 07, 2014 15:27:47	54	50	0
Apr 07, 2014 15:27:48	53	41	0
Apr 07, 2014 15:27:49	38	35	0
Apr 07, 2014 15:27:51	23	41	0
Apr 07, 2014 15:27:52	35	43	0
Apr 07, 2014 15:27:53	29	27	0
Apr 07, 2014 15:27:54	50	26	0
Apr 07, 2014 15:27:55	57	38	0
Apr 07, 2014 15:27:56	61	40	0
Apr 07, 2014 15:27:57	75	63	0
Apr 07, 2014 15:27:58	70	53	0
Apr 07, 2014 15:27:59	84	43	0
Apr 07, 2014 15:28:00	84	47	0
Apr 07, 2014 15:28:01	57	35	0
Apr 07, 2014 15:28:02	60	48	0
Apr 07, 2014 15:28:03	56	51	0
Apr 07, 2014 15:28:04	37	40	0
Apr 07, 2014 15:28:05	54	30	0
Apr 07, 2014 15:28:06	47	20	0
Apr 07, 2014 15:28:07	38	23	0
Apr 07, 2014 15:28:08	53	27	0
Apr 07, 2014 15:28:09	41	53	0
Apr 07, 2014 15:28:10	48	47	0
Apr 07, 2014 15:28:11	54	56	0
Apr 07, 2014 15:28:12	64	44	0
Apr 07, 2014 15:28:13	80	44	0
Apr 07, 2014 15:28:14	88	48	0
Apr 07, 2014 15:28:16	90	37	0
Apr 07, 2014 15:28:17	91	35	0
Apr 07, 2014 15:28:18	100	44	0
Apr 07, 2014 15:28:19	91	43	0
Apr 07, 2014 15:28:20	74	50	0
Apr 07, 2014 15:28:21	47	54	0
Apr 07, 2014 15:28:22	20	47	0
Apr 07, 2014 15:28:23	1	41	0
Apr 07, 2014 15:28:24	1	35	0
Apr 07, 2014 15:28:25	13	43	0
Apr 07, 2014 15:28:26	17	54	0
Apr 07, 2014 15:28:27	27	56	0
Apr 07, 2014 15:28:28	38	53	0
Apr 07, 2014 15:28:29	29	41	0
Apr 07, 2014 15:28:30	29	43	0
Apr 07, 2014 15:28:31	41	37	0
Apr 07, 2014 15:28:32	35	51	0
Apr 07, 2014 15:28:33	48	47	0
Apr 07, 2014 15:28:34	44	66	0
Apr 07, 2014 15:28:35	44	66	0
Apr 07, 2014 15:28:36	48	61	0
Apr 07, 2014 15:28:37	30	57	0
Apr 07, 2014 15:28:38	34	41	0
Apr 07, 2014 15:28:39	38	38	0
Apr 07, 2014 15:28:40	41	35	0
Apr 07, 2014 15:28:42	50	34	0
Apr 07, 2014 15:28:43	63	40	0
Apr 07, 2014 15:28:44	77	41	0
Apr 07, 2014 15:28:45	83	51	0
Apr 07, 2014 15:28:46	81	64	0
Apr 07, 2014 15:28:47	54	61	0
Apr 07, 2014 15:28:48	41	63	0
Apr 07, 2014 15:28:49	41	63	0
Apr 07, 2014 15:28:50	60	48	0
Apr 07, 2014 15:28:51	78	43	0
Apr 07, 2014 15:28:52	88	30	0
Apr 07, 2014 15:28:53	75	30	0
Apr 07, 2014 15:28:54	50	37	0
Apr 07, 2014 15:28:55	40	43	0
Apr 07, 2014 15:28:56	43	43	0
Apr 07, 2014 15:28:57	47	53	0
Apr 07, 2014 15:28:58	48	57	0
Apr 07, 2014 15:28:59	48	57	26
Apr 07, 2014 15:29:00	27	41	0
Apr 07, 2014 15:29:01	26	37	0
Apr 07, 2014 15:29:02	16	29	0
Apr 07, 2014 15:29:03	14	30	0
Apr 07, 2014 15:29:04	17	53	0
Apr 07, 2014 15:29:05	17	57	0
Apr 07, 2014 15:29:06	37	63	0
Apr 07, 2014 15:29:08	44	61	0
Apr 07, 2014 15:29:09	54	48	0
Apr 07, 2014 15:29:10	47	50	0
Apr 07, 2014 15:29:11	43	47	0
Apr 07, 2014 15:29:12	43	47	0
Apr 07, 2014 15:29:13	44	47	0
Apr 07, 2014 15:29:14	57	61	0
Apr 07, 2014 15:29:15	60	63	0
Apr 07, 2014 15:29:16	70	74	0
Apr 07, 2014 15:29:17	48	70	0
Apr 07, 2014 15:29:18	53	66	0
Apr 07, 2014 15:29:19	56	69	0
Apr 07, 2014 15:29:20	57	67	0
Apr 07, 2014 15:29:21	50	61	0
Apr 07, 2014 15:29:22	35	53	0
Apr 07, 2014 15:29:23	23	40	0
Apr 07, 2014 15:29:24	37	40	0
Apr 07, 2014 15:29:25	29	48	0
Apr 07, 2014 15:29:26	29	48	26
Apr 07, 2014 15:29:27	40	57	0
Apr 07, 2014 15:29:28	40	66	0
Apr 07, 2014 15:29:29	38	60	0
Apr 07, 2014 15:29:30	30	40	0
Apr 07, 2014 15:29:32	30	40	0
Apr 07, 2014 15:29:33	24	29	0
Apr 07, 2014 15:29:34	23	41	0
Apr 07, 2014 15:29:35	44	54	0
Apr 07, 2014 15:29:36	48	47	0
Apr 07, 2014 15:29:37	64	41	0
Apr 07, 2014 15:29:38	70	41	0
Apr 07, 2014 15:29:39	78	29	0
Apr 07, 2014 15:29:40	93	35	0
Apr 07, 2014 15:29:41	78	26	0
Apr 07, 2014 15:29:42	69	44	0
Apr 07, 2014 15:29:43	41	47	0
Apr 07, 2014 15:29:44	30	47	0
Apr 07, 2014 15:29:45	30	47	26
Apr 07, 2014 15:29:46	30	47	26
Apr 07, 2014 15:29:47	30	47	26
Apr 07, 2014 15:29:48	43	56	0
Apr 07, 2014 15:29:49	37	61	0
Apr 07, 2014 15:29:50	57	63	0
Apr 07, 2014 15:29:51	57	63	0
Apr 07, 2014 15:29:52	67	61	0
Apr 07, 2014 15:29:53	83	57	0
Apr 07, 2014 15:29:54	78	64	0
Apr 07, 2014 15:29:55	84	67	0
Apr 07, 2014 15:29:57	88	60	0
Apr 07, 2014 15:29:58	84	53	0
Apr 07, 2014 15:29:59	74	54	0
Apr 07, 2014 15:30:00	60	50	0
Apr 07, 2014 15:30:01	44	57	0
Apr 07, 2014 15:30:02	47	60	0
Apr 07, 2014 15:30:03	41	60	0
Apr 07, 2014 15:30:04	47	51	0
Apr 07, 2014 15:30:05	37	51	0
Apr 07, 2014 15:30:06	37	51	26
Apr 07, 2014 15:30:07	50	63	0
Apr 07, 2014 15:30:08	38	63	0
Apr 07, 2014 15:30:09	41	69	0
Apr 07, 2014 15:30:10	38	77	0
Apr 07, 2014 15:30:11	38	77	26
Apr 07, 2014 15:30:12	35	78	0
Apr 07, 2014 15:30:13	37	66	0
Apr 07, 2014 15:30:14	24	75	0
Apr 07, 2014 15:30:15	27	57	0
Apr 07, 2014 15:30:16	34	48	0
Apr 07, 2014 15:30:17	35	47	0
Apr 07, 2014 15:30:18	48	38	0
Apr 07, 2014 15:30:19	43	43	0
Apr 07, 2014 15:30:20	38	44	0
Apr 07, 2014 15:30:22	53	48	0
Apr 07, 2014 15:30:23	35	48	0
Apr 07, 2014 15:30:24	43	50	0
Apr 07, 2014 15:30:25	41	61	0
Apr 07, 2014 15:30:26	41	57	0
Apr 07, 2014 15:30:27	30	50	0
Apr 07, 2014 15:30:28	35	48	0
Apr 07, 2014 15:30:29	23	47	0
Apr 07, 2014 15:30:30	38	48	0
Apr 07, 2014 15:30:31	38	48	0
Apr 07, 2014 15:30:32	60	50	0
Apr 07, 2014 15:30:33	77	37	0
Apr 07, 2014 15:30:34	69	37	0
Apr 07, 2014 15:30:35	43	41	0
Apr 07, 2014 15:30:36	30	34	0
Apr 07, 2014 15:30:37	29	51	0
Apr 07, 2014 15:30:38	29	61	0
Apr 07, 2014 15:30:39	29	61	26
Apr 07, 2014 15:30:40	29	61	26
Apr 07, 2014 15:30:41	29	61	26
Apr 07, 2014 15:30:42	47	63	0
Apr 07, 2014 15:30:43	40	56	0
Apr 07, 2014 15:30:44	40	56	25
Apr 07, 2014 15:30:45	24	41	0
Apr 07, 2014 15:30:47	24	41	26
Apr 07, 2014 15:30:48	26	35	0
Apr 07, 2014 15:30:49	21	48	0
Apr 07, 2014 15:30:50	40	50	0
Apr 07, 2014 15:30:51	48	67	0
Apr 07, 2014 15:30:52	43	63	0
Apr 07, 2014 15:30:53	43	63	51
Apr 07, 2014 15:30:54	53	66	0
Apr 07, 2014 15:30:55	53	66	26
Apr 07, 2014 15:30:56	48	81	0
Apr 07, 2014 15:30:57	47	60	0
Apr 07, 2014 15:30:58	47	60	26
Apr 07, 2014 15:30:59	47	60	26
Apr 07, 2014 15:31:00	47	60	26
Apr 07, 2014 15:31:01	40	63	0
Apr 07, 2014 15:31:02	44	53	0
Apr 07, 2014 15:31:03	35	44	0
Apr 07, 2014 15:31:04	27	57	0
Apr 07, 2014 15:31:05	26	51	0
Apr 07, 2014 15:31:06	21	56	0
Apr 07, 2014 15:31:07	30	64	0
Apr 07, 2014 15:31:08	30	64	26
Apr 07, 2014 15:31:09	35	57	0
Apr 07, 2014 15:31:10	35	57	26
Apr 07, 2014 15:31:12	38	75	0
Apr 07, 2014 15:31:13	38	75	26
Apr 07, 2014 15:31:14	17	63	0
Apr 07, 2014 15:31:15	1	48	0
Apr 07, 2014 15:31:16	1	56	0
Apr 07, 2014 15:31:17	4	48	0
Apr 07, 2014 15:31:18	24	53	0
Apr 07, 2014 15:31:19	47	66	0
Apr 07, 2014 15:31:20	47	66	0
Apr 07, 2014 15:31:21	23	54	0
Apr 07, 2014 15:31:22	30	60	0
Apr 07, 2014 15:31:23	38	56	0
Apr 07, 2014 15:31:24	38	56	26
Apr 07, 2014 15:31:25	60	50	0
Apr 07, 2014 15:31:26	88	57	0
Apr 07, 2014 15:31:27	83	53	0
Apr 07, 2014 15:31:28	64	51	0
Apr 07, 2014 15:31:29	53	56	0
Apr 07, 2014 15:31:30	35	53	0
Apr 07, 2014 15:31:31	35	53	26
Apr 07, 2014 15:31:32	29	43	0
Apr 07, 2014 15:31:33	44	40	0
Apr 07, 2014 15:31:34	47	38	0
Apr 07, 2014 15:31:35	35	34	0
Apr 07, 2014 15:31:37	24	38	0
Apr 07, 2014 15:31:38	10	37	0
Apr 07, 2014 15:31:39	13	41	0
Apr 07, 2014 15:31:40	20	43	0
Apr 07, 2014 15:31:41	23	44	0
Apr 07, 2014 15:31:42	38	41	0
Apr 07, 2014 15:31:43	48	43	0
Apr 07, 2014 15:31:44	47	43	0
Apr 07, 2014 15:31:45	37	41	0
Apr 07, 2014 15:31:46	17	53	0
Apr 07, 2014 15:31:47	7	47	0
Apr 07, 2014 15:31:48	4	51	0
Apr 07, 2014 15:31:49	14	56	0
Apr 07, 2014 15:31:50	29	50	0
Apr 07, 2014 15:31:51	29	50	0
Apr 07, 2014 15:31:52	38	61	0
Apr 07, 2014 15:31:53	37	57	0
Apr 07, 2014 15:31:54	20	54	0
Apr 07, 2014 15:31:55	38	50	0
Apr 07, 2014 15:31:56	27	44	0
Apr 07, 2014 15:31:57	43	44	0
Apr 07, 2014 15:31:58	26	60	0
Apr 07, 2014 15:31:59	20	67	0
Apr 07, 2014 15:32:00	26	63	0
Apr 07, 2014 15:32:02	17	51	0
Apr 07, 2014 15:32:03	38	24	0
Apr 07, 2014 15:32:04	50	26	0
Apr 07, 2014 15:32:05	69	30	0
Apr 07, 2014 15:32:06	74	35	0
Apr 07, 2014 15:32:07	43	44	0
Apr 07, 2014 15:32:08	27	30	0
Apr 07, 2014 15:32:09	17	20	0
Apr 07, 2014 15:32:10	27	30	0
Apr 07, 2014 15:32:11	27	30	0
Apr 07, 2014 15:32:12	44	37	0
Apr 07, 2014 15:32:13	40	41	0
Apr 07, 2014 15:32:14	30	29	0
Apr 07, 2014 15:32:15	24	26	0
Apr 07, 2014 15:32:16	44	35	0
Apr 07, 2014 15:32:17	51	43	0
Apr 07, 2014 15:32:18	53	57	0
Apr 07, 2014 15:32:19	37	38	0
Apr 07, 2014 15:32:20	21	38	0
Apr 07, 2014 15:32:21	23	37	0
Apr 07, 2014 15:32:22	34	37	0
Apr 07, 2014 15:32:23	43	43	0
Apr 07, 2014 15:32:24	50	51	0
Apr 07, 2014 15:32:26	41	56	0
Apr 07, 2014 15:32:27	35	53	0
Apr 07, 2014 15:32:28	30	56	0
Apr 07, 2014 15:32:29	37	57	0
Apr 07, 2014 15:32:30	41	51	0
Apr 07, 2014 15:32:31	41	51	0
Apr 07, 2014 15:32:32	63	54	0
Apr 07, 2014 15:32:33	57	54	0
Apr 07, 2014 15:32:34	64	63	0
Apr 07, 2014 15:32:35	51	51	0
Apr 07, 2014 15:32:36	38	56	0
Apr 07, 2014 15:32:37	30	50	0
Apr 07, 2014 15:32:38	34	48	0
Apr 07, 2014 15:32:39	37	66	0
Apr 07, 2014 15:32:40	48	54	0
Apr 07, 2014 15:32:41	40	48	0
Apr 07, 2014 15:32:42	44	41	0
Apr 07, 2014 15:32:43	38	56	0
Apr 07, 2014 15:32:44	35	67	0
Apr 07, 2014 15:32:45	29	69	0
Apr 07, 2014 15:32:46	24	74	0
Apr 07, 2014 15:32:47	41	64	0
Apr 07, 2014 15:32:48	29	57	0
Apr 07, 2014 15:32:49	38	61	0
Apr 07, 2014 15:32:50	48	48	0
Apr 07, 2014 15:32:52	38	47	0
Apr 07, 2014 15:32:53	54	51	0
Apr 07, 2014 15:32:54	53	38	0
Apr 07, 2014 15:32:55	64	43	0
Apr 07, 2014 15:32:56	61	37	0
Apr 07, 2014 15:32:57	63	37	0
Apr 07, 2014 15:32:58	56	43	0
Apr 07, 2014 15:32:59	43	41	0
Apr 07, 2014 15:33:00	37	51	0
Apr 07, 2014 15:33:01	17	38	0
Apr 07, 2014 15:33:02	27	34	0
Apr 07, 2014 15:33:03	48	48	0
Apr 07, 2014 15:33:04	53	57	0
Apr 07, 2014 15:33:05	50	64	0
Apr 07, 2014 15:33:06	47	69	0
Apr 07, 2014 15:33:07	44	69	0
Apr 07, 2014 15:33:08	47	70	0
Apr 07, 2014 15:33:09	53	74	0
Apr 07, 2014 15:33:10	50	60	0
Apr 07, 2014 15:33:11	40	41	0
Apr 07, 2014 15:33:12	34	30	0
Apr 07, 2014 15:33:13	24	48	0
Apr 07, 2014 15:33:14	37	47	0
Apr 07, 2014 15:33:15	40	63	0
Apr 07, 2014 15:33:17	48	67	0
Apr 07, 2014 15:33:18	48	57	0
Apr 07, 2014 15:33:19	37	66	0
Apr 07, 2014 15:33:20	35	51	0
Apr 07, 2014 15:33:21	29	51	0
Apr 07, 2014 15:33:22	47	48	0
Apr 07, 2014 15:33:23	50	48	0
Apr 07, 2014 15:33:24	60	61	0
Apr 07, 2014 15:33:25	60	74	0
Apr 07, 2014 15:33:26	53	56	0
Apr 07, 2014 15:33:27	43	51	0
Apr 07, 2014 15:33:28	48	47	0
Apr 07, 2014 15:33:29	51	54	0
Apr 07, 2014 15:33:30	38	63	0
Apr 07, 2014 15:33:31	47	61	0
Apr 07, 2014 15:33:32	43	60	0
Apr 07, 2014 15:33:33	35	56	0
Apr 07, 2014 15:33:34	41	43	0
Apr 07, 2014 15:33:35	40	56	0
Apr 07, 2014 15:33:36	41	53	0
Apr 07, 2014 15:33:37	44	63	0
Apr 07, 2014 15:33:38	41	63	0
Apr 07, 2014 15:33:39	34	47	0
Apr 07, 2014 15:33:40	41	47	0
Apr 07, 2014 15:33:42	44	40	0
Apr 07, 2014 15:33:43	50	47	0
Apr 07, 2014 15:33:44	75	48	0
Apr 07, 2014 15:33:45	74	51	0
Apr 07, 2014 15:33:46	63	67	0
Apr 07, 2014 15:33:47	50	61	0
Apr 07, 2014 15:33:48	21	67	0
Apr 07, 2014 15:33:49	26	50	0
Apr 07, 2014 15:33:50	43	53	0
Apr 07, 2014 15:33:51	54	56	0
Apr 07, 2014 15:33:52	57	38	0
Apr 07, 2014 15:33:53	66	44	0
Apr 07, 2014 15:33:54	53	37	0
Apr 07, 2014 15:33:55	47	29	0
Apr 07, 2014 15:33:56	37	47	0
Apr 07, 2014 15:33:57	23	38	0
Apr 07, 2014 15:33:58	35	54	0
Apr 07, 2014 15:33:59	35	64	0
Apr 07, 2014 15:34:00	37	60	0
Apr 07, 2014 15:34:01	44	67	0
Apr 07, 2014 15:34:02	44	70	0
Apr 07, 2014 15:34:03	44	54	0
Apr 07, 2014 15:34:04	48	67	0
Apr 07, 2014 15:34:05	50	75	0
Apr 07, 2014 15:34:07	38	61	0
Apr 07, 2014 15:34:08	34	74	0
Apr 07, 2014 15:34:09	30	56	0
Apr 07, 2014 15:34:10	21	35	0
Apr 07, 2014 15:34:11	43	38	0
Apr 07, 2014 15:34:12	53	41	0
Apr 07, 2014 15:34:13	77	50	0
Apr 07, 2014 15:34:14	63	50	0
Apr 07, 2014 15:34:15	60	29	0
Apr 07, 2014 15:34:16	57	34	0
Apr 07, 2014 15:34:17	38	40	0
Apr 07, 2014 15:34:18	37	24	0
Apr 07, 2014 15:34:19	50	40	0
Apr 07, 2014 15:34:20	48	38	0
Apr 07, 2014 15:34:21	53	29	0
Apr 07, 2014 15:34:22	56	56	0
Apr 07, 2014 15:34:23	41	50	0
Apr 07, 2014 15:34:24	40	43	0
Apr 07, 2014 15:34:25	29	50	0
Apr 07, 2014 15:34:26	23	41	0
Apr 07, 2014 15:34:27	27	38	0
Apr 07, 2014 15:34:28	13	41	0
Apr 07, 2014 15:34:29	26	26	0
Apr 07, 2014 15:34:30	24	17	0
Apr 07, 2014 15:34:32	23	16	0
Apr 07, 2014 15:34:33	20	37	0
Apr 07, 2014 15:34:34	26	44	0
Apr 07, 2014 15:34:35	24	60	0
Apr 07, 2014 15:34:36	20	56	0
Apr 07, 2014 15:34:37	35	57	0
Apr 07, 2014 15:34:38	27	63	0
Apr 07, 2014 15:34:39	35	66	0
Apr 07, 2014 15:34:40	43	75	0
Apr 07, 2014 15:34:41	29	70	0
Apr 07, 2014 15:34:42	23	56	0
Apr 07, 2014 15:34:43	17	50	0
Apr 07, 2014 15:34:44	8	40	0
Apr 07, 2014 15:34:45	10	38	0
Apr 07, 2014 15:34:46	16	54	0
Apr 07, 2014 15:34:47	23	53	0
Apr 07, 2014 15:34:48	26	51	0
Apr 07, 2014 15:34:49	30	44	0
Apr 07, 2014 15:34:50	30	44	0
Apr 07, 2014 15:34:51	35	47	0
Apr 07, 2014 15:34:52	44	47	0
Apr 07, 2014 15:34:53	34	48	0
Apr 07, 2014 15:34:54	21	29	0
Apr 07, 2014 15:34:56	10	26	0
Apr 07, 2014 15:34:57	23	37	0
Apr 07, 2014 15:34:58	23	61	0
Apr 07, 2014 15:34:59	21	63	0
Apr 07, 2014 15:35:00	30	80	0
Apr 07, 2014 15:35:01	26	88	0
Apr 07, 2014 15:35:02	35	70	0
Apr 07, 2014 15:35:03	37	70	0
Apr 07, 2014 15:35:04	34	69	0
Apr 07, 2014 15:35:05	27	53	0
Apr 07, 2014 15:35:06	34	51	0
Apr 07, 2014 15:35:07	30	54	0
Apr 07, 2014 15:35:08	40	48	0
Apr 07, 2014 15:35:09	38	51	0
Apr 07, 2014 15:35:10	38	51	0
Apr 07, 2014 15:35:11	40	61	0
Apr 07, 2014 15:35:12	37	57	0
Apr 07, 2014 15:35:13	44	43	0
Apr 07, 2014 15:35:14	43	27	0
Apr 07, 2014 15:35:15	38	29	0
Apr 07, 2014 15:35:16	34	34	0
Apr 07, 2014 15:35:17	54	54	0
Apr 07, 2014 15:35:18	60	56	0
Apr 07, 2014 15:35:19	56	53	0
Apr 07, 2014 15:35:20	34	40	0
Apr 07, 2014 15:35:22	38	38	0
Apr 07, 2014 15:35:23	43	38	0
Apr 07, 2014 15:35:24	50	37	0
Apr 07, 2014 15:35:25	47	43	0
Apr 07, 2014 15:35:26	30	37	0
Apr 07, 2014 15:35:27	29	40	0
Apr 07, 2014 15:35:28	26	38	0
Apr 07, 2014 15:35:29	44	24	0
Apr 07, 2014 15:35:30	41	29	0
Apr 07, 2014 15:35:31	38	21	0
Apr 07, 2014 15:35:32	35	23	0
Apr 07, 2014 15:35:33	34	41	0
Apr 07, 2014 15:35:34	38	56	0
Apr 07, 2014 15:35:35	40	60	0
Apr 07, 2014 15:35:36	41	61	0
Apr 07, 2014 15:35:37	30	56	0
Apr 07, 2014 15:35:38	41	47	0
Apr 07, 2014 15:35:39	37	43	0
Apr 07, 2014 15:35:40	23	47	0
Apr 07, 2014 15:35:41	16	53	0
Apr 07, 2014 15:35:42	23	61	0
Apr 07, 2014 15:35:43	11	54	0
Apr 07, 2014 15:35:44	23	67	0
Apr 07, 2014 15:35:45	23	57	0
Apr 07, 2014 15:35:47	17	54	0
Apr 07, 2014 15:35:48	23	57	0
Apr 07, 2014 15:35:49	26	51	0
Apr 07, 2014 15:35:50	30	54	0
Apr 07, 2014 15:35:51	37	51	0
Apr 07, 2014 15:35:52	41	41	0
Apr 07, 2014 15:35:53	44	48	0
Apr 07, 2014 15:35:54	34	43	0
Apr 07, 2014 15:35:55	29	41	0
Apr 07, 2014 15:35:56	23	53	0
Apr 07, 2014 15:35:57	24	41	0
Apr 07, 2014 15:35:58	29	50	0
Apr 07, 2014 15:35:59	27	51	0
Apr 07, 2014 15:36:00	29	56	0
Apr 07, 2014 15:36:01	30	61	0
Apr 07, 2014 15:36:02	41	74	0
Apr 07, 2014 15:36:03	51	81	0
Apr 07, 2014 15:36:04	41	91	0
Apr 07, 2014 15:36:05	37	87	0
Apr 07, 2014 15:36:06	43	78	0
Apr 07, 2014 15:36:07	30	64	0
Apr 07, 2014 15:36:08	38	66	0
Apr 07, 2014 15:36:09	41	64	0
Apr 07, 2014 15:36:10	30	70	0
Apr 07, 2014 15:36:12	40	74	0
Apr 07, 2014 15:36:13	34	69	0
Apr 07, 2014 15:36:14	26	50	0
Apr 07, 2014 15:36:15	35	54	0
Apr 07, 2014 15:36:16	34	53	0
Apr 07, 2014 15:36:17	34	34	0
Apr 07, 2014 15:36:18	29	56	0
Apr 07, 2014 15:36:19	20	47	0
Apr 07, 2014 15:36:20	20	40	0
Apr 07, 2014 15:36:21	29	57	0
Apr 07, 2014 15:36:22	40	53	0
Apr 07, 2014 15:36:23	56	51	0
Apr 07, 2014 15:36:24	51	48	0
Apr 07, 2014 15:36:25	43	43	0
Apr 07, 2014 15:36:26	29	30	0
Apr 07, 2014 15:36:27	35	21	0
Apr 07, 2014 15:36:28	40	30	0
Apr 07, 2014 15:36:29	47	21	0
Apr 07, 2014 15:36:30	67	37	0
Apr 07, 2014 15:36:31	61	54	0
Apr 07, 2014 15:36:32	47	48	0
Apr 07, 2014 15:36:33	43	67	0
Apr 07, 2014 15:36:34	27	70	0
Apr 07, 2014 15:36:36	40	61	0
Apr 07, 2014 15:36:37	48	50	0
Apr 07, 2014 15:36:38	53	41	0
Apr 07, 2014 15:36:39	47	48	0
Apr 07, 2014 15:36:40	43	53	0
Apr 07, 2014 15:36:41	41	80	0
Apr 07, 2014 15:36:42	37	96	0
Apr 07, 2014 15:36:43	40	100	0
Apr 07, 2014 15:36:44	38	91	0
Apr 07, 2014 15:36:45	35	78	0
Apr 07, 2014 15:36:46	34	63	0
Apr 07, 2014 15:36:47	34	51	0
Apr 07, 2014 15:36:48	37	44	0
Apr 07, 2014 15:36:49	35	44	0
Apr 07, 2014 15:36:50	38	47	0
Apr 07, 2014 15:36:51	26	57	0
Apr 07, 2014 15:36:52	30	78	0
Apr 07, 2014 15:36:53	35	80	0
Apr 07, 2014 15:36:54	23	87	0
Apr 07, 2014 15:36:55	41	77	0
Apr 07, 2014 15:36:56	43	63	0
Apr 07, 2014 15:36:57	35	51	0
Apr 07, 2014 15:36:58	47	53	0
Apr 07, 2014 15:36:59	40	54	0
Apr 07, 2014 15:37:00	29	54	0
Apr 07, 2014 15:37:02	43	63	0
Apr 07, 2014 15:37:03	43	60	0
Apr 07, 2014 15:37:04	38	37	0
Apr 07, 2014 15:37:05	41	20	0
Apr 07, 2014 15:37:06	43	17	0
Apr 07, 2014 15:37:07	54	20	0
Apr 07, 2014 15:37:08	54	34	0
Apr 07, 2014 15:37:09	54	44	0
Apr 07, 2014 15:37:10	27	53	0
Apr 07, 2014 15:37:11	26	61	0
Apr 07, 2014 15:37:12	17	75	0
Apr 07, 2014 15:37:13	16	64	0
Apr 07, 2014 15:37:14	17	67	0
Apr 07, 2014 15:37:15	20	56	0
Apr 07, 2014 15:37:16	26	53	0
Apr 07, 2014 15:37:17	23	70	0
Apr 07, 2014 15:37:18	16	51	0
Apr 07, 2014 15:37:19	16	61	0
Apr 07, 2014 15:37:20	27	60	0
Apr 07, 2014 15:37:21	34	63	0
Apr 07, 2014 15:37:22	47	74	0
Apr 07, 2014 15:37:23	53	75	0
Apr 07, 2014 15:37:24	47	78	0
Apr 07, 2014 15:37:25	40	60	0
Apr 07, 2014 15:37:27	34	66	0
Apr 07, 2014 15:37:28	30	64	0
Apr 07, 2014 15:37:29	34	60	0
Apr 07, 2014 15:37:30	53	61	0
Apr 07, 2014 15:37:31	54	54	0
Apr 07, 2014 15:37:32	51	60	0
Apr 07, 2014 15:37:33	41	67	0
Apr 07, 2014 15:37:34	34	74	0
Apr 07, 2014 15:37:35	26	67	0
Apr 07, 2014 15:37:36	35	54	0
Apr 07, 2014 15:37:37	34	48	0
Apr 07, 2014 15:37:38	47	35	0
Apr 07, 2014 15:37:39	54	40	0
Apr 07, 2014 15:37:40	56	40	0
Apr 07, 2014 15:37:41	63	50	0
Apr 07, 2014 15:37:42	61	57	0
Apr 07, 2014 15:37:43	54	54	0
Apr 07, 2014 15:37:44	43	50	0
Apr 07, 2014 15:37:45	48	44	0
Apr 07, 2014 15:37:46	37	40	0
Apr 07, 2014 15:37:47	43	43	0
Apr 07, 2014 15:37:48	51	66	0
Apr 07, 2014 15:37:49	51	66	0
Apr 07, 2014 15:37:50	44	69	0
Apr 07, 2014 15:37:51	40	60	0
Apr 07, 2014 15:37:53	34	41	0
Apr 07, 2014 15:37:54	29	37	0
Apr 07, 2014 15:37:55	38	40	0
Apr 07, 2014 15:37:56	50	53	0
Apr 07, 2014 15:37:57	63	47	0
Apr 07, 2014 15:37:58	51	40	0
Apr 07, 2014 15:37:59	60	41	0
Apr 07, 2014 15:38:00	54	48	0
Apr 07, 2014 15:38:01	43	53	0
Apr 07, 2014 15:38:02	53	63	0
Apr 07, 2014 15:38:03	37	56	0
Apr 07, 2014 15:38:04	40	48	0
Apr 07, 2014 15:38:05	43	56	0
Apr 07, 2014 15:38:06	35	60	0
Apr 07, 2014 15:38:07	41	63	0
Apr 07, 2014 15:38:08	48	61	0
Apr 07, 2014 15:38:09	56	61	0
Apr 07, 2014 15:38:10	50	44	0
Apr 07, 2014 15:38:11	43	43	0
Apr 07, 2014 15:38:12	44	34	0
Apr 07, 2014 15:38:13	40	29	0
Apr 07, 2014 15:38:14	51	40	0
Apr 07, 2014 15:38:15	63	30	0
Apr 07, 2014 15:38:16	56	37	0
Apr 07, 2014 15:38:18	53	35	0
Apr 07, 2014 15:38:19	37	35	0
Apr 07, 2014 15:38:20	17	35	0
Apr 07, 2014 15:38:21	11	20	0
Apr 07, 2014 15:38:22	10	24	0
Apr 07, 2014 15:38:23	14	44	0
Apr 07, 2014 15:38:24	29	43	0
Apr 07, 2014 15:38:25	26	54	0
Apr 07, 2014 15:38:26	29	63	0
Apr 07, 2014 15:38:27	29	47	0
Apr 07, 2014 15:38:28	24	54	0
Apr 07, 2014 15:38:29	43	51	0
Apr 07, 2014 15:38:30	50	56	0
Apr 07, 2014 15:38:31	54	48	0
Apr 07, 2014 15:38:32	63	41	0
Apr 07, 2014 15:38:33	56	50	0
Apr 07, 2014 15:38:34	53	41	0
Apr 07, 2014 15:38:35	57	66	0
Apr 07, 2014 15:38:36	61	80	0
Apr 07, 2014 15:38:37	51	67	0
Apr 07, 2014 15:38:38	48	77	0
Apr 07, 2014 15:38:39	35	67	0
Apr 07, 2014 15:38:40	14	51	0
Apr 07, 2014 15:38:41	50	43	0
Apr 07, 2014 15:38:42	54	35	0
Apr 07, 2014 15:38:44	63	37	0
Apr 07, 2014 15:38:45	51	40	0
Apr 07, 2014 15:38:46	41	27	0
Apr 07, 2014 15:38:47	38	30	0
Apr 07, 2014 15:38:48	50	34	0
Apr 07, 2014 15:38:49	48	37	0
Apr 07, 2014 15:38:50	40	53	0
Apr 07, 2014 15:38:51	26	63	0
Apr 07, 2014 15:38:52	29	60	0
Apr 07, 2014 15:38:53	35	66	0
Apr 07, 2014 15:38:54	48	57	0
Apr 07, 2014 15:38:55	56	44	0
Apr 07, 2014 15:38:56	50	48	0
Apr 07, 2014 15:38:57	44	47	0
Apr 07, 2014 15:38:58	38	50	0
Apr 07, 2014 15:38:59	47	47	0
Apr 07, 2014 15:39:00	54	43	0
Apr 07, 2014 15:39:01	57	60	0
Apr 07, 2014 15:39:02	56	66	0
Apr 07, 2014 15:39:03	53	80	0
Apr 07, 2014 15:39:04	54	80	0
Apr 07, 2014 15:39:05	63	70	0
Apr 07, 2014 15:39:06	80	70	0
Apr 07, 2014 15:39:07	78	53	0
Apr 07, 2014 15:39:08	77	50	0
Apr 07, 2014 15:39:10	83	48	0
Apr 07, 2014 15:39:11	74	56	0
Apr 07, 2014 15:39:12	66	74	0
Apr 07, 2014 15:39:13	56	84	0
Apr 07, 2014 15:39:14	47	77	0
Apr 07, 2014 15:39:15	41	50	0
Apr 07, 2014 15:39:16	47	38	0
Apr 07, 2014 15:39:17	56	29	0
Apr 07, 2014 15:39:18	44	27	0
Apr 07, 2014 15:39:19	44	35	0
Apr 07, 2014 15:39:20	41	30	0
Apr 07, 2014 15:39:21	27	29	0
Apr 07, 2014 15:39:22	37	35	0
Apr 07, 2014 15:39:23	34	35	0
Apr 07, 2014 15:39:24	48	26	0
Apr 07, 2014 15:39:25	43	27	0
Apr 07, 2014 15:39:26	35	41	0
Apr 07, 2014 15:39:27	20	64	0
Apr 07, 2014 15:39:28	37	61	0
Apr 07, 2014 15:39:29	40	63	0
Apr 07, 2014 15:39:30	41	61	0
Apr 07, 2014 15:39:31	41	74	0
Apr 07, 2014 15:39:32	29	77	0
Apr 07, 2014 15:39:34	30	75	0
Apr 07, 2014 15:39:35	43	66	0
Apr 07, 2014 15:39:36	48	66	0
Apr 07, 2014 15:39:37	44	63	0
Apr 07, 2014 15:39:38	47	47	0
Apr 07, 2014 15:39:39	43	38	0
Apr 07, 2014 15:39:40	43	37	0
Apr 07, 2014 15:39:41	53	38	0
Apr 07, 2014 15:39:42	35	34	0
Apr 07, 2014 15:39:43	30	40	0
Apr 07, 2014 15:39:44	11	27	0
Apr 07, 2014 15:39:45	11	34	0
Apr 07, 2014 15:39:46	30	44	0
Apr 07, 2014 15:39:47	17	43	0
Apr 07, 2014 15:39:48	27	48	0
Apr 07, 2014 15:39:49	43	37	0
Apr 07, 2014 15:39:50	44	29	0
Apr 07, 2014 15:39:51	53	43	0
Apr 07, 2014 15:39:52	48	50	0
Apr 07, 2014 15:39:53	30	53	0
Apr 07, 2014 15:39:54	37	57	0
Apr 07, 2014 15:39:55	34	38	0
Apr 07, 2014 15:39:56	17	37	0
Apr 07, 2014 15:39:57	23	37	0
Apr 07, 2014 15:39:59	24	37	0
Apr 07, 2014 15:40:00	29	51	0
Apr 07, 2014 15:40:01	43	57	0
Apr 07, 2014 15:40:02	40	53	0
Apr 07, 2014 15:40:03	50	51	0
Apr 07, 2014 15:40:04	48	43	0
Apr 07, 2014 15:40:05	60	38	0
Apr 07, 2014 15:40:06	56	30	0
Apr 07, 2014 15:40:07	40	35	0
Apr 07, 2014 15:40:08	51	27	0
Apr 07, 2014 15:40:09	51	27	0
Apr 07, 2014 15:40:10	50	29	0
Apr 07, 2014 15:40:11	61	40	0
Apr 07, 2014 15:40:12	60	44	0
Apr 07, 2014 15:40:13	53	51	0
Apr 07, 2014 15:40:14	38	63	0
Apr 07, 2014 15:40:15	11	44	0
Apr 07, 2014 15:40:16	10	48	0
Apr 07, 2014 15:40:17	13	47	0
Apr 07, 2014 15:40:18	14	34	0
Apr 07, 2014 15:40:19	41	43	0
Apr 07, 2014 15:40:20	50	40	0
Apr 07, 2014 15:40:21	53	50	0
Apr 07, 2014 15:40:23	53	70	0
Apr 07, 2014 15:40:24	41	81	0
Apr 07, 2014 15:40:25	40	91	0
Apr 07, 2014 15:40:26	24	84	0
Apr 07, 2014 15:40:27	30	81	0
Apr 07, 2014 15:40:28	35	75	0
Apr 07, 2014 15:40:29	35	75	0
Apr 07, 2014 15:40:30	40	61	0
Apr 07, 2014 15:40:31	50	53	0
Apr 07, 2014 15:40:32	48	48	0
Apr 07, 2014 15:40:33	38	26	0
Apr 07, 2014 15:40:34	35	27	0
Apr 07, 2014 15:40:35	37	27	0
Apr 07, 2014 15:40:36	35	48	0
Apr 07, 2014 15:40:37	40	63	0
Apr 07, 2014 15:40:38	30	67	0
Apr 07, 2014 15:40:39	29	78	0
Apr 07, 2014 15:40:40	43	77	0
Apr 07, 2014 15:40:41	54	75	0
Apr 07, 2014 15:40:42	64	75	0
Apr 07, 2014 15:40:43	75	70	0
Apr 07, 2014 15:40:44	64	61	0
Apr 07, 2014 15:40:45	66	57	0
Apr 07, 2014 15:40:46	60	63	0
Apr 07, 2014 15:40:48	61	54	0
Apr 07, 2014 15:40:49	61	60	0
Apr 07, 2014 15:40:50	44	64	0
Apr 07, 2014 15:40:51	48	60	0
Apr 07, 2014 15:40:52	38	63	0
Apr 07, 2014 15:40:53	38	63	26
Apr 07, 2014 15:40:54	30	48	0
Apr 07, 2014 15:40:55	38	41	0
Apr 07, 2014 15:40:56	23	37	0
Apr 07, 2014 15:40:57	27	47	0
Apr 07, 2014 15:40:58	27	47	26
Apr 07, 2014 15:40:59	24	48	0
Apr 07, 2014 15:41:00	24	56	0
Apr 07, 2014 15:41:01	37	50	0
Apr 07, 2014 15:41:02	47	57	0
Apr 07, 2014 15:41:03	50	64	0
Apr 07, 2014 15:41:04	57	66	0
Apr 07, 2014 15:41:05	56	70	0
Apr 07, 2014 15:41:06	48	60	0
Apr 07, 2014 15:41:07	44	54	0
Apr 07, 2014 15:41:08	38	29	0
Apr 07, 2014 15:41:09	14	20	0
Apr 07, 2014 15:41:10	14	20	0
Apr 07, 2014 15:41:11	20	24	0
Apr 07, 2014 15:41:13	35	53	0
Apr 07, 2014 15:41:14	43	63	0
Apr 07, 2014 15:41:15	54	66	0
Apr 07, 2014 15:41:16	44	54	0
Apr 07, 2014 15:41:17	44	54	26
Apr 07, 2014 15:41:18	34	47	25
Apr 07, 2014 15:41:19	35	41	0
Apr 07, 2014 15:41:20	24	47	0
Apr 07, 2014 15:41:21	34	53	0
Apr 07, 2014 15:41:22	48	57	0
Apr 07, 2014 15:41:23	50	60	0
Apr 07, 2014 15:41:24	48	54	0
Apr 07, 2014 15:41:25	30	35	0
Apr 07, 2014 15:41:26	23	40	0
Apr 07, 2014 15:41:27	14	30	0
Apr 07, 2014 15:41:28	21	26	0
Apr 07, 2014 15:41:29	37	41	0
Apr 07, 2014 15:41:30	24	30	0
Apr 07, 2014 15:41:31	44	44	0
Apr 07, 2014 15:41:32	30	48	0
Apr 07, 2014 15:41:33	29	66	0
Apr 07, 2014 15:41:34	27	64	0
Apr 07, 2014 15:41:35	29	63	0
Apr 07, 2014 15:41:36	41	60	0
Apr 07, 2014 15:41:38	43	48	0
Apr 07, 2014 15:41:39	50	53	0
Apr 07, 2014 15:41:40	50	53	51
Apr 07, 2014 15:41:41	34	26	0
Apr 07, 2014 15:41:42	35	35	0
Apr 07, 2014 15:41:43	34	43	0
Apr 07, 2014 15:41:44	26	40	0
Apr 07, 2014 15:41:45	21	50	0
Apr 07, 2014 15:41:46	11	41	0
Apr 07, 2014 15:41:47	10	21	0
Apr 07, 2014 15:41:48	10	21	51
Apr 07, 2014 15:41:49	14	37	0
