00:00:00	74	69	0
00:00:01	88	60	0
00:00:02	87	50	0
00:00:03	91	51	0
00:00:04	93	44	0
00:00:05	90	53	0
00:00:06	93	56	0
00:00:07	93	54	0
00:00:08	84	63	0
00:00:09	94	67	0
00:00:10	80	64	0
00:00:11	83	57	0
00:00:12	100	54	0
00:00:13	100	56	0
00:00:14	100	61	0
00:00:15	100	60	0
00:00:16	90	63	0
00:00:18	81	57	0
00:00:19	84	51	0
00:00:20	100	54	0
00:00:21	83	43	0
00:00:22	80	48	0
00:00:23	81	61	0
00:00:24	48	54	0
00:00:25	64	61	0
00:00:26	61	64	0
00:00:27	41	61	0
00:00:28	74	63	0
00:00:29	64	56	0
00:00:30	69	41	0
00:00:31	69	41	0
00:00:32	61	27	0
00:00:33	75	35	0
00:00:34	54	41	0
00:00:35	77	48	0
00:00:36	83	50	0
00:00:37	70	54	0
00:00:38	74	56	0
00:00:39	69	61	0
00:00:40	53	37	0
00:00:41	61	38	0
00:00:42	63	35	0
00:00:43	70	43	0
00:00:44	90	56	0
00:00:45	94	48	0
00:00:46	90	48	0
00:00:47	78	48	0
00:00:48	69	47	0
00:00:49	70	60	0
00:00:50	83	56	0
00:00:51	83	53	0
00:00:52	75	51	0
00:00:53	80	50	0
00:00:55	67	61	0
00:00:56	57	66	0
00:00:57	47	57	0
00:00:58	27	44	0
00:00:59	26	35	0
00:01:00	30	43	0
00:01:01	51	51	0
00:01:02	57	51	0
00:01:03	56	44	0
00:01:04	61	40	0
00:01:05	56	34	0
00:01:06	63	40	0
00:01:07	75	50	0
00:01:08	70	35	0
00:01:09	80	37	0
00:01:10	75	41	0
00:01:11	56	30	0
00:01:12	44	34	0
00:01:13	44	35	0
00:01:14	34	41	0
00:01:15	23	41	0
00:01:16	29	48	0
00:01:17	23	38	0
00:01:18	40	43	0
00:01:19	48	51	0
00:01:20	41	54	0
00:01:21	48	56	0
00:01:22	44	57	0
00:01:23	44	44	0
00:01:24	57	43	0
00:01:25	50	44	0
00:01:26	40	30	0
00:01:27	38	47	0
00:01:28	38	47	51
00:01:29	30	44	0
00:01:30	30	47	0
00:01:32	44	56	0
00:01:33	44	56	26
00:01:34	40	47	0
00:01:35	38	47	0
00:01:36	47	48	0
00:01:37	51	43	0
00:01:38	69	48	0
00:01:39	93	50	0
00:01:40	88	51	0
00:01:41	78	56	0
00:01:42	75	66	0
00:01:43	61	67	0
00:01:44	53	64	0
00:01:45	57	44	0
00:01:46	53	47	0
00:01:47	54	41	0
00:01:48	64	27	0
00:01:49	64	27	25
00:01:50	64	27	25
00:01:51	35	30	0
00:01:52	35	41	0
00:01:53	16	40	0
00:01:54	13	34	0
00:01:55	29	41	0
00:01:56	38	50	0
00:01:57	44	40	0
00:01:58	47	47	0
00:01:59	47	47	26
00:02:00	40	56	0
00:02:01	23	40	0
00:02:02	30	54	0
00:02:03	30	54	26
00:02:04	30	54	51
00:02:05	30	54	26
00:02:06	21	41	0
00:02:08	14	21	0
00:02:09	17	35	0
00:02:10	16	35	0
00:02:11	26	56	0
00:02:12	30	67	0
00:02:13	34	64	0
00:02:14	29	69	0
00:02:15	17	40	0
00:02:16	30	27	0
00:02:17	23	23	0
00:02:18	11	27	0
00:02:19	16	40	0
00:02:20	8	47	0
00:02:21	8	47	26
00:02:22	8	47	51
00:02:23	8	47	26
00:02:24	8	47	26
00:02:25	8	47	51
00:02:26	30	51	0
00:02:27	47	54	0
00:02:28	50	43	0
00:02:29	48	47	0
00:02:30	48	47	0
00:02:31	29	34	0
00:02:32	27	41	0
00:02:33	27	44	0
00:02:34	35	44	0
00:02:35	34	51	0
00:02:36	35	48	0
00:02:37	40	35	0
00:02:38	30	41	0
00:02:39	27	53	0
00:02:40	23	54	0
00:02:41	17	67	0
00:02:42	11	54	0
00:02:44	11	54	51
00:02:45	14	51	0
00:02:46	38	57	0
00:02:47	43	67	0
00:02:48	34	66	0
00:02:49	23	69	0
00:02:50	20	70	0
00:02:51	21	61	0
00:02:52	29	70	0
00:02:53	38	60	0
00:02:54	48	56	0
00:02:55	53	53	0
00:02:56	61	43	0
00:02:57	64	44	0
00:02:58	47	48	0
00:02:59	54	56	0
00:03:00	47	48	0
00:03:01	44	40	0
00:03:02	51	41	0
00:03:03	41	29	0
00:03:04	38	27	0
00:03:05	41	37	0
00:03:06	41	30	0
00:03:07	30	54	0
00:03:08	41	66	0
00:03:09	40	63	0
00:03:10	38	54	0
00:03:11	47	34	0
00:03:12	50	35	0
00:03:13	56	29	0
00:03:14	54	38	0
00:03:15	54	44	0
00:03:16	43	51	0
00:03:17	41	60	0
00:03:18	44	64	0
00:03:20	50	69	0
00:03:21	44	74	0
00:03:22	51	74	0
00:03:23	50	70	0
00:03:24	35	63	0
00:03:25	41	50	0
00:03:26	37	29	0
00:03:27	38	37	0
00:03:28	53	41	0
00:03:29	43	40	0
00:03:30	38	40	0
00:03:31	40	27	0
00:03:32	40	27	0
00:03:33	37	30	0
00:03:34	35	54	0
00:03:35	44	64	0
00:03:36	47	75	0
00:03:37	53	74	0
00:03:38	60	56	0
00:03:39	53	48	0
00:03:40	56	38	0
00:03:41	54	38	0
00:03:42	54	34	0
00:03:43	48	34	0
00:03:44	40	29	0
00:03:45	44	41	0
00:03:46	41	37	0
00:03:47	38	30	0
00:03:48	29	14	0
00:03:49	41	34	0
00:03:50	47	44	0
00:03:51	50	60	0
00:03:52	51	69	0
00:03:53	54	56	0
00:03:54	54	48	0
00:03:56	48	47	0
00:03:57	50	38	0
00:03:58	47	50	0
00:03:59	53	48	0
00:04:00	51	41	0
00:04:01	64	43	0
00:04:02	69	44	0
00:04:03	54	56	0
00:04:04	66	54	0
00:04:05	75	60	0
00:04:06	74	67	0
00:04:07	97	60	0
00:04:08	100	51	0
00:04:09	84	48	0
00:04:10	84	48	0
00:04:11	61	27	0
00:04:12	41	35	0
00:04:13	24	23	0
00:04:14	1	20	0
00:04:15	1	8	0
00:04:16	4	4	0
00:04:17	35	20	0
00:04:18	64	40	0
00:04:19	77	54	0
00:04:20	60	48	0
00:04:21	54	48	0
00:04:22	51	50	0
00:04:23	61	61	0
00:04:24	78	67	0
00:04:25	80	67	0
00:04:26	70	54	0
00:04:27	67	43	0
00:04:28	50	40	0
00:04:29	57	34	0
00:04:31	61	50	0
00:04:32	77	50	0
00:04:33	93	48	0
00:04:34	96	47	0
00:04:35	100	41	0
00:04:36	100	44	0
00:04:37	90	50	0
00:04:38	60	35	0
00:04:39	57	35	0
00:04:40	38	43	0
00:04:41	35	29	0
00:04:42	53	26	0
00:04:43	51	14	0
00:04:44	54	7	0
00:04:45	60	13	0
00:04:46	51	30	0
00:04:47	70	41	0
00:04:48	77	43	0
00:04:49	81	50	0
00:04:50	88	51	0
00:04:51	80	57	0
00:04:52	88	50	0
00:04:53	80	53	0
00:04:54	78	61	0
00:04:55	93	56	0
00:04:56	66	53	0
00:04:57	74	51	0
00:04:58	70	48	0
00:04:59	60	50	0
00:05:00	83	57	0
00:05:01	66	53	0
00:05:02	78	48	0
00:05:03	77	44	0
00:05:04	66	51	0
00:05:05	70	53	0
00:05:06	48	51	0
00:05:08	51	57	0
00:05:09	51	57	25
00:05:10	48	51	0
00:05:11	61	57	0
00:05:12	61	64	0
00:05:13	54	60	0
00:05:14	51	64	0
00:05:15	41	60	0
00:05:16	51	56	0
00:05:17	43	70	0
00:05:18	53	63	0
00:05:19	54	60	0
00:05:20	50	61	0
00:05:21	47	48	0
00:05:22	48	56	0
00:05:23	44	60	0
00:05:24	50	61	0
00:05:25	53	57	0
00:05:26	47	57	0
00:05:27	54	56	0
00:05:28	47	50	0
00:05:29	38	43	0
00:05:30	54	38	0
00:05:31	51	44	0
00:05:32	47	29	0
00:05:33	56	47	0
00:05:34	47	47	0
00:05:35	47	37	0
00:05:36	63	60	0
00:05:37	56	54	0
00:05:38	64	53	0
00:05:39	57	51	0
00:05:40	54	38	0
00:05:41	63	35	0
00:05:42	54	30	0
00:05:44	61	40	0
00:05:45	67	47	0
00:05:46	56	56	0
00:05:47	50	61	0
00:05:48	48	50	0
00:05:49	43	50	0
00:05:50	43	50	0
00:05:51	53	40	0
00:05:52	57	51	0
00:05:53	54	69	0
00:05:54	61	64	0
00:05:55	53	63	0
00:05:56	44	75	0
00:05:57	53	61	0
00:05:58	54	51	0
00:05:59	56	63	0
00:06:00	67	47	0
00:06:01	64	51	0
00:06:02	66	64	0
00:06:03	61	54	0
00:06:04	57	66	0
00:06:05	57	57	0
00:06:06	47	51	0
00:06:07	56	47	0
00:06:08	51	51	0
00:06:09	50	63	0
00:06:10	67	57	0
00:06:11	69	60	0
00:06:12	70	51	0
00:06:13	69	50	0
00:06:14	54	54	0
00:06:15	51	56	0
00:06:16	50	54	0
00:06:17	66	54	0
00:06:19	75	53	0
00:06:20	66	50	0
00:06:21	78	48	0
00:06:22	74	53	0
00:06:23	87	57	0
00:06:24	84	53	0
00:06:25	66	40	0
00:06:26	60	43	0
00:06:27	54	37	0
00:06:28	47	51	0
00:06:29	40	57	0
00:06:30	30	61	0
00:06:31	44	74	0
00:06:32	48	64	0
00:06:33	56	75	0
00:06:34	63	75	0
00:06:35	50	67	0
00:06:36	50	70	0
00:06:37	51	61	0
00:06:38	38	48	0
00:06:39	51	50	0
00:06:40	54	47	0
00:06:41	69	60	0
00:06:42	78	77	0
00:06:43	83	70	0
00:06:44	87	69	0
00:06:45	87	63	0
00:06:46	87	61	0
00:06:47	75	75	0
00:06:48	67	74	0
00:06:49	51	61	0
00:06:50	50	51	0
00:06:51	41	27	0
00:06:52	34	38	0
00:06:53	51	48	0
00:06:55	34	61	0
00:06:56	29	48	0
00:06:57	29	27	0
00:06:58	26	34	0
00:06:59	56	34	0
00:07:00	66	41	0
00:07:01	53	47	0
00:07:02	41	41	0
00:07:03	21	41	0
00:07:04	40	37	0
00:07:05	50	30	0
00:07:06	56	44	0
00:07:07	54	41	0
00:07:08	47	53	0
00:07:09	61	54	0
00:07:10	75	51	0
00:07:11	94	63	0
00:07:12	88	66	0
00:07:13	75	74	0
00:07:14	67	83	0
00:07:15	70	70	0
00:07:16	61	56	0
00:07:17	64	53	0
00:07:18	50	44	0
00:07:19	37	61	0
00:07:20	48	43	0
00:07:21	41	47	0
00:07:22	60	41	0
00:07:23	64	35	0
00:07:24	56	54	0
00:07:25	63	61	0
00:07:26	60	67	0
00:07:27	81	66	0
00:07:28	87	66	0
00:07:29	66	57	0
00:07:30	66	53	0
00:07:32	47	50	0
00:07:33	24	38	0
00:07:34	27	50	0
00:07:35	23	43	0
00:07:36	21	44	0
00:07:37	11	41	0
00:07:38	11	41	26
00:07:39	14	41	0
00:07:40	21	44	0
00:07:41	17	38	0
00:07:42	37	47	0
00:07:43	37	47	51
00:07:44	29	41	0
00:07:45	35	51	0
00:07:46	41	57	0
00:07:47	29	50	0
00:07:48	40	53	0
00:07:49	40	51	0
00:07:50	38	50	0
00:07:51	37	66	0
00:07:52	50	60	0
00:07:53	47	48	0
00:07:54	53	44	0
00:07:55	53	27	0
00:07:56	29	20	0
00:07:57	14	30	0
00:07:58	8	29	0
00:07:59	16	29	0
00:08:00	35	38	0
00:08:01	48	34	0
00:08:02	83	37	0
00:08:03	100	41	0
00:08:04	93	40	0
00:08:05	81	29	0
00:08:06	67	41	0
00:08:08	60	54	0
00:08:09	81	43	0
00:08:10	70	54	0
00:08:11	75	43	0
00:08:12	78	37	0
00:08:13	70	40	0
00:08:14	75	44	0
00:08:15	81	48	0
00:08:16	66	41	0
00:08:17	60	47	0
00:08:18	60	47	25
00:08:19	57	40	0
00:08:20	38	40	0
00:08:21	51	43	0
00:08:22	61	44	0
00:08:23	70	53	0
00:08:24	84	60	0
00:08:25	80	66	0
00:08:26	74	66	0
00:08:27	64	69	0
00:08:28	53	44	0
00:08:29	66	43	0
00:08:30	69	41	0
00:08:31	78	38	0
00:08:32	78	37	0
00:08:33	78	37	25
00:08:34	53	38	0
00:08:35	51	27	0
00:08:36	57	40	0
00:08:37	44	48	0
00:08:38	37	38	0
00:08:39	29	48	0
00:08:40	17	54	0
00:08:41	24	51	0
00:08:42	43	63	0
00:08:44	69	50	0
00:08:45	83	47	0
00:08:46	83	47	51
00:08:47	74	44	0
00:08:48	63	35	0
00:08:49	34	35	0
00:08:50	20	35	0
00:08:51	27	50	0
00:08:52	41	51	0
00:08:53	69	50	0
00:08:54	77	56	0
00:08:55	78	51	0
00:08:56	57	50	0
00:08:57	43	63	0
00:08:58	48	43	0
00:08:59	50	37	0
00:09:00	53	26	0
00:09:01	44	30	0
00:09:02	50	51	0
00:09:03	53	38	0
00:09:04	57	54	0
00:09:05	70	57	0
00:09:06	77	48	0
00:09:07	90	53	0
00:09:08	90	53	0
00:09:09	77	38	25
00:09:10	83	48	0
00:09:11	78	44	0
00:09:12	69	41	0
00:09:13	61	44	0
00:09:14	30	34	0
00:09:15	11	37	0
00:09:16	4	35	0
00:09:17	3	35	0
00:09:18	13	53	0
00:09:20	43	56	0
00:09:21	51	56	0
00:09:22	66	53	0
00:09:23	77	41	0
00:09:24	74	50	0
00:09:25	66	53	0
00:09:26	61	44	0
00:09:27	50	40	0
00:09:28	38	37	0
00:09:29	41	26	0
00:09:30	27	43	0
00:09:31	35	41	0
00:09:32	35	60	0
00:09:33	41	66	0
00:09:34	64	63	0
00:09:35	61	61	0
00:09:36	61	51	0
00:09:37	69	47	0
00:09:38	60	35	0
00:09:39	56	29	0
00:09:40	64	37	0
00:09:41	64	41	0
00:09:42	51	54	0
00:09:43	67	51	0
00:09:44	60	50	0
00:09:45	51	44	0
00:09:46	61	50	0
00:09:47	61	56	0
00:09:48	63	38	0
00:09:49	70	47	0
00:09:50	77	48	0
00:09:51	63	35	0
00:09:52	70	48	0
00:09:53	75	43	0
00:09:54	77	30	0
00:09:55	80	48	0
00:09:57	69	56	0
00:09:58	60	47	0
00:09:59	56	56	0
00:10:00	57	63	0
00:10:01	60	66	0
00:10:02	67	63	0
00:10:03	74	51	0
00:10:04	64	35	0
00:10:05	80	47	0
00:10:06	83	38	0
00:10:07	80	35	0
00:10:08	84	35	0
00:10:09	70	35	0
00:10:10	57	35	0
00:10:11	34	20	0
00:10:12	37	17	0
00:10:13	35	14	0
00:10:14	34	24	0
00:10:15	66	50	0
00:10:16	70	51	0
00:10:17	80	60	0
00:10:18	93	56	0
00:10:19	100	56	0
00:10:20	94	66	0
00:10:21	83	54	0
00:10:22	64	51	0
00:10:23	53	53	0
00:10:24	54	61	0
00:10:25	70	66	0
00:10:26	74	63	0
00:10:27	61	60	0
00:10:28	66	53	0
00:10:29	74	44	0
00:10:30	84	48	0
00:10:31	100	43	0
00:10:33	96	41	0
00:10:34	83	47	0
00:10:35	84	54	0
00:10:36	70	56	0
00:10:37	57	60	0
00:10:38	51	50	0
00:10:39	43	56	0
00:10:40	63	53	0
00:10:41	61	63	0
00:10:42	69	69	0
00:10:43	74	60	0
00:10:44	69	53	0
00:10:45	63	47	0
00:10:46	63	41	0
00:10:47	66	44	0
00:10:48	61	63	0
00:10:49	80	61	0
00:10:50	83	60	0
00:10:51	75	50	0
00:10:52	78	50	0
00:10:53	63	35	0
00:10:54	60	51	0
00:10:55	63	61	0
00:10:56	53	57	0
00:10:57	57	69	0
00:10:58	60	56	0
00:10:59	50	43	0
00:11:00	47	43	0
00:11:01	41	56	0
00:11:02	27	54	0
00:11:03	30	66	0
00:11:04	29	50	0
00:11:05	37	60	0
00:11:06	44	66	0
00:11:07	41	50	0
00:11:09	54	53	0
00:11:10	74	53	0
00:11:11	90	48	0
00:11:12	100	47	0
00:11:13	100	44	0
00:11:14	100	44	0
00:11:15	80	43	0
00:11:16	78	41	0
00:11:17	78	44	0
00:11:18	83	37	0
00:11:19	93	34	0
00:11:20	90	40	0
00:11:21	94	43	0
00:11:22	97	37	0
00:11:23	93	48	0
00:11:24	78	50	0
00:11:25	57	56	0
00:11:26	37	61	0
00:11:27	40	47	0
00:11:28	40	47	0
00:11:29	75	41	0
00:11:30	75	51	0
00:11:31	80	64	0
00:11:32	66	63	0
00:11:33	66	47	0
00:11:34	81	44	0
00:11:35	67	43	0
00:11:36	61	50	0
00:11:37	53	47	0
00:11:38	50	56	0
00:11:39	40	50	0
00:11:40	38	60	0
00:11:41	50	63	0
00:11:42	60	66	0
00:11:43	81	77	0
00:11:45	84	81	0
00:11:46	87	75	0
00:11:47	93	67	0
00:11:48	93	67	0
00:11:49	100	41	0
00:11:50	100	53	0
00:11:51	100	51	0
00:11:52	100	54	0
00:11:53	90	67	0
00:11:54	97	54	0
00:11:55	88	56	0
00:11:56	83	38	0
00:11:57	90	40	0
00:11:58	84	38	0
00:11:59	81	40	0
00:12:00	75	54	0
00:12:01	63	60	0
00:12:02	48	78	0
00:12:03	63	70	0
00:12:04	80	70	0
00:12:05	91	56	0
00:12:06	88	34	0
00:12:07	84	34	0
00:12:08	78	40	0
00:12:09	63	40	0
00:12:10	57	47	0
00:12:11	56	50	0
00:12:12	44	30	0
00:12:13	47	30	0
00:12:14	41	30	0
00:12:15	34	34	0
00:12:16	37	53	0
00:12:17	44	63	0
00:12:18	34	51	0
00:12:19	26	48	0
00:12:20	30	48	0
00:12:22	29	54	0
00:12:23	43	61	0
00:12:24	47	63	0
00:12:25	38	50	0
00:12:26	56	43	0
00:12:27	67	50	0
00:12:28	81	34	0
00:12:29	100	44	0
00:12:30	87	40	0
00:12:31	57	30	0
00:12:32	44	47	0
00:12:33	26	54	0
00:12:34	23	64	0
00:12:35	35	61	0
00:12:36	38	53	0
00:12:37	37	40	0
00:12:38	44	38	0
00:12:39	54	40	0
00:12:40	57	34	0
00:12:41	70	41	0
00:12:42	75	60	0
00:12:43	57	60	0
00:12:44	61	64	0
00:12:45	48	66	0
00:12:46	48	66	25
00:12:47	41	56	0
00:12:48	56	67	0
00:12:49	60	67	0
00:12:50	66	75	0
00:12:51	81	69	0
00:12:52	81	57	0
00:12:53	74	64	0
00:12:54	74	56	0
00:12:55	63	60	0
00:12:57	63	67	0
00:12:58	75	67	0
00:12:59	77	61	0
00:13:00	70	61	0
00:13:01	69	54	0
00:13:02	56	44	0
00:13:03	54	61	0
00:13:04	51	53	0
00:13:05	38	47	0
00:13:06	47	53	0
00:13:07	41	44	0
00:13:08	44	48	0
00:13:09	50	50	0
00:13:10	60	54	0
00:13:11	53	63	0
00:13:12	47	67	0
00:13:13	38	64	0
00:13:14	38	63	0
00:13:15	56	57	0
00:13:16	69	38	0
00:13:17	83	47	0
00:13:18	83	53	0
00:13:19	83	53	0
00:13:20	88	54	0
00:13:21	93	48	0
00:13:22	97	44	0
00:13:23	100	35	0
00:13:24	100	44	0
00:13:25	100	54	0
00:13:26	100	41	0
00:13:27	100	41	0
00:13:28	84	48	0
00:13:29	84	53	0
00:13:30	90	53	0
00:13:31	93	41	0
00:13:32	83	54	0
00:13:34	70	50	0
00:13:35	53	56	0
00:13:36	50	67	0
00:13:37	54	57	0
00:13:38	60	51	0
00:13:39	80	51	0
00:13:40	74	53	0
00:13:41	84	48	0
00:13:42	66	35	0
00:13:43	78	43	0
00:13:44	66	29	0
00:13:45	44	50	0
00:13:46	47	61	0
00:13:47	26	44	0
00:13:48	38	61	0
00:13:49	50	53	0
00:13:50	43	56	0
00:13:51	44	61	0
00:13:52	37	50	0
00:13:53	27	50	0
00:13:54	41	47	0
00:13:55	53	50	0
00:13:56	74	56	0
00:13:57	77	54	0
00:13:58	83	51	0
00:13:59	88	51	0
00:14:00	74	48	0
00:14:01	64	51	0
00:14:02	53	51	0
00:14:03	50	60	0
00:14:04	48	53	0
00:14:05	50	41	0
00:14:06	44	43	0
00:14:07	44	43	51
00:14:08	44	43	25
00:14:10	27	35	0
00:14:11	48	50	0
00:14:12	64	60	0
00:14:13	74	69	0
00:14:14	56	61	0
00:14:15	47	83	0
00:14:16	40	66	0
00:14:17	44	54	0
00:14:18	51	50	0
00:14:19	63	27	0
00:14:20	56	35	0
00:14:21	53	37	0
00:14:22	60	50	0
00:14:23	51	53	0
00:14:24	67	43	0
00:14:25	69	57	0
00:14:26	61	56	0
00:14:27	61	67	0
00:14:28	47	70	0
00:14:29	48	60	0
00:14:30	56	61	0
00:14:31	61	57	0
00:14:32	64	70	0
00:14:33	56	69	0
00:14:34	40	63	0
00:14:35	29	61	0
00:14:36	30	50	0
00:14:37	40	50	0
00:14:38	47	51	0
00:14:39	53	54	0
00:14:40	61	54	0
00:14:41	56	69	0
00:14:42	66	48	0
00:14:43	63	54	0
00:14:44	74	48	0
00:14:46	54	54	0
00:14:47	48	61	0
00:14:48	64	60	0
00:14:49	70	51	0
00:14:50	88	48	0
00:14:51	84	67	0
00:14:52	64	64	0
00:14:53	48	69	0
00:14:54	35	78	0
00:14:55	47	70	0
00:14:56	48	70	0
00:14:57	47	61	0
00:14:58	47	40	0
00:14:59	47	29	0
00:15:00	47	35	0
00:15:01	57	54	0
00:15:02	64	63	0
00:15:03	56	69	0
00:15:04	67	70	0
00:15:05	74	57	0
00:15:06	66	57	0
00:15:07	66	57	0
00:15:08	67	53	0
00:15:09	56	40	0
00:15:10	61	43	0
00:15:11	64	41	0
00:15:12	69	44	0
00:15:13	96	56	0
00:15:14	88	54	0
00:15:15	87	54	0
00:15:16	74	37	0
00:15:17	44	44	0
00:15:18	40	43	0
00:15:19	35	54	0
00:15:20	43	69	0
00:15:22	61	67	0
00:15:23	57	60	0
00:15:24	47	44	0
00:15:25	30	30	0
00:15:26	40	34	0
00:15:27	41	38	0
00:15:28	57	48	0
00:15:29	60	50	0
00:15:30	47	43	0
00:15:31	50	50	0
00:15:32	44	47	0
00:15:33	54	61	0
00:15:34	64	60	0
00:15:35	69	53	0
00:15:36	61	51	0
00:15:37	56	41	0
00:15:38	50	51	0
00:15:39	41	51	0
00:15:40	40	54	0
00:15:41	48	56	0
00:15:42	44	57	0
00:15:43	54	57	0
00:15:44	56	57	0
00:15:45	67	44	0
00:15:46	67	44	0
00:15:47	53	43	0
00:15:48	63	54	0
00:15:49	41	54	0
00:15:50	40	47	0
00:15:51	37	35	0
00:15:52	50	24	0
00:15:53	64	35	0
00:15:54	66	47	0
00:15:55	60	61	0
00:15:57	44	48	0
00:15:58	34	44	0
00:15:59	27	41	0
00:16:00	35	38	0
00:16:01	30	51	0
00:16:02	35	51	0
00:16:03	43	57	0
00:16:04	47	60	0
00:16:05	43	61	0
00:16:06	41	67	0
00:16:07	37	67	0
00:16:08	43	70	0
00:16:09	48	70	0
00:16:10	64	63	0
00:16:11	66	63	0
00:16:12	67	54	0
00:16:13	70	60	0
00:16:14	44	56	0
00:16:15	41	60	0
00:16:16	17	43	0
00:16:17	27	41	0
00:16:18	47	44	0
00:16:19	41	44	0
00:16:20	60	57	0
00:16:21	53	57	0
00:16:22	27	44	0
00:16:23	35	41	0
00:16:24	27	37	0
00:16:25	35	47	0
00:16:26	35	47	0
00:16:27	56	54	0
00:16:28	56	56	0
00:16:29	47	44	0
00:16:30	53	47	0
00:16:31	43	53	0
00:16:33	60	64	0
00:16:34	64	63	0
00:16:35	60	61	0
00:16:36	54	56	0
00:16:37	47	54	0
00:16:38	47	61	0
00:16:39	43	61	0
00:16:40	51	51	0
00:16:41	50	48	0
00:16:42	57	53	0
00:16:43	56	63	0
00:16:44	57	66	0
00:16:45	57	56	0
00:16:46	47	34	0
00:16:47	40	50	0
00:16:48	41	61	0
00:16:49	53	67	0
00:16:50	57	80	0
00:16:51	56	78	0
00:16:52	61	74	0
00:16:53	51	70	0
00:16:54	44	63	0
00:16:55	47	51	0
00:16:56	37	48	0
00:16:57	38	50	0
00:16:58	38	44	0
00:16:59	56	53	0
00:17:00	54	61	0
00:17:01	50	54	0
00:17:02	50	60	0
00:17:03	35	67	0
00:17:04	44	60	0
00:17:05	50	56	0
00:17:06	53	54	0
00:17:07	63	35	0
00:17:08	53	20	0
00:17:10	57	29	0
00:17:11	54	34	0
00:17:12	44	50	0
00:17:13	47	50	0
00:17:14	50	53	0
00:17:15	44	51	0
00:17:16	41	43	0
00:17:17	35	47	0
00:17:18	43	54	0
00:17:19	63	43	0
00:17:20	66	51	0
00:17:21	57	44	0
00:17:22	63	37	0
00:17:23	41	30	0
00:17:24	40	21	0
00:17:25	47	30	0
00:17:26	54	30	0
00:17:27	80	43	0
00:17:28	87	47	0
00:17:29	77	53	0
00:17:30	56	40	0
00:17:31	43	44	0
00:17:32	54	38	0
00:17:33	75	26	0
00:17:34	84	43	0
00:17:35	93	41	0
00:17:36	87	47	0
00:17:37	77	63	0
00:17:38	74	67	0
00:17:39	66	70	0
00:17:40	61	75	0
00:17:41	51	51	0
00:17:42	48	41	0
00:17:43	63	44	0
00:17:44	67	43	0
00:17:46	74	61	0
00:17:47	64	56	0
00:17:48	35	51	0
00:17:49	14	51	0
00:17:50	21	56	0
00:17:51	27	57	0
00:17:52	41	63	0
00:17:53	37	47	0
00:17:54	26	38	0
00:17:55	35	27	0
00:17:56	40	30	0
00:17:57	37	54	0
00:17:58	44	70	0
00:17:59	47	63	0
00:18:00	40	61	0
00:18:01	50	54	0
00:18:02	60	40	0
00:18:03	66	43	0
00:18:04	64	37	0
00:18:05	60	29	0
00:18:06	60	43	0
00:18:07	41	51	0
00:18:08	40	53	0
00:18:09	34	60	0
00:18:10	20	53	0
00:18:11	27	54	0
00:18:12	37	60	0
00:18:13	47	57	0
00:18:14	50	48	0
00:18:15	40	38	0
00:18:16	35	20	0
00:18:17	26	7	0
00:18:18	17	1	0
00:18:19	35	23	0
00:18:20	53	29	0
00:18:21	64	57	0
00:18:23	64	63	0
00:18:24	66	61	0
00:18:25	56	60	0
00:18:26	56	60	0
00:18:27	50	44	0
00:18:28	50	51	0
00:18:29	61	56	0
00:18:30	63	66	0
00:18:31	60	69	0
00:18:32	53	60	0
00:18:33	43	63	0
00:18:34	60	61	0
00:18:35	64	54	0
00:18:36	63	61	0
00:18:37	64	66	0
00:18:38	51	69	0
00:18:39	44	63	0
00:18:40	48	56	0
00:18:41	47	53	0
00:18:42	44	54	0
00:18:43	44	61	0
00:18:44	44	75	0
00:18:45	47	63	0
00:18:46	50	63	0
00:18:47	57	64	0
00:18:48	69	57	0
00:18:49	74	77	0
00:18:50	81	83	0
00:18:51	77	87	0
00:18:52	83	74	0
00:18:53	61	61	0
00:18:54	53	47	0
00:18:56	47	41	0
00:18:57	35	47	0
00:18:58	44	50	0
00:18:59	48	61	0
00:19:00	38	41	0
00:19:01	30	40	0
00:19:02	29	38	0
00:19:03	26	26	0
00:19:04	34	44	0
00:19:05	34	40	0
00:19:06	34	34	0
00:19:07	40	41	0
00:19:08	50	41	0
00:19:09	50	40	0
00:19:10	53	41	0
00:19:11	51	50	0
00:19:12	51	44	0
00:19:13	56	48	0
00:19:14	50	57	0
00:19:15	51	54	0
00:19:16	51	57	0
00:19:17	66	50	0
00:19:18	78	53	0
00:19:19	77	53	0
00:19:20	64	51	0
00:19:21	60	54	0
00:19:22	61	54	0
00:19:23	78	60	0
00:19:24	74	56	0
00:19:25	74	61	0
00:19:26	77	60	0
00:19:27	67	57	0
00:19:28	66	64	0
00:19:29	63	64	0
00:19:30	63	74	0
00:19:31	69	74	0
00:19:33	69	66	0
00:19:34	75	61	0
00:19:35	75	48	0
00:19:36	56	44	0
00:19:37	51	44	0
00:19:38	44	53	0
00:19:39	41	56	0
00:19:40	53	57	0
00:19:41	64	67	0
00:19:42	50	60	0
00:19:43	48	61	0
00:19:44	43	54	0
00:19:45	34	41	0
00:19:46	50	48	0
00:19:47	48	44	0
00:19:48	38	50	0
00:19:49	35	47	0
00:19:50	27	50	0
00:19:51	16	47	0
00:19:52	21	44	0
00:19:53	40	41	0
00:19:54	57	47	0
00:19:55	66	56	0
00:19:56	67	50	0
00:19:57	57	41	0
00:19:58	61	40	0
00:19:59	56	26	0
00:20:00	54	40	0
00:20:01	61	50	0
00:20:02	53	57	0
00:20:03	54	57	0
00:20:04	51	54	0
00:20:05	51	54	0
00:20:06	48	51	0
00:20:07	57	61	0
00:20:08	77	60	0
00:20:10	75	70	0
00:20:11	66	75	0
00:20:12	48	67	0
00:20:13	37	67	0
00:20:14	30	53	0
00:20:15	30	50	0
00:20:16	47	57	0
00:20:17	40	67	0
00:20:18	37	74	0
00:20:19	48	67	0
00:20:20	54	60	0
00:20:21	54	53	0
00:20:22	63	50	0
00:20:23	66	60	0
00:20:24	57	51	0
00:20:25	48	40	0
00:20:26	29	34	0
00:20:27	17	24	0
00:20:28	34	37	0
00:20:29	51	56	0
00:20:30	67	64	0
00:20:31	77	70	0
00:20:32	74	69	0
00:20:33	67	70	0
00:20:34	51	66	0
00:20:35	44	60	0
00:20:36	34	57	0
00:20:37	23	41	0
00:20:38	29	44	0
00:20:39	35	47	0
00:20:40	27	41	0
00:20:41	38	50	0
00:20:42	48	43	0
00:20:43	41	44	0
00:20:44	43	44	0
00:20:45	35	41	0
00:20:47	17	38	0
00:20:48	27	53	0
00:20:49	34	57	0
00:20:50	37	63	0
00:20:51	43	57	0
00:20:52	29	44	0
00:20:53	23	29	0
00:20:54	21	24	0
00:20:55	34	34	0
00:20:56	40	41	0
00:20:57	44	48	0
00:20:58	48	56	0
00:20:59	50	69	0
00:21:00	44	78	0
00:21:01	44	75	0
00:21:02	50	60	0
00:21:03	54	40	0
00:21:04	53	30	0
00:21:05	41	30	0
00:21:06	34	44	0
00:21:07	34	50	0
00:21:08	35	57	0
00:21:09	41	56	0
00:21:10	40	56	0
00:21:11	37	57	0
00:21:12	47	48	0
00:21:13	56	56	0
00:21:14	53	53	0
00:21:15	47	50	0
00:21:16	37	47	0
00:21:17	34	40	0
00:21:18	35	41	0
00:21:19	38	51	0
00:21:20	38	56	0
00:21:22	37	48	0
00:21:23	30	47	0
00:21:24	34	51	0
00:21:25	35	48	0
00:21:26	27	63	0
00:21:27	41	66	0
00:21:28	41	83	0
00:21:29	37	81	0
00:21:30	37	75	0
00:21:31	30	70	0
00:21:32	37	70	0
00:21:33	47	67	0
00:21:34	35	77	0
00:21:35	50	75	0
00:21:36	63	74	0
00:21:37	63	75	0
00:21:38	54	63	0
00:21:39	41	67	0
00:21:40	20	56	0
00:21:41	26	51	0
00:21:42	29	43	0
00:21:43	34	43	0
00:21:44	40	48	0
00:21:45	40	48	0
00:21:46	35	57	0
00:21:47	30	48	0
00:21:48	38	60	0
00:21:49	37	57	0
00:21:50	41	66	0
00:21:51	27	67	0
00:21:52	30	50	0
00:21:53	35	44	0
00:21:54	30	38	0
00:21:55	43	37	0
00:21:56	43	41	0
00:21:57	38	51	0
00:21:59	26	44	0
00:22:00	21	57	0
00:22:01	29	70	0
00:22:02	26	70	0
00:22:03	40	90	0
00:22:04	44	83	0
00:22:05	53	70	0
00:22:06	57	70	0
00:22:07	54	77	0
00:22:08	48	67	0
00:22:09	41	66	0
00:22:10	34	67	0
00:22:11	34	57	0
00:22:12	38	64	0
00:22:13	40	74	0
00:22:14	51	74	0
00:22:15	57	63	0
00:22:16	41	64	0
00:22:17	41	64	26
00:22:18	37	64	0
00:22:19	24	54	0
00:22:20	21	64	0
00:22:21	29	61	0
00:22:22	37	64	0
00:22:23	48	74	0
00:22:24	57	69	0
00:22:25	66	66	0
00:22:26	57	64	0
00:22:27	56	61	0
00:22:28	40	57	0
00:22:29	30	43	0
00:22:30	27	47	0
00:22:31	38	53	0
00:22:32	70	57	0
00:22:33	64	56	0
00:22:34	64	51	0
00:22:36	56	53	0
00:22:37	41	64	0
00:22:38	50	74	0
00:22:39	54	74	0
00:22:40	60	66	0
00:22:41	60	64	0
00:22:42	56	64	0
00:22:43	50	70	0
00:22:44	47	74	0
00:22:45	47	74	0
00:22:46	34	63	0
00:22:47	23	56	0
00:22:48	37	61	0
00:22:49	44	60	0
00:22:50	57	61	0
00:22:51	66	70	0
00:22:52	51	69	0
00:22:53	57	66	0
00:22:54	43	66	0
00:22:55	41	57	0
00:22:56	43	61	0
00:22:57	30	57	0
00:22:58	35	64	0
00:22:59	34	70	0
00:23:00	37	69	0
00:23:01	30	54	0
00:23:02	41	51	0
00:23:03	47	57	0
00:23:04	51	69	0
00:23:05	54	57	0
00:23:06	57	56	0
00:23:07	48	50	0
00:23:08	47	48	0
00:23:09	41	67	0
00:23:10	40	70	0
00:23:12	40	70	26
00:23:13	54	64	0
00:23:14	63	56	0
00:23:15	77	41	0
00:23:16	80	35	0
00:23:17	78	48	0
00:23:18	75	54	0
00:23:19	64	61	0
00:23:20	63	66	0
00:23:21	37	64	0
00:23:22	27	61	0
00:23:23	26	56	0
00:23:24	17	47	0
00:23:25	30	41	0
00:23:26	48	41	0
00:23:27	40	43	0
00:23:28	47	43	0
00:23:29	50	47	0
00:23:30	41	57	0
00:23:31	53	69	0
00:23:32	48	66	0
00:23:33	44	53	0
00:23:34	44	40	0
00:23:35	41	47	0
00:23:36	35	29	0
00:23:37	38	47	0
00:23:38	21	38	0
00:23:39	13	41	0
00:23:40	27	47	0
00:23:41	11	41	0
00:23:42	23	54	0
00:23:43	26	38	0
00:23:44	23	48	0
00:23:45	41	51	0
00:23:46	41	50	0
00:23:48	41	54	0
00:23:49	40	43	0
00:23:50	40	29	0
00:23:51	41	41	0
00:23:52	47	40	0
00:23:53	40	48	0
00:23:54	35	60	0
00:23:55	27	41	0
00:23:56	29	57	0
00:23:57	37	63	0
00:23:58	30	53	0
00:23:59	54	70	0
00:24:00	57	64	0
00:24:01	60	67	0
00:24:02	61	77	0
00:24:03	50	80	0
00:24:04	50	70	0
00:24:05	57	61	0
00:24:06	53	61	0
00:24:07	43	60	0
00:24:08	47	69	0
00:24:09	29	83	0
00:24:10	30	70	0
00:24:11	27	61	0
00:24:12	24	47	0
00:24:13	35	30	0
00:24:14	35	26	0
00:24:15	29	38	0
00:24:16	24	40	0
00:24:17	24	41	0
00:24:18	21	34	0
00:24:19	29	43	0
00:24:20	37	51	0
00:24:21	40	48	0
00:24:22	43	56	0
00:24:24	47	56	0
00:24:25	48	60	0
00:24:26	38	60	0
00:24:27	37	69	0
00:24:28	21	53	0
00:24:29	30	44	0
00:24:30	51	48	0
00:24:31	63	47	0
00:24:32	74	38	0
00:24:33	63	44	0
00:24:34	47	43	0
00:24:35	38	61	0
00:24:36	43	54	0
00:24:37	48	51	0
00:24:38	41	38	0
00:24:39	47	38	0
00:24:40	43	41	0
00:24:41	60	41	0
00:24:42	75	48	0
00:24:43	75	56	0
00:24:44	77	50	0
00:24:45	53	66	0
00:24:46	43	75	0
00:24:47	44	69	0
00:24:48	53	77	0
00:24:49	67	61	0
00:24:50	80	54	0
00:24:51	78	44	0
00:24:52	69	44	0
00:24:53	80	50	0
00:24:54	77	50	0
00:24:55	78	69	0
00:24:56	74	74	0
00:24:57	51	67	0
00:24:58	51	77	0
00:24:59	51	44	0
00:25:01	50	38	0
00:25:02	66	35	0
00:25:03	60	37	0
00:25:04	47	44	0
00:25:05	54	48	0
00:25:06	40	61	0
00:25:07	48	69	0
00:25:08	35	54	0
00:25:09	38	43	0
00:25:10	37	53	0
00:25:11	35	63	0
00:25:12	41	75	0
00:25:13	37	69	0
00:25:14	40	51	0
00:25:15	37	37	0
00:25:16	30	34	0
00:25:17	44	35	0
00:25:18	38	48	0
00:25:19	48	56	0
00:25:20	54	63	0
00:25:21	47	63	0
00:25:22	38	77	0
00:25:23	27	69	0
00:25:24	27	69	0
00:25:25	26	80	0
00:25:26	35	53	0
00:25:27	40	54	0
00:25:28	38	48	0
00:25:29	50	53	0
00:25:30	53	61	0
00:25:31	56	64	0
00:25:32	56	60	0
00:25:33	50	64	0
00:25:34	38	63	0
00:25:35	38	66	0
00:25:37	53	77	0
00:25:38	64	70	0
00:25:39	60	70	0
00:25:40	44	60	0
00:25:41	40	53	0
00:25:42	20	44	0
00:25:43	13	38	0
00:25:44	16	35	0
00:25:45	17	44	0
00:25:46	23	56	0
00:25:47	34	64	0
00:25:48	37	70	0
00:25:49	38	78	0
00:25:50	43	70	0
00:25:51	51	70	0
00:25:52	51	61	0
00:25:53	60	47	0
00:25:54	60	48	0
00:25:55	50	40	0
00:25:56	41	47	0
00:25:57	48	51	0
00:25:58	54	47	0
00:25:59	74	41	0
00:26:00	69	47	0
00:26:01	53	50	0
00:26:02	37	47	0
00:26:03	23	51	0
00:26:04	43	48	0
00:26:05	56	54	0
00:26:06	66	60	0
00:26:07	54	70	0
00:26:08	54	41	0
00:26:09	53	40	0
00:26:10	70	34	0
00:26:11	64	50	0
00:26:12	56	53	0
00:26:14	63	51	0
00:26:15	60	48	0
00:26:16	69	43	0
00:26:17	78	48	0
00:26:18	84	53	0
00:26:19	83	53	0
00:26:20	67	47	0
00:26:21	51	43	0
00:26:22	34	47	0
00:26:23	24	41	0
00:26:24	24	41	0
00:26:25	35	74	0
00:26:26	37	75	0
00:26:27	30	57	0
00:26:28	34	44	0
00:26:29	35	27	0
00:26:30	38	27	0
00:26:31	50	61	0
00:26:32	56	69	0
00:26:33	47	74	0
00:26:34	40	63	0
00:26:35	30	56	0
00:26:36	20	41	0
00:26:37	30	41	0
00:26:38	38	48	0
00:26:39	48	48	0
00:26:40	37	43	0
00:26:41	26	40	0
00:26:42	20	29	0
00:26:43	3	20	0
00:26:44	14	24	0
00:26:45	14	24	0
00:26:46	26	29	0
00:26:47	41	47	0
00:26:48	47	61	0
00:26:50	44	63	0
00:26:51	41	61	0
00:26:52	41	64	0
00:26:53	27	47	0
00:26:54	43	48	0
00:26:55	57	47	0
00:26:56	57	50	0
00:26:57	61	57	0
00:26:58	60	56	0
00:26:59	44	61	0
00:27:00	41	57	0
00:27:01	40	53	0
00:27:02	30	44	0
00:27:03	37	40	0
00:27:04	48	30	0
00:27:05	60	47	0
00:27:06	61	60	0
00:27:07	64	74	0
00:27:08	50	74	0
00:27:09	38	57	0
00:27:10	30	50	0
00:27:11	26	43	0
00:27:12	40	44	0
00:27:13	50	47	0
00:27:14	48	57	0
00:27:15	48	70	0
00:27:16	27	56	0
00:27:17	26	43	0
00:27:18	30	29	0
00:27:19	51	26	0
00:27:20	69	47	0
00:27:21	66	61	0
00:27:22	61	64	0
00:27:23	41	70	0
00:27:24	30	69	0
00:27:26	35	64	0
00:27:27	38	47	0
00:27:28	54	47	0
00:27:29	50	53	0
00:27:30	48	44	0
00:27:31	30	57	0
00:27:32	34	61	0
00:27:33	47	53	0
00:27:34	57	64	0
00:27:35	60	64	0
00:27:36	51	44	0
00:27:37	51	43	0
00:27:38	44	30	0
00:27:39	53	35	0
00:27:40	63	51	0
00:27:41	51	56	0
00:27:42	41	50	0
00:27:43	26	44	0
00:27:44	27	37	0
00:27:45	38	57	0
00:27:46	23	50	0
00:27:47	11	41	0
00:27:48	16	41	0
00:27:49	13	34	0
00:27:50	20	40	0
00:27:51	30	61	0
00:27:52	29	53	0
00:27:53	40	54	0
00:27:54	38	51	0
00:27:55	44	30	0
00:27:56	48	53	0
00:27:57	44	57	0
00:27:58	48	60	0
00:27:59	51	64	0
00:28:00	48	60	0
00:28:01	47	51	0
00:28:03	44	50	0
00:28:04	47	54	0
00:28:05	47	47	0
00:28:06	37	43	0
00:28:07	37	51	0
00:28:08	35	53	0
00:28:09	27	56	0
00:28:10	41	51	0
00:28:11	48	47	0
00:28:12	35	35	0
00:28:13	38	48	0
00:28:14	26	41	0
00:28:15	23	41	0
00:28:16	23	50	0
00:28:17	23	27	0
00:28:18	24	38	0
00:28:19	30	38	0
00:28:20	26	47	0
00:28:21	29	48	0
00:28:22	44	40	0
00:28:23	34	29	0
00:28:24	44	21	0
00:28:25	51	38	0
00:28:26	41	41	0
00:28:27	43	35	0
00:28:28	29	34	0
00:28:29	20	17	0
00:28:30	11	23	0
00:28:31	13	48	0
00:28:32	14	43	0
00:28:33	14	56	0
00:28:34	27	57	0
00:28:35	41	60	0
00:28:37	47	69	0
00:28:38	48	61	0
00:28:39	38	53	0
00:28:40	30	54	0
00:28:41	40	53	0
00:28:42	24	67	0
00:28:43	38	74	0
00:28:44	27	80	0
00:28:45	40	66	0
00:28:46	35	67	0
00:28:47	47	69	0
00:28:48	38	74	0
00:28:49	41	70	0
00:28:50	24	77	0
00:28:51	20	57	0
00:28:52	13	43	0
00:28:53	7	50	0
00:28:54	13	47	0
00:28:55	16	56	0
00:28:56	30	43	0
00:28:57	30	40	0
00:28:58	41	40	0
00:28:59	43	34	0
00:29:00	48	47	0
00:29:01	43	47	0
00:29:02	47	41	0
00:29:03	43	57	0
00:29:04	47	67	0
00:29:05	53	77	0
00:29:06	43	83	0
00:29:07	38	75	0
00:29:08	37	75	0
00:29:09	47	78	0
00:29:10	54	78	0
00:29:11	56	56	0
00:29:12	51	54	0
00:29:13	50	54	0
00:29:15	50	60	0
00:29:16	50	78	0
00:29:17	48	67	0
00:29:18	51	69	0
00:29:19	51	70	0
00:29:20	41	77	0
00:29:21	47	83	0
00:29:22	38	61	0
00:29:23	34	38	0
00:29:24	37	40	0
00:29:25	34	38	0
00:29:26	37	50	0
00:29:27	43	67	0
00:29:28	43	63	0
00:29:29	41	56	0
00:29:30	35	50	0
00:29:31	40	50	0
00:29:32	41	60	0
00:29:33	37	69	0
00:29:34	50	70	0
00:29:35	48	69	0
00:29:36	48	66	0
00:29:37	48	64	0
00:29:38	44	60	0
00:29:39	34	53	0
00:29:40	29	51	0
00:29:41	35	54	0
00:29:42	27	74	0
00:29:43	37	88	0
00:29:44	43	83	0
00:29:45	38	75	0
00:29:46	43	64	0
00:29:47	35	61	0
00:29:48	41	74	0
00:29:49	44	67	0
00:29:51	48	81	0
00:29:52	50	75	0
00:29:53	47	75	0
00:29:54	35	81	0
00:29:55	38	67	0
00:29:56	43	57	0
00:29:57	43	56	0
00:29:58	47	57	0
00:29:59	44	74	0
00:30:00	35	78	0
00:30:01	44	66	0
00:30:02	41	61	0
00:30:03	37	43	0
00:30:04	29	35	0
00:30:05	26	43	0
00:30:06	37	41	0
00:30:07	41	50	0
00:30:08	54	66	0
00:30:09	61	66	0
00:30:10	60	69	0
00:30:11	60	64	0
00:30:12	54	47	0
00:30:13	48	48	0
00:30:14	43	48	0
00:30:15	37	50	0
00:30:16	35	63	0
00:30:17	30	54	0
00:30:18	43	66	0
00:30:19	51	67	0
00:30:20	50	67	0
00:30:21	37	67	0
00:30:22	50	64	0
00:30:23	50	63	0
00:30:24	48	54	0
00:30:25	64	60	0
00:30:27	61	61	0
00:30:28	61	61	26
00:30:29	67	54	0
00:30:30	66	66	0
00:30:31	57	60	0
00:30:32	51	54	0
00:30:33	48	61	0
00:30:34	47	48	0
00:30:35	51	50	0
00:30:36	50	44	0
00:30:37	47	35	0
00:30:38	54	53	0
00:30:39	56	50	0
00:30:40	74	56	0
00:30:41	74	63	0
00:30:42	66	51	0
00:30:43	70	53	0
00:30:44	67	54	0
00:30:45	67	53	0
00:30:46	60	48	0
00:30:47	51	51	0
00:30:48	47	50	0
00:30:49	81	63	0
00:30:50	87	57	0
00:30:51	84	54	0
00:30:52	75	56	0
00:30:53	66	48	0
00:30:54	63	35	0
00:30:55	56	37	0
00:30:56	61	40	0
00:30:57	61	44	0
00:30:58	63	64	0
00:30:59	60	61	0
00:31:00	64	63	0
00:31:01	61	69	0
00:31:03	67	64	0
00:31:04	74	78	0
00:31:05	63	75	0
00:31:06	78	61	0
00:31:07	74	57	0
00:31:08	64	53	0
00:31:09	48	63	0
00:31:10	41	74	0
00:31:11	37	74	0
00:31:12	53	70	0
00:31:13	66	70	0
00:31:14	56	67	0
00:31:15	61	67	0
00:31:16	56	74	0
00:31:17	61	70	0
00:31:18	66	70	0
00:31:19	69	63	0
00:31:20	66	66	0
00:31:21	54	67	0
00:31:22	44	74	0
00:31:23	54	66	0
00:31:24	60	56	0
00:31:25	69	66	0
00:31:26	75	67	0
00:31:27	56	53	0
00:31:28	50	54	0
00:31:29	51	44	0
00:31:30	54	56	0
00:31:31	81	64	0
00:31:32	90	67	0
00:31:33	80	69	0
00:31:34	87	63	0
00:31:35	83	74	0
00:31:36	80	80	0
00:31:37	80	70	0
00:31:38	74	67	0
00:31:40	63	69	0
00:31:41	80	53	0
00:31:42	83	63	0
00:31:43	80	74	0
00:31:44	70	75	0
00:31:45	44	93	0
00:31:46	43	87	0
00:31:47	40	64	0
00:31:48	44	57	0
00:31:49	44	29	0
00:31:50	47	35	0
00:31:51	51	40	0
00:31:52	53	54	0
00:31:53	50	60	0
00:31:54	53	61	0
00:31:55	37	38	0
00:31:56	41	40	0
00:31:57	41	29	0
00:31:58	30	34	0
00:31:59	44	54	0
00:32:00	41	63	0
00:32:01	41	67	0
00:32:02	40	67	0
00:32:03	48	63	0
00:32:04	54	57	0
00:32:05	41	53	0
00:32:06	44	56	0
00:32:07	48	61	0
00:32:08	47	64	0
00:32:09	61	69	0
00:32:10	67	63	0
00:32:11	61	61	0
00:32:12	57	64	0
00:32:13	51	56	0
00:32:15	37	50	0
00:32:16	37	54	0
00:32:17	34	48	0
00:32:18	38	64	0
00:32:19	48	91	0
00:32:20	47	87	0
00:32:21	53	77	0
00:32:22	35	67	0
00:32:23	44	60	0
00:32:24	40	75	0
00:32:25	64	78	0
00:32:26	60	67	0
00:32:27	48	63	0
00:32:28	50	66	0
00:32:29	41	69	0
00:32:30	41	70	0
00:32:31	43	67	0
00:32:32	35	64	0
00:32:33	37	56	0
00:32:34	38	53	0
00:32:35	37	70	0
00:32:36	50	70	0
00:32:37	56	75	0
00:32:38	61	83	0
00:32:39	56	84	0
00:32:40	44	78	0
00:32:41	35	78	0
00:32:42	20	74	0
00:32:43	24	57	0
00:32:44	20	60	0
00:32:45	14	57	0
00:32:46	21	60	0
00:32:47	11	53	0
00:32:48	20	54	0
00:32:49	30	60	0
00:32:51	40	57	0
00:32:52	41	60	0
00:32:53	43	61	0
00:32:54	37	57	0
00:32:55	51	61	0
00:32:56	47	57	0
00:32:57	34	50	0
00:32:58	38	48	0
00:32:59	38	48	0
00:33:00	48	47	0
00:33:01	53	61	0
00:33:02	54	56	0
00:33:03	57	61	0
00:33:04	54	69	0
00:33:05	50	63	0
00:33:06	48	64	0
00:33:07	48	66	0
00:33:08	53	63	0
00:33:09	64	64	0
00:33:10	61	74	0
00:33:11	51	64	0
00:33:12	47	51	0
00:33:13	51	60	0
00:33:14	48	60	0
00:33:15	54	61	0
00:33:16	54	83	0
00:33:17	50	74	0
00:33:18	56	74	0
00:33:19	64	78	0
00:33:20	74	64	0
00:33:21	75	67	0
00:33:22	81	64	0
00:33:23	66	53	0
00:33:24	57	54	0
00:33:25	16	38	0
00:33:26	8	48	0
00:33:28	11	64	0
00:33:29	17	61	0
00:33:30	34	67	0
00:33:31	56	66	0
00:33:32	44	57	0
00:33:33	50	57	0
00:33:34	51	60	0
00:33:35	29	44	0
00:33:36	37	43	0
00:33:37	26	47	0
00:33:38	23	56	0
00:33:39	35	70	0
00:33:40	37	67	0
00:33:41	47	66	0
00:33:42	54	66	0
00:33:43	50	57	0
00:33:44	47	63	0
00:33:45	47	51	0
00:33:46	53	48	0
00:33:47	56	57	0
00:33:48	67	60	0
00:33:49	66	75	0
00:33:50	66	77	0
00:33:51	70	84	0
00:33:52	60	70	0
00:33:53	54	61	0
00:33:54	47	63	0
00:33:55	41	60	0
00:33:56	40	67	0
00:33:57	24	63	0
00:33:58	27	54	0
00:33:59	20	47	0
00:34:00	34	64	0
00:34:01	40	57	0
00:34:02	24	56	0
00:34:03	17	56	0
00:34:05	16	53	0
00:34:06	16	43	0
00:34:07	27	43	0
00:34:08	41	51	0
00:34:09	43	40	0
00:34:10	61	53	0
00:34:11	67	61	0
00:34:12	60	74	0
00:34:13	74	84	0
00:34:14	77	91	0
00:34:15	81	91	0
00:34:16	93	80	0
00:34:17	78	67	0
00:34:18	74	61	0
00:34:19	78	51	0
00:34:20	78	50	0
00:34:21	80	66	0
00:34:22	80	66	0
00:34:23	75	64	0
00:34:24	83	63	0
00:34:25	81	50	0
00:34:26	77	64	0
00:34:27	43	60	0
00:34:28	35	53	0
00:34:29	35	53	51
00:34:30	35	50	0
00:34:31	35	50	26
00:34:32	35	50	26
00:34:33	35	56	0
00:34:34	35	50	0
00:34:35	44	61	0
00:34:36	43	57	0
00:34:37	57	54	0
00:34:38	63	64	0
00:34:39	56	66	0
00:34:41	64	63	0
00:34:42	60	48	0
00:34:43	51	48	0
00:34:44	47	34	0
00:34:45	24	35	0
00:34:46	14	53	0
00:34:47	10	50	0
00:34:48	17	66	0
00:34:49	37	70	0
00:34:50	48	77	0
00:34:51	54	74	0
00:34:52	48	60	0
00:34:53	41	57	0
00:34:54	54	48	0
00:34:55	61	44	0
00:34:56	60	69	0
00:34:57	54	77	0
00:34:58	51	80	0
00:34:59	66	54	0
00:35:00	84	54	0
00:35:01	67	48	0
00:35:02	67	44	0
00:35:03	69	51	0
00:35:04	77	40	0
00:35:05	81	47	0
00:35:06	90	47	0
00:35:07	84	48	0
00:35:08	63	48	0
00:35:09	54	48	0
00:35:10	51	44	0
00:35:11	50	44	0
00:35:12	56	48	0
00:35:13	60	47	0
00:35:14	48	50	0
00:35:16	44	57	0
00:35:17	48	57	0
00:35:18	64	60	0
00:35:19	61	66	0
00:35:20	63	61	0
00:35:21	69	57	0
00:35:22	56	61	0
00:35:23	75	60	0
00:35:24	84	66	0
00:35:25	70	70	0
00:35:26	80	74	0
00:35:27	88	67	0
00:35:28	91	60	0
00:35:29	94	57	0
00:35:30	74	48	0
00:35:31	67	53	0
00:35:32	56	50	0
00:35:33	57	57	0
00:35:34	40	74	0
00:35:35	29	66	0
00:35:36	43	57	0
00:35:37	44	44	0
00:35:38	44	27	0
00:35:39	40	27	0
00:35:40	27	35	0
00:35:41	20	35	0
00:35:42	34	43	0
00:35:43	48	48	0
00:35:44	60	43	0
00:35:45	83	50	0
00:35:46	84	48	0
00:35:47	87	51	0
00:35:48	94	57	0
00:35:49	83	50	0
00:35:50	74	56	0
00:35:51	80	48	0
00:35:53	75	41	0
00:35:54	67	34	0
00:35:55	77	38	0
00:35:56	57	38	0
00:35:57	48	38	0
00:35:58	47	48	0
00:35:59	40	41	0
00:36:00	53	44	0
00:36:01	64	47	0
