Apr 18, 2014 18:34:39	34	47	0
Apr 18, 2014 18:34:40	34	47	0
Apr 18, 2014 18:34:41	40	60	0
Apr 18, 2014 18:34:41	40	60	0
Apr 18, 2014 18:34:42	47	66	0
Apr 18, 2014 18:34:42	47	66	0
Apr 18, 2014 18:34:43	43	47	0
Apr 18, 2014 18:34:43	43	47	0
Apr 18, 2014 18:34:44	53	50	0
Apr 18, 2014 18:34:44	53	50	0
Apr 18, 2014 18:34:45	48	53	0
Apr 18, 2014 18:34:45	48	53	0
Apr 18, 2014 18:34:46	50	51	0
Apr 18, 2014 18:34:46	50	51	0
Apr 18, 2014 18:34:47	50	57	0
Apr 18, 2014 18:34:47	50	57	0
Apr 18, 2014 18:34:48	44	44	0
Apr 18, 2014 18:34:48	44	44	0
Apr 18, 2014 18:34:49	56	47	0
Apr 18, 2014 18:34:49	56	47	0
Apr 18, 2014 18:34:50	56	44	0
Apr 18, 2014 18:34:50	50	41	0
Apr 18, 2014 18:34:51	50	41	0
Apr 18, 2014 18:34:51	47	54	0
Apr 18, 2014 18:34:52	47	54	0
Apr 18, 2014 18:34:52	35	44	0
Apr 18, 2014 18:34:53	35	44	0
Apr 18, 2014 18:34:53	38	48	0
Apr 18, 2014 18:34:54	38	48	0
Apr 18, 2014 18:34:54	40	50	0
Apr 18, 2014 18:34:55	40	50	0
Apr 18, 2014 18:34:55	41	41	0
Apr 18, 2014 18:34:56	41	41	0
Apr 18, 2014 18:34:56	43	41	0
Apr 18, 2014 18:34:57	43	41	0
Apr 18, 2014 18:34:57	38	38	0
Apr 18, 2014 18:34:58	38	38	0
Apr 18, 2014 18:34:58	41	41	0
Apr 18, 2014 18:34:59	41	41	26
Apr 18, 2014 18:34:59	41	41	26
Apr 18, 2014 18:35:00	40	50	0
Apr 18, 2014 18:35:00	40	50	0
Apr 18, 2014 18:35:01	40	54	0
Apr 18, 2014 18:35:01	40	54	0
Apr 18, 2014 18:35:02	37	74	0
Apr 18, 2014 18:35:02	37	74	0
Apr 18, 2014 18:35:03	26	78	0
Apr 18, 2014 18:35:03	26	78	0
Apr 18, 2014 18:35:04	23	75	0
Apr 18, 2014 18:35:05	23	75	0
Apr 18, 2014 18:35:05	21	75	0
Apr 18, 2014 18:35:06	21	75	0
Apr 18, 2014 18:35:06	21	53	0
Apr 18, 2014 18:35:07	21	53	0
Apr 18, 2014 18:35:07	23	40	0
Apr 18, 2014 18:35:08	23	40	0
Apr 18, 2014 18:35:08	20	38	0
Apr 18, 2014 18:35:09	20	38	0
Apr 18, 2014 18:35:09	14	34	0
Apr 18, 2014 18:35:10	14	34	0
Apr 18, 2014 18:35:10	7	38	0
Apr 18, 2014 18:35:11	7	38	0
Apr 18, 2014 18:35:11	20	37	0
Apr 18, 2014 18:35:12	20	37	0
Apr 18, 2014 18:35:12	34	43	0
Apr 18, 2014 18:35:13	34	43	0
Apr 18, 2014 18:35:13	38	38	0
Apr 18, 2014 18:35:14	38	38	0
Apr 18, 2014 18:35:14	53	41	0
Apr 18, 2014 18:35:15	53	41	0
Apr 18, 2014 18:35:16	53	61	0
Apr 18, 2014 18:35:16	53	61	0
Apr 18, 2014 18:35:17	51	56	0
Apr 18, 2014 18:35:17	51	56	0
Apr 18, 2014 18:35:18	53	54	0
Apr 18, 2014 18:35:18	53	54	0
Apr 18, 2014 18:35:19	61	48	0
Apr 18, 2014 18:35:19	61	48	0
Apr 18, 2014 18:35:20	77	30	0
Apr 18, 2014 18:35:20	77	30	0
Apr 18, 2014 18:35:21	90	34	0
Apr 18, 2014 18:35:21	100	43	0
Apr 18, 2014 18:35:22	100	43	0
Apr 18, 2014 18:35:22	100	50	0
Apr 18, 2014 18:35:23	100	50	0
Apr 18, 2014 18:35:23	90	54	0
Apr 18, 2014 18:35:24	90	54	0
Apr 18, 2014 18:35:24	91	44	0
Apr 18, 2014 18:35:25	91	44	0
Apr 18, 2014 18:35:25	75	40	0
Apr 18, 2014 18:35:26	75	40	0
Apr 18, 2014 18:35:26	83	30	0
Apr 18, 2014 18:35:27	83	30	0
Apr 18, 2014 18:35:27	81	26	0
Apr 18, 2014 18:35:28	81	26	0
Apr 18, 2014 18:35:28	88	26	0
Apr 18, 2014 18:35:29	88	26	0
Apr 18, 2014 18:35:29	94	23	0
Apr 18, 2014 18:35:30	93	26	0
Apr 18, 2014 18:35:30	93	26	0
Apr 18, 2014 18:35:31	87	29	0
Apr 18, 2014 18:35:31	87	29	0
Apr 18, 2014 18:35:32	77	30	0
Apr 18, 2014 18:35:32	77	30	0
Apr 18, 2014 18:35:33	69	38	0
Apr 18, 2014 18:35:33	69	38	0
Apr 18, 2014 18:35:34	51	37	0
Apr 18, 2014 18:35:34	51	37	0
Apr 18, 2014 18:35:35	57	27	0
Apr 18, 2014 18:35:35	57	27	0
Apr 18, 2014 18:35:36	37	20	0
Apr 18, 2014 18:35:36	37	20	0
Apr 18, 2014 18:35:37	29	17	0
Apr 18, 2014 18:35:37	29	17	0
Apr 18, 2014 18:35:38	27	16	0
Apr 18, 2014 18:35:38	27	16	0
Apr 18, 2014 18:35:39	24	20	0
Apr 18, 2014 18:35:40	24	20	0
Apr 18, 2014 18:35:40	34	35	0
Apr 18, 2014 18:35:41	34	35	0
Apr 18, 2014 18:35:41	37	38	0
Apr 18, 2014 18:35:42	37	38	0
Apr 18, 2014 18:35:42	54	41	0
Apr 18, 2014 18:35:43	54	41	0
Apr 18, 2014 18:35:43	56	50	0
Apr 18, 2014 18:35:44	56	50	0
Apr 18, 2014 18:35:44	64	53	0
Apr 18, 2014 18:35:45	64	53	0
Apr 18, 2014 18:35:45	77	51	0
Apr 18, 2014 18:35:46	77	51	0
Apr 18, 2014 18:35:46	78	53	0
Apr 18, 2014 18:35:47	78	53	0
Apr 18, 2014 18:35:47	90	56	0
Apr 18, 2014 18:35:48	90	56	0
Apr 18, 2014 18:35:48	97	56	0
Apr 18, 2014 18:35:49	97	56	0
Apr 18, 2014 18:35:49	100	56	0
Apr 18, 2014 18:35:50	100	56	0
Apr 18, 2014 18:35:51	87	60	0
Apr 18, 2014 18:35:51	97	53	0
Apr 18, 2014 18:35:52	97	53	0
Apr 18, 2014 18:35:52	91	57	0
Apr 18, 2014 18:35:53	91	57	0
Apr 18, 2014 18:35:53	90	61	0
Apr 18, 2014 18:35:54	90	61	0
Apr 18, 2014 18:35:54	91	54	0
Apr 18, 2014 18:35:55	91	54	0
Apr 18, 2014 18:35:55	83	53	0
Apr 18, 2014 18:35:56	83	53	0
Apr 18, 2014 18:35:56	81	56	0
Apr 18, 2014 18:35:57	81	56	0
Apr 18, 2014 18:35:57	83	57	0
Apr 18, 2014 18:35:58	83	57	0
Apr 18, 2014 18:35:58	87	67	0
Apr 18, 2014 18:35:59	87	67	0
Apr 18, 2014 18:35:59	75	64	0
Apr 18, 2014 18:36:00	64	53	0
Apr 18, 2014 18:36:00	64	53	0
Apr 18, 2014 18:36:01	60	48	0
Apr 18, 2014 18:36:01	60	48	0
Apr 18, 2014 18:36:02	61	41	0
Apr 18, 2014 18:36:02	61	41	0
Apr 18, 2014 18:36:03	74	48	0
Apr 18, 2014 18:36:03	74	48	0
Apr 18, 2014 18:36:04	91	47	0
Apr 18, 2014 18:36:04	91	47	0
Apr 18, 2014 18:36:05	100	35	0
Apr 18, 2014 18:36:05	100	35	0
Apr 18, 2014 18:36:06	100	41	0
Apr 18, 2014 18:36:06	100	41	0
Apr 18, 2014 18:36:07	100	40	0
Apr 18, 2014 18:36:07	100	40	0
Apr 18, 2014 18:36:08	100	40	0
Apr 18, 2014 18:36:08	100	40	0
Apr 18, 2014 18:36:09	80	50	0
Apr 18, 2014 18:36:09	80	50	0
Apr 18, 2014 18:36:10	81	48	0
Apr 18, 2014 18:36:10	81	48	0
Apr 18, 2014 18:36:11	74	54	0
Apr 18, 2014 18:36:11	74	54	0
Apr 18, 2014 18:36:12	90	56	0
Apr 18, 2014 18:36:12	90	56	0
Apr 18, 2014 18:36:13	100	56	0
Apr 18, 2014 18:36:13	100	56	0
Apr 18, 2014 18:36:14	100	54	0
Apr 18, 2014 18:36:15	100	54	0
Apr 18, 2014 18:36:15	88	48	0
Apr 18, 2014 18:36:16	88	48	0
Apr 18, 2014 18:36:16	75	50	0
Apr 18, 2014 18:36:17	75	50	0
Apr 18, 2014 18:36:17	83	40	0
Apr 18, 2014 18:36:18	83	40	0
Apr 18, 2014 18:36:18	90	30	0
Apr 18, 2014 18:36:19	90	30	0
Apr 18, 2014 18:36:19	100	34	0
Apr 18, 2014 18:36:20	100	34	0
Apr 18, 2014 18:36:20	100	40	0
Apr 18, 2014 18:36:21	70	50	0
Apr 18, 2014 18:36:21	70	50	0
Apr 18, 2014 18:36:22	48	56	0
Apr 18, 2014 18:36:22	48	56	0
Apr 18, 2014 18:36:23	50	50	0
Apr 18, 2014 18:36:23	50	50	0
Apr 18, 2014 18:36:24	50	43	0
Apr 18, 2014 18:36:25	50	43	0
Apr 18, 2014 18:36:25	69	37	0
Apr 18, 2014 18:36:26	69	37	0
Apr 18, 2014 18:36:26	83	35	0
Apr 18, 2014 18:36:27	83	35	0
Apr 18, 2014 18:36:27	67	35	0
Apr 18, 2014 18:36:28	67	35	0
Apr 18, 2014 18:36:28	75	43	0
Apr 18, 2014 18:36:29	75	43	0
Apr 18, 2014 18:36:29	80	38	0
Apr 18, 2014 18:36:30	80	40	0
Apr 18, 2014 18:36:30	80	40	0
Apr 18, 2014 18:36:31	77	47	0
Apr 18, 2014 18:36:31	77	47	0
Apr 18, 2014 18:36:32	84	38	0
Apr 18, 2014 18:36:32	84	38	0
Apr 18, 2014 18:36:33	75	51	0
Apr 18, 2014 18:36:33	75	51	0
Apr 18, 2014 18:36:34	63	48	0
Apr 18, 2014 18:36:34	63	48	0
Apr 18, 2014 18:36:35	74	50	0
Apr 18, 2014 18:36:35	74	50	0
Apr 18, 2014 18:36:36	70	48	0
Apr 18, 2014 18:36:36	70	48	0
Apr 18, 2014 18:36:37	80	40	0
Apr 18, 2014 18:36:37	80	40	0
Apr 18, 2014 18:36:38	90	37	0
Apr 18, 2014 18:36:38	90	37	0
Apr 18, 2014 18:36:39	70	35	0
Apr 18, 2014 18:36:39	70	35	0
Apr 18, 2014 18:36:40	63	43	0
Apr 18, 2014 18:36:40	63	43	0
Apr 18, 2014 18:36:41	51	41	0
Apr 18, 2014 18:36:41	51	41	0
Apr 18, 2014 18:36:42	50	63	0
Apr 18, 2014 18:36:42	50	63	0
Apr 18, 2014 18:36:43	53	57	0
Apr 18, 2014 18:36:43	53	57	0
Apr 18, 2014 18:36:44	44	54	0
Apr 18, 2014 18:36:44	44	54	0
Apr 18, 2014 18:36:45	41	51	0
Apr 18, 2014 18:36:45	41	51	0
Apr 18, 2014 18:36:46	20	35	0
Apr 18, 2014 18:36:46	20	35	0
Apr 18, 2014 18:36:47	24	38	0
Apr 18, 2014 18:36:47	24	38	0
Apr 18, 2014 18:36:48	23	40	0
Apr 18, 2014 18:36:49	23	40	0
Apr 18, 2014 18:36:49	27	47	0
Apr 18, 2014 18:36:50	57	34	0
Apr 18, 2014 18:36:50	57	34	0
Apr 18, 2014 18:36:51	64	21	0
Apr 18, 2014 18:36:51	64	21	0
Apr 18, 2014 18:36:52	63	16	0
Apr 18, 2014 18:36:52	63	16	0
Apr 18, 2014 18:36:53	69	21	0
Apr 18, 2014 18:36:53	69	21	0
Apr 18, 2014 18:36:54	69	38	0
Apr 18, 2014 18:36:54	69	38	0
Apr 18, 2014 18:36:55	74	53	0
Apr 18, 2014 18:36:55	74	53	0
Apr 18, 2014 18:36:56	87	63	0
Apr 18, 2014 18:36:56	87	63	0
Apr 18, 2014 18:36:57	78	56	0
Apr 18, 2014 18:36:57	78	56	0
Apr 18, 2014 18:36:58	75	60	0
Apr 18, 2014 18:36:59	66	50	0
Apr 18, 2014 18:36:59	66	50	0
Apr 18, 2014 18:37:00	78	41	0
Apr 18, 2014 18:37:00	78	41	0
Apr 18, 2014 18:37:01	83	38	0
Apr 18, 2014 18:37:01	83	38	0
Apr 18, 2014 18:37:02	91	35	0
Apr 18, 2014 18:37:02	91	35	0
Apr 18, 2014 18:37:03	100	27	0
Apr 18, 2014 18:37:03	100	27	0
Apr 18, 2014 18:37:04	84	26	0
Apr 18, 2014 18:37:04	84	26	0
Apr 18, 2014 18:37:05	78	21	0
Apr 18, 2014 18:37:05	78	21	0
Apr 18, 2014 18:37:06	44	16	0
Apr 18, 2014 18:37:06	44	16	0
Apr 18, 2014 18:37:07	57	10	0
Apr 18, 2014 18:37:07	57	10	0
Apr 18, 2014 18:37:08	53	21	0
Apr 18, 2014 18:37:08	53	21	0
Apr 18, 2014 18:37:09	57	34	0
Apr 18, 2014 18:37:09	57	34	0
Apr 18, 2014 18:37:10	69	34	0
Apr 18, 2014 18:37:10	69	34	0
Apr 18, 2014 18:37:11	56	50	0
Apr 18, 2014 18:37:11	56	50	0
Apr 18, 2014 18:37:12	60	51	0
Apr 18, 2014 18:37:12	60	51	0
Apr 18, 2014 18:37:13	51	57	0
Apr 18, 2014 18:37:13	51	57	0
Apr 18, 2014 18:37:14	44	69	0
Apr 18, 2014 18:37:14	44	69	0
Apr 18, 2014 18:37:15	35	74	0
Apr 18, 2014 18:37:15	35	74	0
Apr 18, 2014 18:37:16	35	75	0
Apr 18, 2014 18:37:16	35	75	0
Apr 18, 2014 18:37:17	30	74	0
Apr 18, 2014 18:37:17	30	74	0
Apr 18, 2014 18:37:18	35	67	0
Apr 18, 2014 18:37:18	35	67	0
Apr 18, 2014 18:37:19	21	56	0
Apr 18, 2014 18:37:19	23	48	0
Apr 18, 2014 18:37:20	23	48	0
Apr 18, 2014 18:37:20	53	34	0
Apr 18, 2014 18:37:21	53	34	0
Apr 18, 2014 18:37:21	60	27	0
Apr 18, 2014 18:37:22	60	27	0
Apr 18, 2014 18:37:23	67	26	0
Apr 18, 2014 18:37:23	67	26	0
Apr 18, 2014 18:37:24	63	24	0
Apr 18, 2014 18:37:24	63	24	0
Apr 18, 2014 18:37:25	57	35	0
Apr 18, 2014 18:37:25	57	35	0
Apr 18, 2014 18:37:26	61	35	0
Apr 18, 2014 18:37:26	61	35	0
Apr 18, 2014 18:37:27	69	34	0
Apr 18, 2014 18:37:27	69	34	0
Apr 18, 2014 18:37:28	57	23	0
Apr 18, 2014 18:37:28	41	29	0
Apr 18, 2014 18:37:29	41	29	0
Apr 18, 2014 18:37:29	34	34	0
Apr 18, 2014 18:37:30	34	34	0
Apr 18, 2014 18:37:30	35	38	0
Apr 18, 2014 18:37:31	35	38	0
Apr 18, 2014 18:37:31	48	56	0
Apr 18, 2014 18:37:32	48	56	0
Apr 18, 2014 18:37:33	50	48	0
Apr 18, 2014 18:37:33	50	48	0
Apr 18, 2014 18:37:34	50	50	0
Apr 18, 2014 18:37:34	50	50	0
Apr 18, 2014 18:37:35	56	60	0
Apr 18, 2014 18:37:35	56	60	0
Apr 18, 2014 18:37:36	70	54	0
Apr 18, 2014 18:37:36	70	54	0
Apr 18, 2014 18:37:37	75	56	0
Apr 18, 2014 18:37:37	75	56	0
Apr 18, 2014 18:37:38	74	63	0
Apr 18, 2014 18:37:38	74	63	0
Apr 18, 2014 18:37:39	74	51	0
Apr 18, 2014 18:37:39	74	51	0
Apr 18, 2014 18:37:40	40	54	0
Apr 18, 2014 18:37:40	40	54	0
Apr 18, 2014 18:37:41	27	64	0
Apr 18, 2014 18:37:41	27	64	0
Apr 18, 2014 18:37:42	17	54	0
Apr 18, 2014 18:37:42	17	54	0
Apr 18, 2014 18:37:43	4	57	0
Apr 18, 2014 18:37:43	4	57	0
Apr 18, 2014 18:37:44	17	66	0
Apr 18, 2014 18:37:44	17	66	0
Apr 18, 2014 18:37:45	23	48	0
Apr 18, 2014 18:37:45	23	48	0
Apr 18, 2014 18:37:46	27	48	0
Apr 18, 2014 18:37:46	27	48	0
Apr 18, 2014 18:37:47	35	30	0
Apr 18, 2014 18:37:47	35	30	0
Apr 18, 2014 18:37:48	47	8	0
Apr 18, 2014 18:37:48	47	8	0
Apr 18, 2014 18:37:49	44	1	0
Apr 18, 2014 18:37:49	56	1	0
Apr 18, 2014 18:37:50	56	1	0
Apr 18, 2014 18:37:50	53	14	0
Apr 18, 2014 18:37:51	53	14	0
Apr 18, 2014 18:37:51	30	20	0
Apr 18, 2014 18:37:52	30	20	0
Apr 18, 2014 18:37:52	47	38	0
Apr 18, 2014 18:37:53	47	38	0
Apr 18, 2014 18:37:53	56	51	0
Apr 18, 2014 18:37:54	56	51	0
Apr 18, 2014 18:37:54	66	48	0
Apr 18, 2014 18:37:55	66	48	0
Apr 18, 2014 18:37:55	69	70	0
Apr 18, 2014 18:37:56	69	70	0
Apr 18, 2014 18:37:56	51	80	0
Apr 18, 2014 18:37:57	51	80	0
Apr 18, 2014 18:37:58	23	63	0
Apr 18, 2014 18:37:58	11	57	0
Apr 18, 2014 18:37:59	11	57	0
Apr 18, 2014 18:37:59	14	24	0
Apr 18, 2014 18:38:00	14	24	0
Apr 18, 2014 18:38:00	7	3	0
Apr 18, 2014 18:38:01	7	3	0
Apr 18, 2014 18:38:01	24	14	0
Apr 18, 2014 18:38:02	24	14	0
Apr 18, 2014 18:38:02	27	30	0
Apr 18, 2014 18:38:03	27	30	0
Apr 18, 2014 18:38:03	35	50	0
Apr 18, 2014 18:38:04	35	50	0
Apr 18, 2014 18:38:04	41	80	0
Apr 18, 2014 18:38:05	41	80	0
Apr 18, 2014 18:38:05	29	74	0
Apr 18, 2014 18:38:06	29	74	0
Apr 18, 2014 18:38:06	37	69	0
Apr 18, 2014 18:38:07	37	69	0
Apr 18, 2014 18:38:08	24	57	0
Apr 18, 2014 18:38:08	24	57	0
Apr 18, 2014 18:38:09	43	43	0
Apr 18, 2014 18:38:09	43	43	0
Apr 18, 2014 18:38:10	64	51	0
Apr 18, 2014 18:38:10	64	51	0
Apr 18, 2014 18:38:11	67	34	0
Apr 18, 2014 18:38:11	67	34	0
Apr 18, 2014 18:38:12	77	35	0
Apr 18, 2014 18:38:12	77	35	0
Apr 18, 2014 18:38:13	50	26	0
Apr 18, 2014 18:38:13	50	26	0
Apr 18, 2014 18:38:14	37	23	0
Apr 18, 2014 18:38:14	37	23	0
Apr 18, 2014 18:38:15	24	26	0
Apr 18, 2014 18:38:15	24	26	0
Apr 18, 2014 18:38:16	16	30	0
Apr 18, 2014 18:38:16	16	30	0
Apr 18, 2014 18:38:17	26	44	0
Apr 18, 2014 18:38:17	26	44	0
Apr 18, 2014 18:38:18	24	54	0
Apr 18, 2014 18:38:18	24	54	0
Apr 18, 2014 18:38:19	20	54	0
Apr 18, 2014 18:38:19	30	48	0
Apr 18, 2014 18:38:20	30	48	0
Apr 18, 2014 18:38:20	23	54	0
Apr 18, 2014 18:38:21	23	54	0
Apr 18, 2014 18:38:21	16	60	0
Apr 18, 2014 18:38:22	16	60	0
Apr 18, 2014 18:38:22	20	63	0
Apr 18, 2014 18:38:23	20	63	0
Apr 18, 2014 18:38:23	11	74	0
Apr 18, 2014 18:38:24	11	74	0
Apr 18, 2014 18:38:24	20	53	0
Apr 18, 2014 18:38:25	20	53	0
Apr 18, 2014 18:38:25	30	43	0
Apr 18, 2014 18:38:26	30	43	0
Apr 18, 2014 18:38:26	40	35	0
Apr 18, 2014 18:38:27	40	35	0
Apr 18, 2014 18:38:27	47	26	0
Apr 18, 2014 18:38:28	69	24	0
Apr 18, 2014 18:38:28	69	24	0
Apr 18, 2014 18:38:29	74	27	0
Apr 18, 2014 18:38:29	74	27	0
Apr 18, 2014 18:38:30	77	27	0
Apr 18, 2014 18:38:30	77	27	0
Apr 18, 2014 18:38:31	83	23	0
Apr 18, 2014 18:38:32	83	23	0
Apr 18, 2014 18:38:32	64	26	0
Apr 18, 2014 18:38:33	64	26	0
Apr 18, 2014 18:38:33	50	35	0
Apr 18, 2014 18:38:34	50	35	0
Apr 18, 2014 18:38:34	41	27	0
Apr 18, 2014 18:38:35	41	27	0
Apr 18, 2014 18:38:35	38	44	0
Apr 18, 2014 18:38:36	38	44	0
Apr 18, 2014 18:38:36	30	48	0
Apr 18, 2014 18:38:37	30	48	0
Apr 18, 2014 18:38:37	37	29	0
Apr 18, 2014 18:38:38	37	29	0
Apr 18, 2014 18:38:38	40	24	0
Apr 18, 2014 18:38:39	40	24	0
Apr 18, 2014 18:38:39	38	20	0
Apr 18, 2014 18:38:40	38	20	0
Apr 18, 2014 18:38:40	40	26	0
Apr 18, 2014 18:38:41	40	26	0
Apr 18, 2014 18:38:41	56	38	0
Apr 18, 2014 18:38:42	56	38	0
Apr 18, 2014 18:38:43	61	57	0
Apr 18, 2014 18:38:43	61	57	0
Apr 18, 2014 18:38:44	61	64	0
Apr 18, 2014 18:38:44	61	64	0
Apr 18, 2014 18:38:45	67	61	0
Apr 18, 2014 18:38:45	67	61	0
Apr 18, 2014 18:38:46	61	61	0
Apr 18, 2014 18:38:46	61	61	0
Apr 18, 2014 18:38:47	56	61	0
Apr 18, 2014 18:38:47	56	61	0
Apr 18, 2014 18:38:48	64	54	0
Apr 18, 2014 18:38:48	64	54	0
Apr 18, 2014 18:38:49	56	54	0
Apr 18, 2014 18:38:49	56	54	0
Apr 18, 2014 18:38:50	54	54	0
Apr 18, 2014 18:38:50	50	43	0
Apr 18, 2014 18:38:51	50	43	0
Apr 18, 2014 18:38:51	41	41	0
Apr 18, 2014 18:38:52	41	41	0
Apr 18, 2014 18:38:52	34	35	0
Apr 18, 2014 18:38:53	34	35	0
Apr 18, 2014 18:38:53	43	29	0
Apr 18, 2014 18:38:54	43	29	0
Apr 18, 2014 18:38:54	54	44	0
Apr 18, 2014 18:38:55	54	44	0
Apr 18, 2014 18:38:55	64	47	0
Apr 18, 2014 18:38:56	64	47	0
Apr 18, 2014 18:38:56	64	53	0
Apr 18, 2014 18:38:57	64	53	0
Apr 18, 2014 18:38:57	61	51	0
Apr 18, 2014 18:38:58	69	47	0
Apr 18, 2014 18:38:58	69	47	0
Apr 18, 2014 18:38:59	63	53	0
Apr 18, 2014 18:38:59	63	53	0
Apr 18, 2014 18:39:00	80	50	0
Apr 18, 2014 18:39:00	80	50	0
Apr 18, 2014 18:39:01	69	50	0
Apr 18, 2014 18:39:01	69	50	0
Apr 18, 2014 18:39:02	66	56	0
Apr 18, 2014 18:39:02	66	56	0
Apr 18, 2014 18:39:03	66	54	0
Apr 18, 2014 18:39:03	66	54	0
Apr 18, 2014 18:39:04	69	66	0
Apr 18, 2014 18:39:04	69	66	0
Apr 18, 2014 18:39:05	66	56	0
Apr 18, 2014 18:39:06	66	56	0
Apr 18, 2014 18:39:06	66	53	0
Apr 18, 2014 18:39:07	66	53	0
Apr 18, 2014 18:39:07	74	44	0
Apr 18, 2014 18:39:08	74	44	0
Apr 18, 2014 18:39:08	67	47	0
Apr 18, 2014 18:39:09	67	47	0
Apr 18, 2014 18:39:09	74	69	0
Apr 18, 2014 18:39:10	74	69	0
Apr 18, 2014 18:39:10	60	64	0
Apr 18, 2014 18:39:11	60	64	0
Apr 18, 2014 18:39:11	40	70	0
Apr 18, 2014 18:39:12	40	70	0
Apr 18, 2014 18:39:12	41	67	0
Apr 18, 2014 18:39:13	41	67	0
Apr 18, 2014 18:39:13	29	56	0
Apr 18, 2014 18:39:14	29	56	0
Apr 18, 2014 18:39:14	27	60	0
Apr 18, 2014 18:39:15	27	60	0
Apr 18, 2014 18:39:15	27	47	0
Apr 18, 2014 18:39:16	27	47	0
Apr 18, 2014 18:39:17	17	47	0
Apr 18, 2014 18:39:17	17	47	0
Apr 18, 2014 18:39:18	27	51	0
Apr 18, 2014 18:39:18	27	51	0
Apr 18, 2014 18:39:19	34	44	0
Apr 18, 2014 18:39:19	29	60	0
Apr 18, 2014 18:39:20	29	60	0
Apr 18, 2014 18:39:20	35	54	0
Apr 18, 2014 18:39:21	35	54	0
Apr 18, 2014 18:39:21	27	51	0
Apr 18, 2014 18:39:22	27	51	0
Apr 18, 2014 18:39:22	26	48	0
Apr 18, 2014 18:39:23	26	48	0
Apr 18, 2014 18:39:23	44	41	0
Apr 18, 2014 18:39:24	44	41	0
Apr 18, 2014 18:39:24	57	37	0
Apr 18, 2014 18:39:25	57	37	0
Apr 18, 2014 18:39:25	64	41	0
Apr 18, 2014 18:39:26	64	41	0
Apr 18, 2014 18:39:26	75	47	0
Apr 18, 2014 18:39:27	75	47	0
Apr 18, 2014 18:39:27	67	54	0
Apr 18, 2014 18:39:28	57	48	0
Apr 18, 2014 18:39:28	57	48	0
Apr 18, 2014 18:39:29	63	47	0
Apr 18, 2014 18:39:29	63	47	0
Apr 18, 2014 18:39:30	60	47	0
Apr 18, 2014 18:39:30	60	47	0
Apr 18, 2014 18:39:31	69	41	0
Apr 18, 2014 18:39:31	69	41	0
Apr 18, 2014 18:39:32	67	44	0
Apr 18, 2014 18:39:32	67	44	0
Apr 18, 2014 18:39:33	67	48	0
Apr 18, 2014 18:39:33	67	48	0
Apr 18, 2014 18:39:34	69	47	0
Apr 18, 2014 18:39:34	69	47	0
Apr 18, 2014 18:39:35	64	37	0
Apr 18, 2014 18:39:35	64	37	0
Apr 18, 2014 18:39:36	70	37	0
Apr 18, 2014 18:39:36	70	37	0
Apr 18, 2014 18:39:37	53	29	0
Apr 18, 2014 18:39:37	53	29	0
Apr 18, 2014 18:39:38	34	23	0
Apr 18, 2014 18:39:38	34	23	0
Apr 18, 2014 18:39:39	21	34	0
Apr 18, 2014 18:39:40	21	34	0
Apr 18, 2014 18:39:40	3	41	0
Apr 18, 2014 18:39:41	3	41	0
Apr 18, 2014 18:39:41	21	53	0
Apr 18, 2014 18:39:42	21	53	0
Apr 18, 2014 18:39:42	43	67	0
Apr 18, 2014 18:39:43	43	67	0
Apr 18, 2014 18:39:43	51	57	0
Apr 18, 2014 18:39:44	51	57	0
Apr 18, 2014 18:39:44	83	41	0
Apr 18, 2014 18:39:45	83	41	0
Apr 18, 2014 18:39:45	88	35	0
Apr 18, 2014 18:39:46	88	35	0
Apr 18, 2014 18:39:46	90	29	0
Apr 18, 2014 18:39:47	90	29	0
Apr 18, 2014 18:39:47	94	30	0
Apr 18, 2014 18:39:48	94	30	0
Apr 18, 2014 18:39:48	94	40	0
Apr 18, 2014 18:39:49	88	38	0
Apr 18, 2014 18:39:49	88	38	0
Apr 18, 2014 18:39:50	84	50	0
Apr 18, 2014 18:39:51	84	50	0
Apr 18, 2014 18:39:51	84	54	0
Apr 18, 2014 18:39:52	84	54	0
Apr 18, 2014 18:39:52	63	57	0
Apr 18, 2014 18:39:53	63	57	0
Apr 18, 2014 18:39:53	64	67	0
Apr 18, 2014 18:39:54	64	67	0
Apr 18, 2014 18:39:54	67	53	0
Apr 18, 2014 18:39:55	67	53	0
Apr 18, 2014 18:39:55	64	54	0
Apr 18, 2014 18:39:56	64	54	0
Apr 18, 2014 18:39:56	54	51	0
Apr 18, 2014 18:39:57	53	50	0
Apr 18, 2014 18:39:57	53	50	0
Apr 18, 2014 18:39:58	54	50	0
Apr 18, 2014 18:39:58	54	50	0
Apr 18, 2014 18:39:59	64	40	0
Apr 18, 2014 18:39:59	64	40	0
Apr 18, 2014 18:40:00	80	53	0
Apr 18, 2014 18:40:00	80	53	0
Apr 18, 2014 18:40:01	66	41	0
Apr 18, 2014 18:40:01	66	41	0
Apr 18, 2014 18:40:02	48	53	0
Apr 18, 2014 18:40:02	48	53	0
Apr 18, 2014 18:40:03	29	54	0
Apr 18, 2014 18:40:03	29	54	0
Apr 18, 2014 18:40:04	30	54	0
Apr 18, 2014 18:40:04	30	54	0
Apr 18, 2014 18:40:05	51	60	0
Apr 18, 2014 18:40:05	51	60	0
Apr 18, 2014 18:40:06	61	50	0
Apr 18, 2014 18:40:06	61	50	0
Apr 18, 2014 18:40:07	66	53	0
Apr 18, 2014 18:40:07	66	53	0
Apr 18, 2014 18:40:08	66	48	0
Apr 18, 2014 18:40:08	66	48	0
Apr 18, 2014 18:40:09	43	44	0
Apr 18, 2014 18:40:09	43	44	0
Apr 18, 2014 18:40:10	35	40	0
Apr 18, 2014 18:40:10	35	40	0
Apr 18, 2014 18:40:11	53	21	0
Apr 18, 2014 18:40:11	53	21	0
Apr 18, 2014 18:40:12	56	16	0
Apr 18, 2014 18:40:12	56	16	0
Apr 18, 2014 18:40:13	74	21	0
Apr 18, 2014 18:40:13	74	21	0
Apr 18, 2014 18:40:14	83	26	0
Apr 18, 2014 18:40:15	83	26	0
Apr 18, 2014 18:40:15	75	40	0
Apr 18, 2014 18:40:16	75	40	0
Apr 18, 2014 18:40:16	67	38	0
Apr 18, 2014 18:40:17	67	38	0
Apr 18, 2014 18:40:17	67	37	0
Apr 18, 2014 18:40:18	67	37	0
Apr 18, 2014 18:40:18	67	53	0
Apr 18, 2014 18:40:19	53	57	0
Apr 18, 2014 18:40:19	53	57	0
Apr 18, 2014 18:40:20	47	61	0
Apr 18, 2014 18:40:20	47	61	0
Apr 18, 2014 18:40:21	37	66	0
Apr 18, 2014 18:40:21	37	66	0
Apr 18, 2014 18:40:22	23	60	0
Apr 18, 2014 18:40:22	23	60	0
Apr 18, 2014 18:40:23	23	61	0
Apr 18, 2014 18:40:23	23	61	0
Apr 18, 2014 18:40:24	21	63	0
Apr 18, 2014 18:40:25	21	63	0
Apr 18, 2014 18:40:25	11	38	0
Apr 18, 2014 18:40:26	11	38	0
Apr 18, 2014 18:40:26	16	37	0
Apr 18, 2014 18:40:27	16	37	0
Apr 18, 2014 18:40:27	16	37	0
Apr 18, 2014 18:40:28	16	24	0
Apr 18, 2014 18:40:28	16	24	0
Apr 18, 2014 18:40:29	23	41	0
Apr 18, 2014 18:40:29	23	41	0
Apr 18, 2014 18:40:30	30	35	0
Apr 18, 2014 18:40:30	30	35	0
Apr 18, 2014 18:40:31	34	37	0
Apr 18, 2014 18:40:31	34	37	0
Apr 18, 2014 18:40:32	30	47	0
Apr 18, 2014 18:40:32	30	47	0
Apr 18, 2014 18:40:33	40	41	0
Apr 18, 2014 18:40:33	40	41	0
Apr 18, 2014 18:40:34	37	41	0
Apr 18, 2014 18:40:34	37	41	0
Apr 18, 2014 18:40:35	60	29	0
Apr 18, 2014 18:40:35	60	29	0
Apr 18, 2014 18:40:36	75	24	0
Apr 18, 2014 18:40:36	75	24	0
Apr 18, 2014 18:40:37	84	38	0
Apr 18, 2014 18:40:37	84	38	0
Apr 18, 2014 18:40:38	96	41	0
Apr 18, 2014 18:40:38	96	41	0
Apr 18, 2014 18:40:39	66	54	0
Apr 18, 2014 18:40:39	66	54	0
Apr 18, 2014 18:40:40	53	48	0
Apr 18, 2014 18:40:40	53	48	0
Apr 18, 2014 18:40:41	35	35	0
Apr 18, 2014 18:40:41	35	35	0
Apr 18, 2014 18:40:42	20	48	0
Apr 18, 2014 18:40:42	20	48	0
Apr 18, 2014 18:40:43	30	54	0
Apr 18, 2014 18:40:43	30	54	0
Apr 18, 2014 18:40:44	23	66	0
Apr 18, 2014 18:40:44	23	66	0
Apr 18, 2014 18:40:45	20	78	0
Apr 18, 2014 18:40:45	20	78	0
Apr 18, 2014 18:40:46	17	63	0
Apr 18, 2014 18:40:46	17	63	0
Apr 18, 2014 18:40:47	27	51	0
Apr 18, 2014 18:40:47	27	51	0
Apr 18, 2014 18:40:48	50	53	0
Apr 18, 2014 18:40:49	63	37	0
Apr 18, 2014 18:40:49	63	37	0
Apr 18, 2014 18:40:50	64	34	0
Apr 18, 2014 18:40:50	64	34	0
Apr 18, 2014 18:40:51	70	24	0
Apr 18, 2014 18:40:51	70	24	0
Apr 18, 2014 18:40:52	64	24	0
Apr 18, 2014 18:40:52	64	24	0
Apr 18, 2014 18:40:53	74	43	0
Apr 18, 2014 18:40:53	74	43	0
Apr 18, 2014 18:40:54	78	60	0
Apr 18, 2014 18:40:54	78	60	0
Apr 18, 2014 18:40:55	66	75	0
Apr 18, 2014 18:40:55	66	75	0
Apr 18, 2014 18:40:56	69	70	0
Apr 18, 2014 18:40:56	69	70	0
Apr 18, 2014 18:40:57	66	67	0
Apr 18, 2014 18:40:57	70	53	0
Apr 18, 2014 18:40:58	70	53	0
Apr 18, 2014 18:40:58	84	44	0
Apr 18, 2014 18:40:59	84	44	0
Apr 18, 2014 18:41:00	84	40	0
Apr 18, 2014 18:41:00	84	40	0
Apr 18, 2014 18:41:01	75	40	0
Apr 18, 2014 18:41:01	75	40	0
Apr 18, 2014 18:41:02	67	30	0
Apr 18, 2014 18:41:02	67	30	0
Apr 18, 2014 18:41:03	53	27	0
Apr 18, 2014 18:41:03	53	27	0
Apr 18, 2014 18:41:04	51	35	0
Apr 18, 2014 18:41:04	51	35	0
Apr 18, 2014 18:41:05	54	41	0
Apr 18, 2014 18:41:05	54	41	0
Apr 18, 2014 18:41:06	61	53	0
Apr 18, 2014 18:41:06	61	53	0
Apr 18, 2014 18:41:07	70	57	0
Apr 18, 2014 18:41:07	70	57	0
Apr 18, 2014 18:41:08	63	47	0
Apr 18, 2014 18:41:08	63	47	0
Apr 18, 2014 18:41:09	61	35	0
Apr 18, 2014 18:41:09	61	35	0
Apr 18, 2014 18:41:10	47	11	0
Apr 18, 2014 18:41:10	47	11	0
Apr 18, 2014 18:41:11	48	16	0
Apr 18, 2014 18:41:11	48	16	0
Apr 18, 2014 18:41:12	60	27	0
Apr 18, 2014 18:41:12	60	27	0
Apr 18, 2014 18:41:13	63	17	0
Apr 18, 2014 18:41:13	63	17	0
Apr 18, 2014 18:41:14	69	40	0
Apr 18, 2014 18:41:14	69	40	0
Apr 18, 2014 18:41:15	80	41	0
Apr 18, 2014 18:41:15	80	41	0
Apr 18, 2014 18:41:16	63	41	0
Apr 18, 2014 18:41:16	63	41	0
Apr 18, 2014 18:41:17	56	63	0
Apr 18, 2014 18:41:17	56	63	0
Apr 18, 2014 18:41:18	51	69	0
Apr 18, 2014 18:41:18	38	78	0
Apr 18, 2014 18:41:19	38	78	0
Apr 18, 2014 18:41:19	43	70	0
Apr 18, 2014 18:41:20	43	70	0
Apr 18, 2014 18:41:20	50	66	0
Apr 18, 2014 18:41:21	50	66	0
Apr 18, 2014 18:41:21	61	50	0
Apr 18, 2014 18:41:22	61	50	0
Apr 18, 2014 18:41:22	60	44	0
Apr 18, 2014 18:41:23	60	44	0
Apr 18, 2014 18:41:24	48	44	0
Apr 18, 2014 18:41:24	48	44	0
Apr 18, 2014 18:41:25	38	43	0
Apr 18, 2014 18:41:25	38	43	0
Apr 18, 2014 18:41:26	34	60	0
Apr 18, 2014 18:41:26	34	60	0
Apr 18, 2014 18:41:27	27	61	0
Apr 18, 2014 18:41:27	48	63	0
Apr 18, 2014 18:41:28	48	63	0
Apr 18, 2014 18:41:28	67	60	0
Apr 18, 2014 18:41:29	67	60	0
Apr 18, 2014 18:41:29	69	41	0
Apr 18, 2014 18:41:30	69	41	0
Apr 18, 2014 18:41:30	78	38	0
Apr 18, 2014 18:41:31	78	38	0
Apr 18, 2014 18:41:31	66	38	0
Apr 18, 2014 18:41:32	66	38	0
Apr 18, 2014 18:41:32	61	27	0
Apr 18, 2014 18:41:33	61	27	0
Apr 18, 2014 18:41:33	67	43	0
Apr 18, 2014 18:41:34	67	43	0
Apr 18, 2014 18:41:35	53	37	0
Apr 18, 2014 18:41:35	53	37	0
Apr 18, 2014 18:41:36	56	41	0
Apr 18, 2014 18:41:36	56	41	0
Apr 18, 2014 18:41:37	63	48	0
Apr 18, 2014 18:41:37	63	48	0
Apr 18, 2014 18:41:38	64	47	0
Apr 18, 2014 18:41:38	64	47	0
Apr 18, 2014 18:41:39	93	38	0
Apr 18, 2014 18:41:39	93	38	0
Apr 18, 2014 18:41:40	81	27	0
Apr 18, 2014 18:41:40	81	27	0
Apr 18, 2014 18:41:41	69	20	0
Apr 18, 2014 18:41:41	69	20	0
Apr 18, 2014 18:41:42	61	24	0
Apr 18, 2014 18:41:42	61	24	0
Apr 18, 2014 18:41:43	51	41	0
Apr 18, 2014 18:41:43	51	41	0
Apr 18, 2014 18:41:44	67	44	0
Apr 18, 2014 18:41:44	67	44	0
Apr 18, 2014 18:41:45	74	50	0
Apr 18, 2014 18:41:45	74	50	0
Apr 18, 2014 18:41:46	69	35	0
Apr 18, 2014 18:41:46	69	35	0
Apr 18, 2014 18:41:47	63	23	0
Apr 18, 2014 18:41:47	63	23	0
Apr 18, 2014 18:41:48	61	34	0
Apr 18, 2014 18:41:48	63	41	0
Apr 18, 2014 18:41:49	63	41	0
Apr 18, 2014 18:41:49	70	50	0
Apr 18, 2014 18:41:50	70	50	0
Apr 18, 2014 18:41:50	74	61	0
Apr 18, 2014 18:41:51	74	61	0
Apr 18, 2014 18:41:51	56	40	0
Apr 18, 2014 18:41:52	56	40	0
Apr 18, 2014 18:41:52	54	38	0
Apr 18, 2014 18:41:53	54	38	0
Apr 18, 2014 18:41:53	63	37	0
Apr 18, 2014 18:41:54	63	37	0
Apr 18, 2014 18:41:54	56	27	0
Apr 18, 2014 18:41:55	56	27	0
Apr 18, 2014 18:41:55	60	43	0
Apr 18, 2014 18:41:56	60	43	0
Apr 18, 2014 18:41:56	64	50	0
Apr 18, 2014 18:41:57	56	43	0
Apr 18, 2014 18:41:57	56	43	0
Apr 18, 2014 18:41:58	51	47	0
Apr 18, 2014 18:41:59	51	47	0
Apr 18, 2014 18:41:59	64	51	0
Apr 18, 2014 18:42:00	64	51	0
Apr 18, 2014 18:42:00	48	38	0
Apr 18, 2014 18:42:01	48	38	0
Apr 18, 2014 18:42:01	56	40	0
Apr 18, 2014 18:42:02	56	40	0
Apr 18, 2014 18:42:02	51	30	0
Apr 18, 2014 18:42:03	51	30	0
Apr 18, 2014 18:42:03	43	27	0
Apr 18, 2014 18:42:04	43	27	0
Apr 18, 2014 18:42:04	61	37	0
Apr 18, 2014 18:42:05	61	37	0
Apr 18, 2014 18:42:05	54	51	0
Apr 18, 2014 18:42:06	54	51	0
Apr 18, 2014 18:42:06	66	70	0
Apr 18, 2014 18:42:07	66	70	0
Apr 18, 2014 18:42:07	80	77	0
Apr 18, 2014 18:42:08	80	77	0
Apr 18, 2014 18:42:09	75	75	0
Apr 18, 2014 18:42:09	75	75	0
Apr 18, 2014 18:42:10	75	70	0
Apr 18, 2014 18:42:10	75	70	0
Apr 18, 2014 18:42:11	80	69	0
Apr 18, 2014 18:42:11	80	69	0
Apr 18, 2014 18:42:12	66	63	0
Apr 18, 2014 18:42:12	66	63	0
Apr 18, 2014 18:42:13	67	63	0
Apr 18, 2014 18:42:13	67	63	0
Apr 18, 2014 18:42:14	61	64	0
Apr 18, 2014 18:42:14	61	64	0
Apr 18, 2014 18:42:15	51	69	0
Apr 18, 2014 18:42:15	51	69	0
Apr 18, 2014 18:42:16	53	63	0
Apr 18, 2014 18:42:16	53	63	0
Apr 18, 2014 18:42:17	34	54	0
Apr 18, 2014 18:42:17	34	54	0
Apr 18, 2014 18:42:18	21	40	0
Apr 18, 2014 18:42:18	26	30	0
Apr 18, 2014 18:42:19	26	30	0
Apr 18, 2014 18:42:19	40	35	0
Apr 18, 2014 18:42:20	40	35	0
Apr 18, 2014 18:42:20	53	47	0
Apr 18, 2014 18:42:21	53	47	0
Apr 18, 2014 18:42:21	64	50	0
Apr 18, 2014 18:42:22	64	50	0
Apr 18, 2014 18:42:22	61	51	0
Apr 18, 2014 18:42:23	61	51	0
Apr 18, 2014 18:42:23	54	54	0
Apr 18, 2014 18:42:24	54	54	0
Apr 18, 2014 18:42:24	60	50	0
Apr 18, 2014 18:42:25	60	50	0
Apr 18, 2014 18:42:25	75	60	0
Apr 18, 2014 18:42:26	75	60	0
Apr 18, 2014 18:42:26	83	51	0
Apr 18, 2014 18:42:27	83	51	0
Apr 18, 2014 18:42:27	70	56	0
Apr 18, 2014 18:42:28	66	67	0
Apr 18, 2014 18:42:28	66	67	0
Apr 18, 2014 18:42:29	35	51	0
Apr 18, 2014 18:42:29	35	51	0
Apr 18, 2014 18:42:30	14	43	0
Apr 18, 2014 18:42:30	14	43	0
Apr 18, 2014 18:42:31	35	37	0
Apr 18, 2014 18:42:31	35	37	0
Apr 18, 2014 18:42:32	37	14	0
Apr 18, 2014 18:42:33	37	14	0
Apr 18, 2014 18:42:33	57	37	0
Apr 18, 2014 18:42:34	57	37	0
Apr 18, 2014 18:42:34	77	57	0
Apr 18, 2014 18:42:35	77	57	0
Apr 18, 2014 18:42:35	60	63	0
Apr 18, 2014 18:42:36	60	63	0
Apr 18, 2014 18:42:36	63	74	0
Apr 18, 2014 18:42:37	63	74	0
Apr 18, 2014 18:42:37	64	63	0
Apr 18, 2014 18:42:38	64	63	0
Apr 18, 2014 18:42:38	61	48	0
Apr 18, 2014 18:42:39	61	48	0
Apr 18, 2014 18:42:39	69	47	0
Apr 18, 2014 18:42:40	69	47	0
Apr 18, 2014 18:42:40	75	40	0
Apr 18, 2014 18:42:41	75	40	0
Apr 18, 2014 18:42:41	61	41	0
Apr 18, 2014 18:42:42	61	41	0
Apr 18, 2014 18:42:43	50	60	0
Apr 18, 2014 18:42:43	50	60	0
Apr 18, 2014 18:42:44	57	63	0
Apr 18, 2014 18:42:44	57	63	0
Apr 18, 2014 18:42:45	60	51	0
Apr 18, 2014 18:42:45	60	51	0
Apr 18, 2014 18:42:46	84	48	0
Apr 18, 2014 18:42:46	84	48	0
Apr 18, 2014 18:42:47	100	40	0
Apr 18, 2014 18:42:47	100	40	0
Apr 18, 2014 18:42:48	94	44	0
Apr 18, 2014 18:42:48	93	57	0
Apr 18, 2014 18:42:49	93	57	0
Apr 18, 2014 18:42:49	90	54	0
Apr 18, 2014 18:42:50	90	54	0
Apr 18, 2014 18:42:50	88	61	0
Apr 18, 2014 18:42:51	88	61	0
Apr 18, 2014 18:42:51	80	47	0
Apr 18, 2014 18:42:52	80	47	0
Apr 18, 2014 18:42:52	66	51	0
Apr 18, 2014 18:42:53	66	51	0
Apr 18, 2014 18:42:53	34	44	0
Apr 18, 2014 18:42:54	34	44	0
Apr 18, 2014 18:42:54	17	40	0
Apr 18, 2014 18:42:55	17	40	0
Apr 18, 2014 18:42:55	23	41	0
Apr 18, 2014 18:42:56	41	41	0
Apr 18, 2014 18:42:56	41	41	0
Apr 18, 2014 18:42:57	57	50	0
Apr 18, 2014 18:42:57	57	50	0
Apr 18, 2014 18:42:58	80	44	0
Apr 18, 2014 18:42:58	80	44	0
Apr 18, 2014 18:42:59	66	48	0
Apr 18, 2014 18:42:59	66	48	0
Apr 18, 2014 18:43:00	64	53	0
Apr 18, 2014 18:43:00	64	53	0
Apr 18, 2014 18:43:01	66	56	0
Apr 18, 2014 18:43:01	66	56	0
Apr 18, 2014 18:43:02	64	54	0
Apr 18, 2014 18:43:02	64	54	0
Apr 18, 2014 18:43:03	75	61	0
Apr 18, 2014 18:43:03	75	61	0
Apr 18, 2014 18:43:04	64	44	0
Apr 18, 2014 18:43:04	64	44	0
Apr 18, 2014 18:43:05	60	41	0
Apr 18, 2014 18:43:05	60	41	0
Apr 18, 2014 18:43:06	60	43	0
Apr 18, 2014 18:43:07	60	43	0
Apr 18, 2014 18:43:07	69	40	0
Apr 18, 2014 18:43:08	69	40	0
Apr 18, 2014 18:43:08	61	56	0
Apr 18, 2014 18:43:09	61	56	0
Apr 18, 2014 18:43:09	66	51	0
Apr 18, 2014 18:43:10	66	51	0
Apr 18, 2014 18:43:10	40	48	0
Apr 18, 2014 18:43:11	40	48	0
Apr 18, 2014 18:43:11	40	48	25
Apr 18, 2014 18:43:12	40	48	25
Apr 18, 2014 18:43:12	23	47	0
Apr 18, 2014 18:43:13	23	47	0
Apr 18, 2014 18:43:13	27	44	0
Apr 18, 2014 18:43:14	27	44	0
Apr 18, 2014 18:43:14	29	51	0
Apr 18, 2014 18:43:15	29	51	0
Apr 18, 2014 18:43:15	56	56	0
Apr 18, 2014 18:43:16	56	56	0
Apr 18, 2014 18:43:17	64	40	0
Apr 18, 2014 18:43:17	63	38	0
Apr 18, 2014 18:43:18	63	38	0
Apr 18, 2014 18:43:18	70	35	0
Apr 18, 2014 18:43:19	70	35	0
Apr 18, 2014 18:43:19	69	43	0
Apr 18, 2014 18:43:20	69	43	0
Apr 18, 2014 18:43:20	66	54	0
Apr 18, 2014 18:43:21	66	54	0
Apr 18, 2014 18:43:21	60	48	0
Apr 18, 2014 18:43:22	60	48	0
Apr 18, 2014 18:43:22	38	60	0
Apr 18, 2014 18:43:23	38	60	0
Apr 18, 2014 18:43:23	27	53	0
Apr 18, 2014 18:43:24	27	53	0
Apr 18, 2014 18:43:24	14	43	0
Apr 18, 2014 18:43:25	14	43	0
Apr 18, 2014 18:43:25	13	44	0
Apr 18, 2014 18:43:26	13	44	0
Apr 18, 2014 18:43:26	17	24	0
Apr 18, 2014 18:43:27	14	40	0
Apr 18, 2014 18:43:27	14	40	0
Apr 18, 2014 18:43:28	30	51	0
Apr 18, 2014 18:43:28	30	51	0
Apr 18, 2014 18:43:29	37	43	0
Apr 18, 2014 18:43:29	37	43	0
Apr 18, 2014 18:43:30	61	47	0
Apr 18, 2014 18:43:30	61	47	0
Apr 18, 2014 18:43:31	87	24	0
Apr 18, 2014 18:43:31	87	24	0
Apr 18, 2014 18:43:32	90	24	0
Apr 18, 2014 18:43:32	90	24	0
Apr 18, 2014 18:43:33	100	43	0
Apr 18, 2014 18:43:33	100	43	0
Apr 18, 2014 18:43:34	70	40	0
Apr 18, 2014 18:43:34	70	40	0
Apr 18, 2014 18:43:35	34	44	0
Apr 18, 2014 18:43:35	34	44	0
Apr 18, 2014 18:43:36	20	50	0
Apr 18, 2014 18:43:36	20	50	0
Apr 18, 2014 18:43:37	8	50	0
Apr 18, 2014 18:43:37	8	50	0
Apr 18, 2014 18:43:38	26	66	0
Apr 18, 2014 18:43:38	26	66	0
Apr 18, 2014 18:43:39	43	78	0
Apr 18, 2014 18:43:39	43	78	0
Apr 18, 2014 18:43:40	44	87	0
Apr 18, 2014 18:43:40	44	87	0
Apr 18, 2014 18:43:41	37	80	0
Apr 18, 2014 18:43:42	37	80	0
Apr 18, 2014 18:43:42	27	83	0
Apr 18, 2014 18:43:43	27	83	0
Apr 18, 2014 18:43:43	29	67	0
Apr 18, 2014 18:43:44	29	67	0
Apr 18, 2014 18:43:44	16	41	0
Apr 18, 2014 18:43:45	16	41	0
Apr 18, 2014 18:43:45	21	35	0
Apr 18, 2014 18:43:46	21	35	0
Apr 18, 2014 18:43:46	14	21	0
Apr 18, 2014 18:43:47	14	21	0
Apr 18, 2014 18:43:47	4	20	0
Apr 18, 2014 18:43:48	27	26	0
Apr 18, 2014 18:43:48	27	26	0
Apr 18, 2014 18:43:49	53	24	0
Apr 18, 2014 18:43:49	53	24	0
Apr 18, 2014 18:43:50	69	26	0
Apr 18, 2014 18:43:50	69	26	0
Apr 18, 2014 18:43:51	80	40	0
Apr 18, 2014 18:43:52	80	40	0
Apr 18, 2014 18:43:52	87	53	0
Apr 18, 2014 18:43:53	87	53	0
Apr 18, 2014 18:43:53	80	61	0
Apr 18, 2014 18:43:54	80	61	0
Apr 18, 2014 18:43:54	93	60	0
Apr 18, 2014 18:43:55	93	60	0
Apr 18, 2014 18:43:55	100	53	0
Apr 18, 2014 18:43:56	100	53	0
Apr 18, 2014 18:43:56	91	54	0
Apr 18, 2014 18:43:57	94	50	0
Apr 18, 2014 18:43:57	94	50	0
Apr 18, 2014 18:43:58	77	54	0
Apr 18, 2014 18:43:58	77	54	0
Apr 18, 2014 18:43:59	64	53	0
Apr 18, 2014 18:43:59	64	53	0
Apr 18, 2014 18:44:00	69	56	0
Apr 18, 2014 18:44:00	69	56	0
Apr 18, 2014 18:44:01	48	50	0
Apr 18, 2014 18:44:01	48	50	0
Apr 18, 2014 18:44:02	60	51	0
Apr 18, 2014 18:44:02	60	51	0
Apr 18, 2014 18:44:03	66	47	0
Apr 18, 2014 18:44:03	66	47	0
Apr 18, 2014 18:44:04	70	48	0
Apr 18, 2014 18:44:04	70	48	0
Apr 18, 2014 18:44:05	77	63	0
Apr 18, 2014 18:44:05	77	63	0
Apr 18, 2014 18:44:06	69	60	0
Apr 18, 2014 18:44:06	69	60	0
Apr 18, 2014 18:44:07	66	63	0
Apr 18, 2014 18:44:07	66	63	0
Apr 18, 2014 18:44:08	60	64	0
Apr 18, 2014 18:44:08	60	64	0
Apr 18, 2014 18:44:09	63	54	0
Apr 18, 2014 18:44:09	63	54	0
Apr 18, 2014 18:44:10	67	61	0
Apr 18, 2014 18:44:10	67	61	0
Apr 18, 2014 18:44:11	69	64	0
Apr 18, 2014 18:44:11	69	64	0
Apr 18, 2014 18:44:12	75	50	0
Apr 18, 2014 18:44:12	75	50	0
Apr 18, 2014 18:44:13	67	60	0
Apr 18, 2014 18:44:13	67	60	0
Apr 18, 2014 18:44:14	66	57	0
Apr 18, 2014 18:44:14	66	57	0
Apr 18, 2014 18:44:15	66	63	0
Apr 18, 2014 18:44:16	66	63	0
Apr 18, 2014 18:44:16	64	63	0
Apr 18, 2014 18:44:17	64	63	0
Apr 18, 2014 18:44:17	57	60	0
Apr 18, 2014 18:44:18	53	64	0
Apr 18, 2014 18:44:18	53	64	0
Apr 18, 2014 18:44:19	53	56	0
Apr 18, 2014 18:44:19	53	56	0
Apr 18, 2014 18:44:20	43	64	0
Apr 18, 2014 18:44:20	43	64	0
Apr 18, 2014 18:44:21	53	83	0
Apr 18, 2014 18:44:21	53	83	0
Apr 18, 2014 18:44:22	51	74	0
Apr 18, 2014 18:44:22	51	74	0
Apr 18, 2014 18:44:23	43	80	0
Apr 18, 2014 18:44:23	43	80	0
Apr 18, 2014 18:44:24	47	77	0
Apr 18, 2014 18:44:24	47	77	0
Apr 18, 2014 18:44:25	56	61	0
Apr 18, 2014 18:44:25	56	61	0
Apr 18, 2014 18:44:26	57	66	0
Apr 18, 2014 18:44:27	70	63	0
Apr 18, 2014 18:44:27	70	63	0
Apr 18, 2014 18:44:28	75	63	0
Apr 18, 2014 18:44:28	75	63	0
Apr 18, 2014 18:44:29	75	61	0
Apr 18, 2014 18:44:29	75	61	0
Apr 18, 2014 18:44:30	69	51	0
Apr 18, 2014 18:44:30	69	51	0
Apr 18, 2014 18:44:31	53	53	0
Apr 18, 2014 18:44:31	53	53	0
Apr 18, 2014 18:44:32	34	47	0
Apr 18, 2014 18:44:32	34	47	0
Apr 18, 2014 18:44:33	16	67	0
Apr 18, 2014 18:44:33	16	67	0
Apr 18, 2014 18:44:34	14	74	0
Apr 18, 2014 18:44:34	14	74	0
Apr 18, 2014 18:44:35	17	61	0
Apr 18, 2014 18:44:35	17	61	0
Apr 18, 2014 18:44:36	26	69	0
Apr 18, 2014 18:44:36	26	69	0
Apr 18, 2014 18:44:37	23	40	0
Apr 18, 2014 18:44:37	23	40	0
Apr 18, 2014 18:44:38	24	37	0
Apr 18, 2014 18:44:38	24	37	0
Apr 18, 2014 18:44:39	23	30	0
Apr 18, 2014 18:44:39	23	30	0
Apr 18, 2014 18:44:40	21	23	0
Apr 18, 2014 18:44:40	21	23	0
Apr 18, 2014 18:44:41	44	30	0
Apr 18, 2014 18:44:41	44	30	0
Apr 18, 2014 18:44:42	57	26	0
Apr 18, 2014 18:44:42	57	26	0
Apr 18, 2014 18:44:43	69	27	0
Apr 18, 2014 18:44:43	69	27	0
Apr 18, 2014 18:44:44	91	27	0
Apr 18, 2014 18:44:44	91	27	0
Apr 18, 2014 18:44:45	75	26	0
Apr 18, 2014 18:44:45	75	26	0
Apr 18, 2014 18:44:46	64	41	0
Apr 18, 2014 18:44:46	64	41	0
Apr 18, 2014 18:44:47	66	44	0
Apr 18, 2014 18:44:47	66	44	0
Apr 18, 2014 18:44:48	61	53	0
Apr 18, 2014 18:44:48	61	56	0
Apr 18, 2014 18:44:49	61	56	0
Apr 18, 2014 18:44:49	53	44	0
Apr 18, 2014 18:44:50	53	44	0
Apr 18, 2014 18:44:51	51	54	0
Apr 18, 2014 18:44:51	51	54	0
Apr 18, 2014 18:44:52	43	47	0
Apr 18, 2014 18:44:52	43	47	0
Apr 18, 2014 18:44:53	54	50	0
Apr 18, 2014 18:44:53	54	50	0
Apr 18, 2014 18:44:54	56	38	0
Apr 18, 2014 18:44:54	56	38	0
Apr 18, 2014 18:44:55	60	40	0
Apr 18, 2014 18:44:55	60	40	0
Apr 18, 2014 18:44:56	63	44	0
Apr 18, 2014 18:44:56	63	44	0
Apr 18, 2014 18:44:57	44	34	0
Apr 18, 2014 18:44:57	44	50	0
Apr 18, 2014 18:44:58	44	50	0
Apr 18, 2014 18:44:58	27	48	0
Apr 18, 2014 18:44:59	27	48	0
Apr 18, 2014 18:44:59	41	43	0
Apr 18, 2014 18:45:00	41	43	0
Apr 18, 2014 18:45:00	69	50	0
Apr 18, 2014 18:45:01	69	50	0
Apr 18, 2014 18:45:02	67	44	0
Apr 18, 2014 18:45:02	67	44	0
Apr 18, 2014 18:45:03	81	43	0
Apr 18, 2014 18:45:03	81	43	0
Apr 18, 2014 18:45:04	78	43	0
Apr 18, 2014 18:45:04	78	43	0
Apr 18, 2014 18:45:05	69	47	0
Apr 18, 2014 18:45:05	69	47	0
Apr 18, 2014 18:45:06	87	47	0
Apr 18, 2014 18:45:06	87	47	0
Apr 18, 2014 18:45:07	77	51	0
Apr 18, 2014 18:45:07	77	51	0
Apr 18, 2014 18:45:08	75	60	0
Apr 18, 2014 18:45:08	75	60	0
Apr 18, 2014 18:45:09	57	57	0
Apr 18, 2014 18:45:09	57	57	0
Apr 18, 2014 18:45:10	57	61	0
Apr 18, 2014 18:45:10	57	61	0
Apr 18, 2014 18:45:11	61	56	0
Apr 18, 2014 18:45:11	61	56	0
Apr 18, 2014 18:45:12	60	53	0
Apr 18, 2014 18:45:12	60	53	0
Apr 18, 2014 18:45:13	67	56	0
Apr 18, 2014 18:45:13	67	56	0
Apr 18, 2014 18:45:14	50	47	0
Apr 18, 2014 18:45:14	50	47	0
Apr 18, 2014 18:45:15	41	40	0
Apr 18, 2014 18:45:15	41	40	0
Apr 18, 2014 18:45:16	23	27	0
Apr 18, 2014 18:45:16	23	27	0
Apr 18, 2014 18:45:17	17	21	0
Apr 18, 2014 18:45:17	17	21	0
Apr 18, 2014 18:45:18	20	21	0
Apr 18, 2014 18:45:18	17	37	0
Apr 18, 2014 18:45:19	17	37	0
Apr 18, 2014 18:45:19	16	38	0
Apr 18, 2014 18:45:20	16	38	0
Apr 18, 2014 18:45:20	26	44	0
Apr 18, 2014 18:45:21	26	44	0
Apr 18, 2014 18:45:21	41	44	0
Apr 18, 2014 18:45:22	41	44	0
Apr 18, 2014 18:45:22	57	35	0
Apr 18, 2014 18:45:23	57	35	0
Apr 18, 2014 18:45:23	84	37	0
Apr 18, 2014 18:45:24	84	37	0
Apr 18, 2014 18:45:24	87	35	0
Apr 18, 2014 18:45:25	87	35	0
Apr 18, 2014 18:45:26	88	40	0
Apr 18, 2014 18:45:26	88	40	0
Apr 18, 2014 18:45:27	91	43	0
Apr 18, 2014 18:45:27	88	54	0
Apr 18, 2014 18:45:28	88	54	0
Apr 18, 2014 18:45:28	78	53	0
Apr 18, 2014 18:45:29	78	53	0
Apr 18, 2014 18:45:29	67	69	0
Apr 18, 2014 18:45:30	67	69	0
Apr 18, 2014 18:45:30	57	80	0
Apr 18, 2014 18:45:31	57	80	0
Apr 18, 2014 18:45:31	50	70	0
Apr 18, 2014 18:45:32	50	70	0
Apr 18, 2014 18:45:32	51	70	0
Apr 18, 2014 18:45:33	51	70	0
Apr 18, 2014 18:45:33	50	63	0
Apr 18, 2014 18:45:34	50	63	0
Apr 18, 2014 18:45:34	60	56	0
Apr 18, 2014 18:45:35	60	56	0
Apr 18, 2014 18:45:36	60	50	0
Apr 18, 2014 18:45:36	60	50	0
Apr 18, 2014 18:45:37	54	44	0
Apr 18, 2014 18:45:37	54	44	0
Apr 18, 2014 18:45:38	57	35	0
Apr 18, 2014 18:45:38	57	35	0
Apr 18, 2014 18:45:39	51	37	0
Apr 18, 2014 18:45:39	51	37	0
Apr 18, 2014 18:45:40	56	40	0
Apr 18, 2014 18:45:40	56	40	0
Apr 18, 2014 18:45:41	80	43	0
Apr 18, 2014 18:45:41	80	43	0
Apr 18, 2014 18:45:42	84	44	0
Apr 18, 2014 18:45:42	84	44	0
Apr 18, 2014 18:45:43	80	37	0
Apr 18, 2014 18:45:43	80	37	0
Apr 18, 2014 18:45:44	75	48	0
Apr 18, 2014 18:45:44	75	48	0
Apr 18, 2014 18:45:45	66	43	0
Apr 18, 2014 18:45:45	66	43	0
Apr 18, 2014 18:45:46	69	44	0
Apr 18, 2014 18:45:46	69	44	0
Apr 18, 2014 18:45:47	67	56	0
Apr 18, 2014 18:45:47	67	56	0
Apr 18, 2014 18:45:48	64	50	0
Apr 18, 2014 18:45:48	56	51	0
Apr 18, 2014 18:45:49	56	51	0
Apr 18, 2014 18:45:49	47	41	0
Apr 18, 2014 18:45:50	47	41	0
Apr 18, 2014 18:45:50	57	27	0
Apr 18, 2014 18:45:51	57	27	0
Apr 18, 2014 18:45:51	63	41	0
Apr 18, 2014 18:45:52	63	41	0
Apr 18, 2014 18:45:52	70	35	0
Apr 18, 2014 18:45:53	70	35	0
Apr 18, 2014 18:45:53	84	41	0
Apr 18, 2014 18:45:54	84	41	0
Apr 18, 2014 18:45:54	67	50	0
Apr 18, 2014 18:45:55	67	50	0
Apr 18, 2014 18:45:55	61	35	0
Apr 18, 2014 18:45:56	61	35	0
Apr 18, 2014 18:45:56	38	35	0
Apr 18, 2014 18:45:57	14	30	0
Apr 18, 2014 18:45:57	14	30	0
Apr 18, 2014 18:45:58	14	20	0
Apr 18, 2014 18:45:58	14	20	0
Apr 18, 2014 18:45:59	24	20	0
Apr 18, 2014 18:45:59	24	20	0
Apr 18, 2014 18:46:00	47	20	0
Apr 18, 2014 18:46:01	47	20	0
Apr 18, 2014 18:46:01	70	16	0
Apr 18, 2014 18:46:02	70	16	0
Apr 18, 2014 18:46:02	87	27	0
Apr 18, 2014 18:46:03	87	27	0
Apr 18, 2014 18:46:03	87	24	0
Apr 18, 2014 18:46:04	87	24	0
Apr 18, 2014 18:46:04	91	30	0
Apr 18, 2014 18:46:05	91	30	0
Apr 18, 2014 18:46:05	63	40	0
Apr 18, 2014 18:46:06	63	40	0
Apr 18, 2014 18:46:06	47	47	0
Apr 18, 2014 18:46:07	47	47	0
Apr 18, 2014 18:46:07	35	60	0
Apr 18, 2014 18:46:08	35	60	0
Apr 18, 2014 18:46:08	29	51	0
Apr 18, 2014 18:46:09	29	51	0
Apr 18, 2014 18:46:09	60	41	0
Apr 18, 2014 18:46:10	60	41	0
Apr 18, 2014 18:46:11	80	27	0
Apr 18, 2014 18:46:11	80	27	0
Apr 18, 2014 18:46:12	91	30	0
Apr 18, 2014 18:46:12	91	30	0
Apr 18, 2014 18:46:13	94	40	0
Apr 18, 2014 18:46:13	94	40	0
Apr 18, 2014 18:46:14	83	53	0
Apr 18, 2014 18:46:14	83	53	0
Apr 18, 2014 18:46:15	75	57	0
Apr 18, 2014 18:46:15	75	57	0
Apr 18, 2014 18:46:16	67	53	0
Apr 18, 2014 18:46:16	67	53	0
Apr 18, 2014 18:46:17	67	56	0
Apr 18, 2014 18:46:17	67	56	0
Apr 18, 2014 18:46:18	84	51	0
Apr 18, 2014 18:46:18	84	51	0
Apr 18, 2014 18:46:19	94	51	0
Apr 18, 2014 18:46:19	100	30	0
Apr 18, 2014 18:46:20	100	30	0
Apr 18, 2014 18:46:20	100	24	0
Apr 18, 2014 18:46:21	100	24	0
Apr 18, 2014 18:46:21	94	29	0
Apr 18, 2014 18:46:22	94	29	0
Apr 18, 2014 18:46:22	84	37	0
Apr 18, 2014 18:46:23	84	37	0
Apr 18, 2014 18:46:23	67	63	0
Apr 18, 2014 18:46:24	67	63	0
Apr 18, 2014 18:46:24	63	64	0
Apr 18, 2014 18:46:25	63	64	0
Apr 18, 2014 18:46:25	75	63	0
Apr 18, 2014 18:46:26	75	63	0
Apr 18, 2014 18:46:26	80	63	0
Apr 18, 2014 18:46:27	81	60	0
Apr 18, 2014 18:46:27	81	60	0
Apr 18, 2014 18:46:28	69	61	0
Apr 18, 2014 18:46:28	69	61	0
Apr 18, 2014 18:46:29	53	67	0
Apr 18, 2014 18:46:29	53	67	0
Apr 18, 2014 18:46:30	48	69	0
Apr 18, 2014 18:46:30	48	69	0
Apr 18, 2014 18:46:31	47	70	0
Apr 18, 2014 18:46:31	47	70	0
Apr 18, 2014 18:46:32	57	80	0
Apr 18, 2014 18:46:32	57	80	0
Apr 18, 2014 18:46:33	64	70	0
Apr 18, 2014 18:46:33	64	70	0
Apr 18, 2014 18:46:34	75	63	0
Apr 18, 2014 18:46:34	75	63	0
Apr 18, 2014 18:46:35	63	54	0
Apr 18, 2014 18:46:36	63	54	0
Apr 18, 2014 18:46:36	50	30	0
Apr 18, 2014 18:46:37	50	30	0
Apr 18, 2014 18:46:37	43	37	0
Apr 18, 2014 18:46:38	43	37	0
Apr 18, 2014 18:46:38	16	30	0
Apr 18, 2014 18:46:39	16	30	0
Apr 18, 2014 18:46:39	27	35	0
Apr 18, 2014 18:46:40	27	35	0
Apr 18, 2014 18:46:40	38	50	0
Apr 18, 2014 18:46:41	38	50	0
Apr 18, 2014 18:46:41	35	43	0
Apr 18, 2014 18:46:42	35	43	0
Apr 18, 2014 18:46:42	44	54	0
Apr 18, 2014 18:46:43	44	54	0
Apr 18, 2014 18:46:43	34	40	0
Apr 18, 2014 18:46:44	34	40	0
Apr 18, 2014 18:46:44	35	40	0
Apr 18, 2014 18:46:45	35	40	0
Apr 18, 2014 18:46:46	40	40	0
Apr 18, 2014 18:46:46	40	40	0
Apr 18, 2014 18:46:47	53	29	0
Apr 18, 2014 18:46:47	53	29	0
Apr 18, 2014 18:46:48	69	43	0
Apr 18, 2014 18:46:48	69	43	0
Apr 18, 2014 18:46:49	74	41	0
Apr 18, 2014 18:46:49	77	51	0
Apr 18, 2014 18:46:50	77	51	0
Apr 18, 2014 18:46:50	54	67	0
Apr 18, 2014 18:46:51	54	67	0
Apr 18, 2014 18:46:51	43	81	0
Apr 18, 2014 18:46:52	43	81	0
Apr 18, 2014 18:46:52	41	69	0
Apr 18, 2014 18:46:53	41	69	0
Apr 18, 2014 18:46:53	30	63	0
Apr 18, 2014 18:46:54	30	63	0
Apr 18, 2014 18:46:54	30	43	0
Apr 18, 2014 18:46:55	30	43	0
Apr 18, 2014 18:46:55	38	40	0
Apr 18, 2014 18:46:56	38	40	0
Apr 18, 2014 18:46:56	41	57	0
Apr 18, 2014 18:46:57	41	57	0
Apr 18, 2014 18:46:57	61	57	0
Apr 18, 2014 18:46:58	67	61	0
Apr 18, 2014 18:46:58	67	61	0
Apr 18, 2014 18:46:59	63	57	0
Apr 18, 2014 18:46:59	63	57	0
Apr 18, 2014 18:47:00	51	57	0
Apr 18, 2014 18:47:00	51	57	0
Apr 18, 2014 18:47:01	47	54	0
Apr 18, 2014 18:47:01	47	54	0
Apr 18, 2014 18:47:02	47	48	0
Apr 18, 2014 18:47:02	47	48	0
Apr 18, 2014 18:47:03	51	44	0
Apr 18, 2014 18:47:03	51	44	0
Apr 18, 2014 18:47:04	56	29	0
Apr 18, 2014 18:47:04	56	29	0
Apr 18, 2014 18:47:05	63	23	0
Apr 18, 2014 18:47:05	63	23	0
Apr 18, 2014 18:47:06	61	24	0
Apr 18, 2014 18:47:06	61	24	0
Apr 18, 2014 18:47:07	56	26	0
Apr 18, 2014 18:47:07	56	26	0
Apr 18, 2014 18:47:08	57	34	0
Apr 18, 2014 18:47:08	57	34	0
Apr 18, 2014 18:47:09	50	43	0
Apr 18, 2014 18:47:09	50	43	0
Apr 18, 2014 18:47:10	56	60	0
Apr 18, 2014 18:47:11	56	60	0
Apr 18, 2014 18:47:11	70	54	0
Apr 18, 2014 18:47:12	70	54	0
Apr 18, 2014 18:47:12	80	56	0
Apr 18, 2014 18:47:13	80	56	0
Apr 18, 2014 18:47:13	77	61	0
Apr 18, 2014 18:47:14	77	61	0
Apr 18, 2014 18:47:14	64	56	0
Apr 18, 2014 18:47:15	64	56	0
Apr 18, 2014 18:47:15	40	60	0
Apr 18, 2014 18:47:16	40	60	0
Apr 18, 2014 18:47:16	24	66	0
Apr 18, 2014 18:47:17	24	66	0
Apr 18, 2014 18:47:17	11	53	0
Apr 18, 2014 18:47:18	11	53	0
Apr 18, 2014 18:47:18	8	48	0
Apr 18, 2014 18:47:19	13	44	0
Apr 18, 2014 18:47:19	13	44	0
Apr 18, 2014 18:47:20	24	35	0
Apr 18, 2014 18:47:21	24	35	0
Apr 18, 2014 18:47:21	40	44	0
Apr 18, 2014 18:47:22	40	44	0
Apr 18, 2014 18:47:22	38	40	0
Apr 18, 2014 18:47:23	38	40	0
Apr 18, 2014 18:47:23	47	38	0
Apr 18, 2014 18:47:24	47	38	0
Apr 18, 2014 18:47:24	35	51	0
Apr 18, 2014 18:47:25	35	51	0
Apr 18, 2014 18:47:25	38	40	0
Apr 18, 2014 18:47:26	38	40	0
Apr 18, 2014 18:47:26	57	35	0
Apr 18, 2014 18:47:27	57	35	0
Apr 18, 2014 18:47:27	54	44	0
Apr 18, 2014 18:47:28	53	47	0
Apr 18, 2014 18:47:28	53	47	0
Apr 18, 2014 18:47:29	43	60	0
Apr 18, 2014 18:47:29	43	60	0
Apr 18, 2014 18:47:30	24	64	0
Apr 18, 2014 18:47:30	24	64	0
Apr 18, 2014 18:47:31	20	63	0
Apr 18, 2014 18:47:31	20	63	0
Apr 18, 2014 18:47:32	20	54	0
Apr 18, 2014 18:47:32	20	54	0
Apr 18, 2014 18:47:33	10	60	0
Apr 18, 2014 18:47:33	10	60	0
Apr 18, 2014 18:47:34	10	78	0
Apr 18, 2014 18:47:34	10	78	0
Apr 18, 2014 18:47:35	7	67	0
Apr 18, 2014 18:47:35	7	67	0
Apr 18, 2014 18:47:36	24	67	0
Apr 18, 2014 18:47:36	24	67	0
Apr 18, 2014 18:47:37	29	56	0
Apr 18, 2014 18:47:37	29	56	0
Apr 18, 2014 18:47:38	53	43	0
Apr 18, 2014 18:47:38	53	43	0
Apr 18, 2014 18:47:39	67	56	0
Apr 18, 2014 18:47:39	67	56	0
Apr 18, 2014 18:47:40	60	56	0
Apr 18, 2014 18:47:40	60	56	0
Apr 18, 2014 18:47:41	61	54	0
Apr 18, 2014 18:47:41	61	54	0
Apr 18, 2014 18:47:42	53	57	0
Apr 18, 2014 18:47:42	53	57	0
Apr 18, 2014 18:47:43	40	57	0
Apr 18, 2014 18:47:43	40	57	0
Apr 18, 2014 18:47:44	24	69	0
Apr 18, 2014 18:47:45	24	69	0
Apr 18, 2014 18:47:45	20	67	0
Apr 18, 2014 18:47:46	20	67	0
Apr 18, 2014 18:47:46	8	63	0
Apr 18, 2014 18:47:47	8	63	0
Apr 18, 2014 18:47:47	1	60	0
Apr 18, 2014 18:47:48	1	60	0
Apr 18, 2014 18:47:48	10	50	0
Apr 18, 2014 18:47:49	10	50	0
Apr 18, 2014 18:47:49	10	66	0
Apr 18, 2014 18:47:50	10	66	26
Apr 18, 2014 18:47:50	10	66	26
Apr 18, 2014 18:47:51	10	64	0
Apr 18, 2014 18:47:51	10	64	0
Apr 18, 2014 18:47:52	21	63	0
Apr 18, 2014 18:47:52	21	63	0
Apr 18, 2014 18:47:53	17	50	0
Apr 18, 2014 18:47:53	17	50	0
Apr 18, 2014 18:47:54	14	41	0
Apr 18, 2014 18:47:55	14	41	0
Apr 18, 2014 18:47:55	23	50	0
Apr 18, 2014 18:47:56	23	50	0
Apr 18, 2014 18:47:56	20	43	0
Apr 18, 2014 18:47:57	20	43	0
Apr 18, 2014 18:47:57	14	47	0
Apr 18, 2014 18:47:58	17	50	0
Apr 18, 2014 18:47:58	17	50	0
Apr 18, 2014 18:47:59	14	41	0
Apr 18, 2014 18:47:59	14	41	0
Apr 18, 2014 18:48:00	14	44	0
Apr 18, 2014 18:48:00	14	44	0
Apr 18, 2014 18:48:01	16	57	0
Apr 18, 2014 18:48:01	16	57	0
Apr 18, 2014 18:48:02	8	63	0
Apr 18, 2014 18:48:02	8	63	0
Apr 18, 2014 18:48:03	1	63	0
Apr 18, 2014 18:48:03	1	63	0
Apr 18, 2014 18:48:04	1	69	0
Apr 18, 2014 18:48:04	1	69	0
Apr 18, 2014 18:48:05	4	61	0
Apr 18, 2014 18:48:05	4	61	0
Apr 18, 2014 18:48:06	26	56	0
Apr 18, 2014 18:48:06	26	56	0
Apr 18, 2014 18:48:07	26	61	0
Apr 18, 2014 18:48:07	26	61	0
Apr 18, 2014 18:48:08	29	54	0
Apr 18, 2014 18:48:08	29	54	0
Apr 18, 2014 18:48:09	26	44	0
Apr 18, 2014 18:48:09	26	44	0
Apr 18, 2014 18:48:10	16	44	0
Apr 18, 2014 18:48:10	16	44	0
Apr 18, 2014 18:48:11	24	41	0
Apr 18, 2014 18:48:11	24	41	0
Apr 18, 2014 18:48:12	20	43	0
Apr 18, 2014 18:48:12	20	43	0
Apr 18, 2014 18:48:13	24	54	0
Apr 18, 2014 18:48:13	24	54	0
Apr 18, 2014 18:48:14	24	44	0
Apr 18, 2014 18:48:14	24	44	0
Apr 18, 2014 18:48:15	38	43	0
Apr 18, 2014 18:48:15	38	43	0
Apr 18, 2014 18:48:16	57	50	0
Apr 18, 2014 18:48:16	57	50	0
Apr 18, 2014 18:48:17	60	41	0
Apr 18, 2014 18:48:17	83	38	0
Apr 18, 2014 18:48:18	83	38	0
Apr 18, 2014 18:48:19	61	34	0
Apr 18, 2014 18:48:19	61	34	0
Apr 18, 2014 18:48:20	63	34	0
Apr 18, 2014 18:48:20	63	34	0
Apr 18, 2014 18:48:21	70	43	0
Apr 18, 2014 18:48:21	70	43	0
Apr 18, 2014 18:48:22	61	54	0
Apr 18, 2014 18:48:22	61	54	0
Apr 18, 2014 18:48:23	80	61	0
Apr 18, 2014 18:48:23	80	61	0
Apr 18, 2014 18:48:24	69	51	0
Apr 18, 2014 18:48:24	69	51	0
Apr 18, 2014 18:48:25	53	53	0
Apr 18, 2014 18:48:25	53	53	0
Apr 18, 2014 18:48:26	43	50	0
Apr 18, 2014 18:48:26	30	51	0
Apr 18, 2014 18:48:27	30	51	0
Apr 18, 2014 18:48:27	17	67	0
Apr 18, 2014 18:48:28	17	67	0
Apr 18, 2014 18:48:29	21	63	0
Apr 18, 2014 18:48:29	21	63	0
Apr 18, 2014 18:48:30	11	67	0
Apr 18, 2014 18:48:30	11	67	0
Apr 18, 2014 18:48:31	7	67	0
Apr 18, 2014 18:48:31	7	67	0
Apr 18, 2014 18:48:32	8	61	0
Apr 18, 2014 18:48:32	8	61	0
Apr 18, 2014 18:48:33	10	74	0
Apr 18, 2014 18:48:33	10	74	0
Apr 18, 2014 18:48:34	11	67	0
Apr 18, 2014 18:48:34	11	67	0
Apr 18, 2014 18:48:35	14	70	0
Apr 18, 2014 18:48:35	14	70	0
Apr 18, 2014 18:48:36	27	69	0
Apr 18, 2014 18:48:36	27	69	0
Apr 18, 2014 18:48:37	34	67	0
Apr 18, 2014 18:48:37	34	67	0
Apr 18, 2014 18:48:38	38	69	0
Apr 18, 2014 18:48:38	38	69	0
Apr 18, 2014 18:48:39	38	60	0
Apr 18, 2014 18:48:39	38	60	0
Apr 18, 2014 18:48:40	26	69	0
Apr 18, 2014 18:48:40	26	69	0
Apr 18, 2014 18:48:41	23	47	0
Apr 18, 2014 18:48:41	23	47	0
Apr 18, 2014 18:48:42	13	50	0
Apr 18, 2014 18:48:42	13	50	0
Apr 18, 2014 18:48:43	13	56	0
Apr 18, 2014 18:48:43	13	56	0
Apr 18, 2014 18:48:44	8	40	0
Apr 18, 2014 18:48:44	8	40	0
Apr 18, 2014 18:48:45	8	40	0
Apr 18, 2014 18:48:45	8	40	0
Apr 18, 2014 18:48:46	7	35	0
Apr 18, 2014 18:48:46	7	35	0
Apr 18, 2014 18:48:47	4	29	0
Apr 18, 2014 18:48:47	4	29	0
Apr 18, 2014 18:48:48	20	30	0
Apr 18, 2014 18:48:48	21	41	0
Apr 18, 2014 18:48:49	21	41	0
Apr 18, 2014 18:48:49	30	56	0
Apr 18, 2014 18:48:50	30	56	0
Apr 18, 2014 18:48:50	34	51	0
Apr 18, 2014 18:48:51	34	51	0
Apr 18, 2014 18:48:51	24	47	0
Apr 18, 2014 18:48:52	24	47	0
Apr 18, 2014 18:48:53	21	35	0
Apr 18, 2014 18:48:53	21	35	0
Apr 18, 2014 18:48:54	34	27	0
Apr 18, 2014 18:48:54	34	27	0
Apr 18, 2014 18:48:55	30	35	0
Apr 18, 2014 18:48:55	30	35	0
Apr 18, 2014 18:48:56	37	43	0
Apr 18, 2014 18:48:56	37	43	0
Apr 18, 2014 18:48:57	30	40	0
Apr 18, 2014 18:48:57	14	38	0
Apr 18, 2014 18:48:58	14	38	0
Apr 18, 2014 18:48:58	37	29	0
Apr 18, 2014 18:48:59	37	29	0
Apr 18, 2014 18:48:59	30	27	0
Apr 18, 2014 18:49:00	30	27	0
Apr 18, 2014 18:49:00	41	30	0
Apr 18, 2014 18:49:01	41	30	0
Apr 18, 2014 18:49:01	57	29	0
Apr 18, 2014 18:49:02	57	29	0
Apr 18, 2014 18:49:03	44	38	0
Apr 18, 2014 18:49:03	44	38	0
Apr 18, 2014 18:49:04	50	24	0
Apr 18, 2014 18:49:04	50	24	0
Apr 18, 2014 18:49:05	57	34	0
Apr 18, 2014 18:49:05	57	34	0
Apr 18, 2014 18:49:06	37	41	0
Apr 18, 2014 18:49:06	37	41	0
Apr 18, 2014 18:49:07	26	40	0
Apr 18, 2014 18:49:07	26	40	0
Apr 18, 2014 18:49:08	24	60	0
Apr 18, 2014 18:49:08	24	60	0
Apr 18, 2014 18:49:09	13	56	0
Apr 18, 2014 18:49:09	13	56	0
Apr 18, 2014 18:49:10	27	53	0
Apr 18, 2014 18:49:10	27	53	0
Apr 18, 2014 18:49:11	47	53	0
Apr 18, 2014 18:49:11	47	53	0
Apr 18, 2014 18:49:12	51	41	0
Apr 18, 2014 18:49:12	51	41	0
Apr 18, 2014 18:49:13	44	51	0
Apr 18, 2014 18:49:13	44	51	0
Apr 18, 2014 18:49:14	30	54	0
Apr 18, 2014 18:49:14	30	54	0
Apr 18, 2014 18:49:15	13	37	0
Apr 18, 2014 18:49:15	13	37	0
Apr 18, 2014 18:49:16	7	41	0
Apr 18, 2014 18:49:16	7	41	0
Apr 18, 2014 18:49:17	16	34	0
Apr 18, 2014 18:49:17	10	20	0
Apr 18, 2014 18:49:18	10	20	0
Apr 18, 2014 18:49:18	4	23	0
Apr 18, 2014 18:49:19	4	23	0
Apr 18, 2014 18:49:19	1	29	0
Apr 18, 2014 18:49:20	1	29	0
Apr 18, 2014 18:49:20	1	34	0
Apr 18, 2014 18:49:21	1	34	0
Apr 18, 2014 18:49:21	4	53	0
Apr 18, 2014 18:49:22	4	53	0
Apr 18, 2014 18:49:22	11	80	0
Apr 18, 2014 18:49:23	11	80	0
Apr 18, 2014 18:49:23	17	70	0
Apr 18, 2014 18:49:24	17	70	0
Apr 18, 2014 18:49:24	13	64	0
Apr 18, 2014 18:49:25	13	64	0
Apr 18, 2014 18:49:25	11	74	0
Apr 18, 2014 18:49:26	14	57	0
Apr 18, 2014 18:49:27	14	57	0
Apr 18, 2014 18:49:27	11	64	0
Apr 18, 2014 18:49:28	11	64	0
Apr 18, 2014 18:49:28	13	53	0
Apr 18, 2014 18:49:29	13	53	0
Apr 18, 2014 18:49:29	17	34	0
Apr 18, 2014 18:49:30	17	34	0
Apr 18, 2014 18:49:30	23	27	0
Apr 18, 2014 18:49:31	23	27	0
Apr 18, 2014 18:49:31	30	37	0
Apr 18, 2014 18:49:32	30	37	0
Apr 18, 2014 18:49:32	44	48	0
Apr 18, 2014 18:49:33	44	48	0
Apr 18, 2014 18:49:33	51	53	0
Apr 18, 2014 18:49:34	51	53	0
Apr 18, 2014 18:49:34	53	60	0
Apr 18, 2014 18:49:35	53	60	0
Apr 18, 2014 18:49:35	47	57	0
Apr 18, 2014 18:49:36	47	57	0
Apr 18, 2014 18:49:36	43	47	0
Apr 18, 2014 18:49:37	43	47	0
Apr 18, 2014 18:49:38	41	40	0
Apr 18, 2014 18:49:38	41	40	0
Apr 18, 2014 18:49:39	37	38	0
Apr 18, 2014 18:49:39	37	38	0
Apr 18, 2014 18:49:40	29	27	0
Apr 18, 2014 18:49:40	29	27	0
Apr 18, 2014 18:49:41	21	38	0
Apr 18, 2014 18:49:41	21	38	0
Apr 18, 2014 18:49:42	16	41	0
Apr 18, 2014 18:49:42	16	41	0
Apr 18, 2014 18:49:43	1	30	0
Apr 18, 2014 18:49:43	1	30	0
Apr 18, 2014 18:49:44	1	30	26
Apr 18, 2014 18:49:44	1	30	26
Apr 18, 2014 18:49:45	1	23	0
Apr 18, 2014 18:49:45	1	23	0
Apr 18, 2014 18:49:46	3	16	0
Apr 18, 2014 18:49:46	3	16	0
Apr 18, 2014 18:49:47	1	17	0
Apr 18, 2014 18:49:47	1	17	0
Apr 18, 2014 18:49:48	8	23	0
Apr 18, 2014 18:49:48	23	38	0
Apr 18, 2014 18:49:49	23	38	0
Apr 18, 2014 18:49:49	27	37	0
Apr 18, 2014 18:49:50	27	37	0
Apr 18, 2014 18:49:50	48	29	0
Apr 18, 2014 18:49:51	48	29	0
Apr 18, 2014 18:49:51	63	41	0
Apr 18, 2014 18:49:52	63	41	0
Apr 18, 2014 18:49:52	66	34	0
Apr 18, 2014 18:49:53	66	34	0
Apr 18, 2014 18:49:53	67	43	0
Apr 18, 2014 18:49:54	67	43	0
Apr 18, 2014 18:49:54	57	50	0
Apr 18, 2014 18:49:55	57	50	0
Apr 18, 2014 18:49:55	40	37	0
Apr 18, 2014 18:49:56	40	37	0
Apr 18, 2014 18:49:56	24	47	0
Apr 18, 2014 18:49:57	14	63	0
Apr 18, 2014 18:49:57	14	63	0
Apr 18, 2014 18:49:58	10	66	0
Apr 18, 2014 18:49:58	10	66	0
Apr 18, 2014 18:49:59	11	78	0
Apr 18, 2014 18:49:59	11	78	0
Apr 18, 2014 18:50:00	27	67	0
Apr 18, 2014 18:50:00	27	67	0
Apr 18, 2014 18:50:01	30	53	0
Apr 18, 2014 18:50:02	30	53	0
Apr 18, 2014 18:50:02	38	66	0
Apr 18, 2014 18:50:03	38	66	0
Apr 18, 2014 18:50:03	41	67	0
Apr 18, 2014 18:50:04	41	67	0
Apr 18, 2014 18:50:04	41	67	0
Apr 18, 2014 18:50:05	41	67	0
Apr 18, 2014 18:50:05	17	83	0
Apr 18, 2014 18:50:06	17	83	0
Apr 18, 2014 18:50:06	23	66	0
Apr 18, 2014 18:50:07	23	66	0
Apr 18, 2014 18:50:07	30	63	0
Apr 18, 2014 18:50:08	30	63	0
Apr 18, 2014 18:50:08	29	63	0
Apr 18, 2014 18:50:09	29	63	0
Apr 18, 2014 18:50:09	40	53	0
Apr 18, 2014 18:50:10	40	53	0
Apr 18, 2014 18:50:10	40	57	0
Apr 18, 2014 18:50:11	40	57	0
Apr 18, 2014 18:50:12	26	64	0
Apr 18, 2014 18:50:12	26	64	0
Apr 18, 2014 18:50:13	29	69	0
Apr 18, 2014 18:50:13	29	69	0
Apr 18, 2014 18:50:14	30	66	0
Apr 18, 2014 18:50:14	30	66	0
Apr 18, 2014 18:50:15	27	57	0
Apr 18, 2014 18:50:15	27	57	0
Apr 18, 2014 18:50:16	38	54	0
Apr 18, 2014 18:50:16	38	54	0
Apr 18, 2014 18:50:17	48	50	0
Apr 18, 2014 18:50:17	29	56	0
Apr 18, 2014 18:50:18	29	56	0
Apr 18, 2014 18:50:18	17	51	0
Apr 18, 2014 18:50:19	17	51	0
Apr 18, 2014 18:50:19	8	44	0
Apr 18, 2014 18:50:20	8	44	0
Apr 18, 2014 18:50:20	1	38	0
Apr 18, 2014 18:50:21	1	38	0
Apr 18, 2014 18:50:21	11	37	0
Apr 18, 2014 18:50:22	11	37	0
Apr 18, 2014 18:50:22	20	35	0
Apr 18, 2014 18:50:23	20	35	0
Apr 18, 2014 18:50:23	38	26	0
Apr 18, 2014 18:50:24	38	26	0
Apr 18, 2014 18:50:24	41	30	0
Apr 18, 2014 18:50:25	41	30	0
Apr 18, 2014 18:50:25	48	29	0
Apr 18, 2014 18:50:26	50	41	0
Apr 18, 2014 18:50:26	50	41	0
Apr 18, 2014 18:50:27	34	48	0
Apr 18, 2014 18:50:27	34	48	0
Apr 18, 2014 18:50:28	24	48	0
Apr 18, 2014 18:50:28	24	48	0
Apr 18, 2014 18:50:29	23	61	0
Apr 18, 2014 18:50:29	23	61	0
Apr 18, 2014 18:50:30	35	40	0
Apr 18, 2014 18:50:30	35	40	0
Apr 18, 2014 18:50:31	44	47	0
Apr 18, 2014 18:50:31	44	47	0
Apr 18, 2014 18:50:32	48	47	0
Apr 18, 2014 18:50:32	48	47	0
Apr 18, 2014 18:50:33	40	41	0
Apr 18, 2014 18:50:33	40	41	0
Apr 18, 2014 18:50:34	21	50	0
Apr 18, 2014 18:50:34	21	50	0
Apr 18, 2014 18:50:35	11	48	0
Apr 18, 2014 18:50:36	11	48	0
Apr 18, 2014 18:50:36	10	54	0
Apr 18, 2014 18:50:37	10	54	0
Apr 18, 2014 18:50:37	10	54	0
Apr 18, 2014 18:50:38	10	54	0
Apr 18, 2014 18:50:38	17	70	0
Apr 18, 2014 18:50:39	17	70	0
Apr 18, 2014 18:50:39	17	53	0
Apr 18, 2014 18:50:40	17	53	0
Apr 18, 2014 18:50:40	26	43	0
Apr 18, 2014 18:50:41	26	43	0
Apr 18, 2014 18:50:41	26	24	0
Apr 18, 2014 18:50:42	26	24	0
Apr 18, 2014 18:50:42	21	17	0
Apr 18, 2014 18:50:43	21	17	0
Apr 18, 2014 18:50:43	40	29	0
Apr 18, 2014 18:50:44	40	29	0
Apr 18, 2014 18:50:45	35	26	0
Apr 18, 2014 18:50:45	35	26	0
Apr 18, 2014 18:50:46	47	41	0
Apr 18, 2014 18:50:46	47	35	0
Apr 18, 2014 18:50:47	47	35	0
Apr 18, 2014 18:50:47	35	37	0
Apr 18, 2014 18:50:48	35	37	0
Apr 18, 2014 18:50:48	37	44	0
Apr 18, 2014 18:50:49	37	44	0
Apr 18, 2014 18:50:49	37	50	0
Apr 18, 2014 18:50:50	37	50	0
Apr 18, 2014 18:50:50	54	56	0
Apr 18, 2014 18:50:51	54	56	0
Apr 18, 2014 18:50:51	64	61	0
Apr 18, 2014 18:50:52	64	61	0
Apr 18, 2014 18:50:52	74	54	0
Apr 18, 2014 18:50:53	74	54	0
Apr 18, 2014 18:50:53	67	44	0
Apr 18, 2014 18:50:54	67	44	0
Apr 18, 2014 18:50:54	44	44	0
Apr 18, 2014 18:50:55	27	38	0
Apr 18, 2014 18:50:55	27	38	0
Apr 18, 2014 18:50:56	14	50	0
Apr 18, 2014 18:50:56	14	50	0
Apr 18, 2014 18:50:57	1	41	0
Apr 18, 2014 18:50:57	1	41	0
Apr 18, 2014 18:50:58	4	40	0
Apr 18, 2014 18:50:58	4	40	0
Apr 18, 2014 18:50:59	4	50	0
Apr 18, 2014 18:50:59	4	50	0
Apr 18, 2014 18:51:00	13	38	0
Apr 18, 2014 18:51:00	13	38	0
Apr 18, 2014 18:51:01	17	43	0
Apr 18, 2014 18:51:01	17	43	0
Apr 18, 2014 18:51:02	23	44	0
Apr 18, 2014 18:51:02	23	44	0
Apr 18, 2014 18:51:03	17	24	0
Apr 18, 2014 18:51:03	17	24	0
Apr 18, 2014 18:51:04	17	21	0
Apr 18, 2014 18:51:04	17	21	0
Apr 18, 2014 18:51:05	26	27	0
Apr 18, 2014 18:51:05	26	27	0
Apr 18, 2014 18:51:06	29	13	0
Apr 18, 2014 18:51:06	29	13	0
Apr 18, 2014 18:51:07	34	29	0
Apr 18, 2014 18:51:07	34	29	0
Apr 18, 2014 18:51:08	38	38	0
Apr 18, 2014 18:51:09	38	38	0
Apr 18, 2014 18:51:09	29	44	0
Apr 18, 2014 18:51:10	29	44	0
Apr 18, 2014 18:51:10	38	54	0
Apr 18, 2014 18:51:11	38	54	0
Apr 18, 2014 18:51:11	41	56	0
Apr 18, 2014 18:51:12	41	56	0
Apr 18, 2014 18:51:12	47	51	0
Apr 18, 2014 18:51:13	47	51	0
Apr 18, 2014 18:51:13	57	53	0
Apr 18, 2014 18:51:14	57	53	0
Apr 18, 2014 18:51:14	53	41	0
Apr 18, 2014 18:51:15	53	41	0
Apr 18, 2014 18:51:15	63	47	0
Apr 18, 2014 18:51:16	60	54	0
Apr 18, 2014 18:51:16	60	54	0
Apr 18, 2014 18:51:17	66	41	0
Apr 18, 2014 18:51:17	66	41	0
Apr 18, 2014 18:51:18	57	50	0
Apr 18, 2014 18:51:18	57	50	0
Apr 18, 2014 18:51:19	47	47	0
Apr 18, 2014 18:51:20	47	47	0
Apr 18, 2014 18:51:20	30	51	0
Apr 18, 2014 18:51:21	30	51	0
Apr 18, 2014 18:51:21	14	51	0
Apr 18, 2014 18:51:22	14	51	0
Apr 18, 2014 18:51:22	21	56	0
Apr 18, 2014 18:51:23	21	56	0
Apr 18, 2014 18:51:23	34	47	0
Apr 18, 2014 18:51:24	34	47	0
Apr 18, 2014 18:51:24	34	47	0
Apr 18, 2014 18:51:25	60	40	0
Apr 18, 2014 18:51:25	60	40	0
Apr 18, 2014 18:51:26	64	41	0
Apr 18, 2014 18:51:26	64	41	0
Apr 18, 2014 18:51:27	69	40	0
Apr 18, 2014 18:51:27	69	40	0
Apr 18, 2014 18:51:28	66	41	0
Apr 18, 2014 18:51:28	66	41	0
Apr 18, 2014 18:51:29	74	50	0
Apr 18, 2014 18:51:29	74	50	0
Apr 18, 2014 18:51:30	66	53	0
Apr 18, 2014 18:51:30	66	53	0
Apr 18, 2014 18:51:31	43	63	0
Apr 18, 2014 18:51:31	43	63	0
Apr 18, 2014 18:51:32	35	77	0
Apr 18, 2014 18:51:32	35	77	0
Apr 18, 2014 18:51:33	13	66	0
Apr 18, 2014 18:51:33	13	66	0
Apr 18, 2014 18:51:34	8	60	0
Apr 18, 2014 18:51:34	8	60	0
Apr 18, 2014 18:51:35	17	50	0
Apr 18, 2014 18:51:35	17	50	0
Apr 18, 2014 18:51:36	30	43	0
Apr 18, 2014 18:51:36	30	43	0
Apr 18, 2014 18:51:37	51	37	0
Apr 18, 2014 18:51:37	51	37	0
Apr 18, 2014 18:51:38	66	38	0
Apr 18, 2014 18:51:38	66	38	0
Apr 18, 2014 18:51:39	78	40	0
Apr 18, 2014 18:51:39	78	40	0
Apr 18, 2014 18:51:40	56	35	0
Apr 18, 2014 18:51:40	56	35	0
Apr 18, 2014 18:51:41	60	48	0
Apr 18, 2014 18:51:41	60	48	0
Apr 18, 2014 18:51:42	48	48	0
Apr 18, 2014 18:51:42	48	48	0
Apr 18, 2014 18:51:43	30	54	0
Apr 18, 2014 18:51:44	30	54	0
Apr 18, 2014 18:51:44	53	51	0
Apr 18, 2014 18:51:45	53	51	0
Apr 18, 2014 18:51:45	30	48	0
Apr 18, 2014 18:51:46	21	48	0
Apr 18, 2014 18:51:46	21	48	0
Apr 18, 2014 18:51:47	21	48	0
Apr 18, 2014 18:51:47	21	48	0
Apr 18, 2014 18:51:48	1	44	0
Apr 18, 2014 18:51:48	1	44	0
Apr 18, 2014 18:51:49	8	38	0
Apr 18, 2014 18:51:49	8	38	0
Apr 18, 2014 18:51:50	16	37	0
Apr 18, 2014 18:51:50	16	37	0
Apr 18, 2014 18:51:51	14	30	0
Apr 18, 2014 18:51:51	14	30	0
Apr 18, 2014 18:51:52	23	54	0
Apr 18, 2014 18:51:52	23	54	0
Apr 18, 2014 18:51:53	13	51	0
Apr 18, 2014 18:51:54	13	51	0
Apr 18, 2014 18:51:54	8	67	0
Apr 18, 2014 18:51:55	10	78	0
Apr 18, 2014 18:51:55	10	78	0
Apr 18, 2014 18:51:56	7	48	0
Apr 18, 2014 18:51:56	7	48	0
Apr 18, 2014 18:51:57	24	50	0
Apr 18, 2014 18:51:57	24	50	0
Apr 18, 2014 18:51:58	29	37	0
Apr 18, 2014 18:51:58	29	37	0
Apr 18, 2014 18:51:59	30	37	0
Apr 18, 2014 18:51:59	30	37	0
Apr 18, 2014 18:52:00	30	50	0
Apr 18, 2014 18:52:00	30	50	0
Apr 18, 2014 18:52:01	26	54	0
Apr 18, 2014 18:52:01	26	54	0
Apr 18, 2014 18:52:02	16	48	0
Apr 18, 2014 18:52:02	16	48	0
Apr 18, 2014 18:52:03	16	43	0
Apr 18, 2014 18:52:03	16	43	0
Apr 18, 2014 18:52:04	16	43	0
Apr 18, 2014 18:52:04	16	43	0
Apr 18, 2014 18:52:05	21	38	0
Apr 18, 2014 18:52:05	21	38	0
Apr 18, 2014 18:52:06	26	41	0
Apr 18, 2014 18:52:06	26	41	0
Apr 18, 2014 18:52:07	30	50	0
Apr 18, 2014 18:52:07	30	50	0
Apr 18, 2014 18:52:08	26	43	0
Apr 18, 2014 18:52:08	26	43	0
Apr 18, 2014 18:52:09	23	47	0
Apr 18, 2014 18:52:09	23	47	0
Apr 18, 2014 18:52:10	27	47	0
Apr 18, 2014 18:52:10	27	47	0
Apr 18, 2014 18:52:11	27	37	0
Apr 18, 2014 18:52:11	27	37	0
Apr 18, 2014 18:52:12	35	41	0
Apr 18, 2014 18:52:12	35	41	0
Apr 18, 2014 18:52:13	40	41	0
Apr 18, 2014 18:52:13	40	41	0
Apr 18, 2014 18:52:14	40	41	0
Apr 18, 2014 18:52:14	40	41	0
Apr 18, 2014 18:52:15	40	47	0
Apr 18, 2014 18:52:15	30	56	0
Apr 18, 2014 18:52:16	30	56	0
Apr 18, 2014 18:52:16	26	61	0
Apr 18, 2014 18:52:17	26	61	0
Apr 18, 2014 18:52:18	17	70	0
Apr 18, 2014 18:52:18	17	70	0
Apr 18, 2014 18:52:19	16	69	0
Apr 18, 2014 18:52:19	16	69	0
Apr 18, 2014 18:52:20	8	60	0
Apr 18, 2014 18:52:20	8	60	0
Apr 18, 2014 18:52:21	7	64	0
Apr 18, 2014 18:52:21	7	64	0
Apr 18, 2014 18:52:22	1	61	0
Apr 18, 2014 18:52:22	1	61	0
Apr 18, 2014 18:52:23	1	57	0
Apr 18, 2014 18:52:23	1	57	0
Apr 18, 2014 18:52:24	8	56	0
Apr 18, 2014 18:52:24	8	56	0
Apr 18, 2014 18:52:25	10	50	0
Apr 18, 2014 18:52:25	11	38	0
Apr 18, 2014 18:52:26	11	38	0
Apr 18, 2014 18:52:26	13	47	0
Apr 18, 2014 18:52:27	13	47	0
Apr 18, 2014 18:52:27	17	44	0
Apr 18, 2014 18:52:28	17	44	0
Apr 18, 2014 18:52:29	21	51	0
Apr 18, 2014 18:52:29	21	51	0
Apr 18, 2014 18:52:30	23	64	0
Apr 18, 2014 18:52:30	23	64	0
Apr 18, 2014 18:52:31	24	50	0
Apr 18, 2014 18:52:31	24	50	0
Apr 18, 2014 18:52:32	17	50	0
Apr 18, 2014 18:52:32	17	50	0
Apr 18, 2014 18:52:33	11	41	0
Apr 18, 2014 18:52:33	11	41	0
Apr 18, 2014 18:52:34	13	29	0
Apr 18, 2014 18:52:34	13	29	0
Apr 18, 2014 18:52:35	3	40	0
Apr 18, 2014 18:52:35	3	40	0
Apr 18, 2014 18:52:36	1	43	0
Apr 18, 2014 18:52:36	1	43	0
Apr 18, 2014 18:52:37	1	47	0
Apr 18, 2014 18:52:37	1	47	0
Apr 18, 2014 18:52:38	1	51	0
Apr 18, 2014 18:52:38	1	51	0
Apr 18, 2014 18:52:39	1	44	0
Apr 18, 2014 18:52:39	1	44	0
Apr 18, 2014 18:52:40	1	48	0
Apr 18, 2014 18:52:40	1	48	0
Apr 18, 2014 18:52:41	4	37	0
Apr 18, 2014 18:52:41	4	37	0
Apr 18, 2014 18:52:42	7	38	0
Apr 18, 2014 18:52:42	7	38	0
Apr 18, 2014 18:52:43	8	34	0
Apr 18, 2014 18:52:43	8	34	0
Apr 18, 2014 18:52:44	1	30	0
Apr 18, 2014 18:52:44	1	30	0
Apr 18, 2014 18:52:45	11	43	0
Apr 18, 2014 18:52:45	4	47	0
Apr 18, 2014 18:52:46	4	47	0
Apr 18, 2014 18:52:46	14	57	0
Apr 18, 2014 18:52:47	14	57	0
Apr 18, 2014 18:52:47	10	60	0
Apr 18, 2014 18:52:48	10	60	0
Apr 18, 2014 18:52:48	1	44	0
Apr 18, 2014 18:52:49	1	44	0
Apr 18, 2014 18:52:49	4	29	0
Apr 18, 2014 18:52:50	4	29	0
Apr 18, 2014 18:52:50	13	30	0
Apr 18, 2014 18:52:51	13	30	0
Apr 18, 2014 18:52:51	20	35	0
Apr 18, 2014 18:52:52	20	35	0
Apr 18, 2014 18:52:53	20	48	0
Apr 18, 2014 18:52:53	20	48	0
Apr 18, 2014 18:52:54	23	61	0
Apr 18, 2014 18:52:54	17	66	0
Apr 18, 2014 18:52:55	17	66	0
Apr 18, 2014 18:52:55	24	69	0
Apr 18, 2014 18:52:56	24	69	0
Apr 18, 2014 18:52:56	26	57	0
Apr 18, 2014 18:52:57	26	57	0
Apr 18, 2014 18:52:57	29	56	0
Apr 18, 2014 18:52:58	29	56	0
Apr 18, 2014 18:52:58	29	35	0
Apr 18, 2014 18:52:59	29	35	0
Apr 18, 2014 18:52:59	20	38	0
Apr 18, 2014 18:53:00	20	38	0
Apr 18, 2014 18:53:00	20	48	0
Apr 18, 2014 18:53:01	20	48	0
Apr 18, 2014 18:53:01	11	44	0
Apr 18, 2014 18:53:02	11	44	0
Apr 18, 2014 18:53:03	8	54	0
Apr 18, 2014 18:53:03	8	54	0
Apr 18, 2014 18:53:04	20	50	0
Apr 18, 2014 18:53:04	20	50	0
Apr 18, 2014 18:53:05	17	47	0
Apr 18, 2014 18:53:05	17	47	0
Apr 18, 2014 18:53:06	14	35	0
Apr 18, 2014 18:53:06	14	35	0
Apr 18, 2014 18:53:07	11	26	0
Apr 18, 2014 18:53:07	11	26	0
Apr 18, 2014 18:53:08	7	29	0
Apr 18, 2014 18:53:08	7	29	0
Apr 18, 2014 18:53:09	1	27	0
Apr 18, 2014 18:53:09	1	27	0
Apr 18, 2014 18:53:10	7	41	0
Apr 18, 2014 18:53:10	7	41	0
Apr 18, 2014 18:53:11	7	43	0
Apr 18, 2014 18:53:11	7	43	0
Apr 18, 2014 18:53:12	8	27	0
Apr 18, 2014 18:53:12	8	27	0
Apr 18, 2014 18:53:13	17	26	0
Apr 18, 2014 18:53:13	17	26	0
Apr 18, 2014 18:53:14	29	17	0
Apr 18, 2014 18:53:14	29	17	0
Apr 18, 2014 18:53:15	38	24	0
Apr 18, 2014 18:53:15	38	24	0
Apr 18, 2014 18:53:16	47	30	0
Apr 18, 2014 18:53:16	51	30	0
Apr 18, 2014 18:53:17	51	30	0
Apr 18, 2014 18:53:17	43	26	0
Apr 18, 2014 18:53:18	43	26	0
Apr 18, 2014 18:53:18	35	29	0
Apr 18, 2014 18:53:19	35	29	0
Apr 18, 2014 18:53:19	34	26	0
Apr 18, 2014 18:53:20	34	26	0
Apr 18, 2014 18:53:20	20	35	0
Apr 18, 2014 18:53:21	20	35	0
Apr 18, 2014 18:53:21	24	43	0
Apr 18, 2014 18:53:22	24	43	0
Apr 18, 2014 18:53:22	26	44	0
Apr 18, 2014 18:53:23	26	44	0
Apr 18, 2014 18:53:23	14	37	0
Apr 18, 2014 18:53:24	14	37	0
Apr 18, 2014 18:53:24	20	35	0
Apr 18, 2014 18:53:25	11	48	0
Apr 18, 2014 18:53:25	11	48	0
Apr 18, 2014 18:53:26	16	41	0
Apr 18, 2014 18:53:27	16	41	0
Apr 18, 2014 18:53:27	26	53	0
Apr 18, 2014 18:53:28	26	53	0
Apr 18, 2014 18:53:28	27	44	0
Apr 18, 2014 18:53:29	27	44	0
Apr 18, 2014 18:53:29	37	34	0
Apr 18, 2014 18:53:30	37	34	0
Apr 18, 2014 18:53:30	38	35	0
Apr 18, 2014 18:53:31	38	35	0
Apr 18, 2014 18:53:31	41	35	0
Apr 18, 2014 18:53:32	41	35	0
Apr 18, 2014 18:53:32	38	23	0
Apr 18, 2014 18:53:33	38	23	0
Apr 18, 2014 18:53:33	40	30	0
Apr 18, 2014 18:53:34	40	30	0
Apr 18, 2014 18:53:34	43	26	0
Apr 18, 2014 18:53:35	43	26	0
Apr 18, 2014 18:53:35	43	24	0
Apr 18, 2014 18:53:36	43	24	0
Apr 18, 2014 18:53:37	53	43	0
Apr 18, 2014 18:53:38	64	29	0
Apr 18, 2014 18:53:39	77	41	0
Apr 18, 2014 18:53:40	78	43	0
Apr 18, 2014 18:53:41	80	37	0
Apr 18, 2014 18:53:42	69	48	0
Apr 18, 2014 18:53:43	66	51	0
Apr 18, 2014 18:53:44	75	54	0
Apr 18, 2014 18:53:45	83	57	0
Apr 18, 2014 18:53:46	94	54	0
Apr 18, 2014 18:53:47	96	54	0
Apr 18, 2014 18:53:48	88	50	0
Apr 18, 2014 18:53:49	80	44	0
Apr 18, 2014 18:53:50	83	44	0
Apr 18, 2014 18:53:51	84	41	0
Apr 18, 2014 18:53:52	90	50	0
Apr 18, 2014 18:53:53	100	51	0
Apr 18, 2014 18:53:54	97	50	0
Apr 18, 2014 18:53:55	57	24	0
Apr 18, 2014 18:53:56	37	23	0
Apr 18, 2014 18:53:57	26	34	0
Apr 18, 2014 18:53:58	37	37	0
Apr 18, 2014 18:53:59	41	41	0
Apr 18, 2014 18:54:00	66	43	0
Apr 18, 2014 18:54:01	75	38	0
Apr 18, 2014 18:54:02	91	24	0
Apr 18, 2014 18:54:03	91	24	0
Apr 18, 2014 18:54:04	74	43	0
Apr 18, 2014 18:54:05	64	38	0
Apr 18, 2014 18:54:06	56	43	0
Apr 18, 2014 18:54:07	57	35	0
Apr 18, 2014 18:54:08	61	23	0
Apr 18, 2014 18:54:09	60	24	0
Apr 18, 2014 18:54:10	37	34	0
Apr 18, 2014 18:54:11	34	47	0
Apr 18, 2014 18:54:13	29	61	0
Apr 18, 2014 18:54:14	24	63	0
Apr 18, 2014 18:54:15	50	60	0
Apr 18, 2014 18:54:16	56	43	0
Apr 18, 2014 18:54:17	51	43	0
Apr 18, 2014 18:54:18	56	27	0
Apr 18, 2014 18:54:19	61	24	0
Apr 18, 2014 18:54:20	57	21	0
Apr 18, 2014 18:54:21	67	23	0
Apr 18, 2014 18:54:22	61	35	0
Apr 18, 2014 18:54:23	40	41	0
Apr 18, 2014 18:54:24	30	44	0
Apr 18, 2014 18:54:25	34	40	0
Apr 18, 2014 18:54:26	23	47	0
Apr 18, 2014 18:54:27	20	43	0
Apr 18, 2014 18:54:28	16	44	0
Apr 18, 2014 18:54:29	14	53	0
Apr 18, 2014 18:54:30	21	53	0
Apr 18, 2014 18:54:31	27	61	0
Apr 18, 2014 18:54:32	23	54	0
Apr 18, 2014 18:54:33	27	48	0
Apr 18, 2014 18:54:34	17	24	0
Apr 18, 2014 18:54:35	26	16	0
Apr 18, 2014 18:54:36	23	26	0
Apr 18, 2014 18:54:37	20	30	0
Apr 18, 2014 18:54:38	35	38	0
Apr 18, 2014 18:54:39	16	38	0
Apr 18, 2014 18:54:40	16	44	0
Apr 18, 2014 18:54:41	16	43	0
Apr 18, 2014 18:54:42	1	47	0
Apr 18, 2014 18:54:43	14	61	0
Apr 18, 2014 18:54:44	16	61	0
Apr 18, 2014 18:54:45	26	69	0
Apr 18, 2014 18:54:46	38	77	0
Apr 18, 2014 18:54:47	37	63	0
Apr 18, 2014 18:54:48	27	37	0
Apr 18, 2014 18:54:50	27	29	0
Apr 18, 2014 18:54:51	23	14	0
Apr 18, 2014 18:54:52	23	21	0
Apr 18, 2014 18:54:53	29	38	0
Apr 18, 2014 18:54:54	24	38	0
Apr 18, 2014 18:54:55	17	47	0
Apr 18, 2014 18:54:56	20	53	0
Apr 18, 2014 18:54:57	17	53	0
Apr 18, 2014 18:54:58	21	47	0
Apr 18, 2014 18:54:59	29	35	0
Apr 18, 2014 18:55:00	29	29	0
Apr 18, 2014 18:55:01	40	37	0
Apr 18, 2014 18:55:02	41	24	0
Apr 18, 2014 18:55:03	41	24	0
Apr 18, 2014 18:55:04	40	23	0
Apr 18, 2014 18:55:05	38	21	0
Apr 18, 2014 18:55:06	44	30	0
Apr 18, 2014 18:55:07	35	30	0
Apr 18, 2014 18:55:08	43	37	0
Apr 18, 2014 18:55:09	38	37	0
Apr 18, 2014 18:55:10	34	47	0
Apr 18, 2014 18:55:11	37	51	0
Apr 18, 2014 18:55:12	29	60	0
Apr 18, 2014 18:55:13	21	53	0
Apr 18, 2014 18:55:14	23	40	0
Apr 18, 2014 18:55:15	20	35	0
Apr 18, 2014 18:55:16	23	30	0
Apr 18, 2014 18:55:17	50	35	0
Apr 18, 2014 18:55:18	44	38	0
Apr 18, 2014 18:55:19	57	41	0
Apr 18, 2014 18:55:20	53	24	0
Apr 18, 2014 18:55:21	54	20	0
Apr 18, 2014 18:55:22	50	16	0
Apr 18, 2014 18:55:23	56	16	0
Apr 18, 2014 18:55:24	66	23	0
Apr 18, 2014 18:55:25	43	24	0
Apr 18, 2014 18:55:27	53	30	0
Apr 18, 2014 18:55:28	50	35	0
Apr 18, 2014 18:55:29	51	53	0
Apr 18, 2014 18:55:30	74	69	0
Apr 18, 2014 18:55:31	70	74	0
Apr 18, 2014 18:55:32	66	61	0
Apr 18, 2014 18:55:33	66	47	0
Apr 18, 2014 18:55:34	70	40	0
Apr 18, 2014 18:55:35	78	37	0
Apr 18, 2014 18:55:36	84	40	0
Apr 18, 2014 18:55:37	91	43	0
Apr 18, 2014 18:55:38	87	47	0
Apr 18, 2014 18:55:39	81	37	0
Apr 18, 2014 18:55:40	67	41	0
Apr 18, 2014 18:55:41	47	48	0
Apr 18, 2014 18:55:42	41	51	0
Apr 18, 2014 18:55:43	38	61	0
Apr 18, 2014 18:55:44	37	53	0
Apr 18, 2014 18:55:45	38	43	0
Apr 18, 2014 18:55:46	35	38	0
Apr 18, 2014 18:55:47	17	30	0
Apr 18, 2014 18:55:48	17	30	26
Apr 18, 2014 18:55:49	17	48	0
Apr 18, 2014 18:55:50	17	61	0
Apr 18, 2014 18:55:51	16	57	0
Apr 18, 2014 18:55:52	30	53	0
Apr 18, 2014 18:55:53	43	30	0
Apr 18, 2014 18:55:54	48	30	0
Apr 18, 2014 18:55:55	61	23	0
Apr 18, 2014 18:55:56	54	27	0
Apr 18, 2014 18:55:57	53	41	0
Apr 18, 2014 18:55:58	69	35	0
Apr 18, 2014 18:55:59	87	30	0
Apr 18, 2014 18:56:00	94	27	0
Apr 18, 2014 18:56:02	78	30	0
Apr 18, 2014 18:56:03	63	43	0
Apr 18, 2014 18:56:04	64	57	0
Apr 18, 2014 18:56:05	57	48	0
Apr 18, 2014 18:56:06	78	43	0
Apr 18, 2014 18:56:07	93	30	0
Apr 18, 2014 18:56:08	97	30	0
Apr 18, 2014 18:56:09	100	37	0
Apr 18, 2014 18:56:10	91	50	0
Apr 18, 2014 18:56:11	81	53	0
Apr 18, 2014 18:56:12	80	57	0
Apr 18, 2014 18:56:13	61	64	0
Apr 18, 2014 18:56:14	74	61	0
Apr 18, 2014 18:56:15	70	48	0
Apr 18, 2014 18:56:16	81	38	0
Apr 18, 2014 18:56:17	100	27	0
Apr 18, 2014 18:56:18	88	37	0
Apr 18, 2014 18:56:19	97	44	0
Apr 18, 2014 18:56:20	78	60	0
Apr 18, 2014 18:56:21	66	63	0
Apr 18, 2014 18:56:22	61	54	0
Apr 18, 2014 18:56:23	50	56	0
Apr 18, 2014 18:56:24	44	47	0
Apr 18, 2014 18:56:25	44	47	26
Apr 18, 2014 18:56:26	34	51	0
Apr 18, 2014 18:56:27	24	61	0
Apr 18, 2014 18:56:28	16	67	0
Apr 18, 2014 18:56:29	30	67	0
Apr 18, 2014 18:56:30	35	69	0
Apr 18, 2014 18:56:31	56	50	0
Apr 18, 2014 18:56:32	40	51	0
Apr 18, 2014 18:56:33	56	43	0
Apr 18, 2014 18:56:34	51	40	0
Apr 18, 2014 18:56:35	54	40	0
Apr 18, 2014 18:56:36	78	38	0
Apr 18, 2014 18:56:37	74	41	0
Apr 18, 2014 18:56:39	80	54	0
Apr 18, 2014 18:56:40	70	43	0
Apr 18, 2014 18:56:41	64	41	0
Apr 18, 2014 18:56:42	69	47	0
Apr 18, 2014 18:56:43	69	47	0
Apr 18, 2014 18:56:44	77	41	0
Apr 18, 2014 18:56:45	84	20	0
Apr 18, 2014 18:56:46	84	17	0
Apr 18, 2014 18:56:47	97	20	0
Apr 18, 2014 18:56:48	100	24	0
Apr 18, 2014 18:56:49	100	50	0
Apr 18, 2014 18:56:50	96	50	0
Apr 18, 2014 18:56:51	100	41	0
Apr 18, 2014 18:56:52	87	47	0
Apr 18, 2014 18:56:53	78	38	0
Apr 18, 2014 18:56:54	81	37	0
Apr 18, 2014 18:56:55	78	43	0
Apr 18, 2014 18:56:56	88	40	0
Apr 18, 2014 18:56:57	83	41	0
Apr 18, 2014 18:56:58	74	43	0
Apr 18, 2014 18:56:59	66	53	0
Apr 18, 2014 18:57:00	67	51	0
Apr 18, 2014 18:57:01	81	60	0
Apr 18, 2014 18:57:02	84	64	0
Apr 18, 2014 18:57:03	87	51	0
Apr 18, 2014 18:57:04	93	40	0
Apr 18, 2014 18:57:05	100	37	0
Apr 18, 2014 18:57:06	100	40	0
Apr 18, 2014 18:57:07	100	44	0
Apr 18, 2014 18:57:08	96	53	0
Apr 18, 2014 18:57:09	93	51	0
Apr 18, 2014 18:57:10	84	61	0
Apr 18, 2014 18:57:11	90	54	0
Apr 18, 2014 18:57:12	74	48	0
Apr 18, 2014 18:57:13	61	57	0
Apr 18, 2014 18:57:15	56	50	0
Apr 18, 2014 18:57:16	35	56	0
Apr 18, 2014 18:57:17	27	61	0
Apr 18, 2014 18:57:18	24	54	0
Apr 18, 2014 18:57:19	40	47	0
Apr 18, 2014 18:57:20	50	37	0
Apr 18, 2014 18:57:21	75	29	0
Apr 18, 2014 18:57:22	91	17	0
Apr 18, 2014 18:57:23	75	17	0
Apr 18, 2014 18:57:24	87	30	0
Apr 18, 2014 18:57:25	90	29	0
Apr 18, 2014 18:57:26	70	41	0
Apr 18, 2014 18:57:27	77	43	0
Apr 18, 2014 18:57:28	64	43	0
Apr 18, 2014 18:57:29	48	53	0
Apr 18, 2014 18:57:30	48	47	0
Apr 18, 2014 18:57:31	54	48	0
Apr 18, 2014 18:57:32	69	53	0
Apr 18, 2014 18:57:33	87	43	0
Apr 18, 2014 18:57:34	87	48	0
Apr 18, 2014 18:57:35	87	43	0
Apr 18, 2014 18:57:36	70	43	0
Apr 18, 2014 18:57:37	81	50	0
Apr 18, 2014 18:57:38	81	50	0
Apr 18, 2014 18:57:39	80	50	0
Apr 18, 2014 18:57:40	67	48	0
Apr 18, 2014 18:57:41	56	50	0
Apr 18, 2014 18:57:42	56	50	0
Apr 18, 2014 18:57:43	24	44	0
Apr 18, 2014 18:57:44	26	50	0
Apr 18, 2014 18:57:45	23	40	0
Apr 18, 2014 18:57:46	24	47	0
Apr 18, 2014 18:57:47	23	40	0
Apr 18, 2014 18:57:48	11	29	0
Apr 18, 2014 18:57:49	8	26	0
Apr 18, 2014 18:57:51	13	20	0
Apr 18, 2014 18:57:52	20	24	0
Apr 18, 2014 18:57:53	29	35	0
Apr 18, 2014 18:57:54	50	47	0
Apr 18, 2014 18:57:55	66	50	0
Apr 18, 2014 18:57:56	63	61	0
Apr 18, 2014 18:57:57	63	61	26
Apr 18, 2014 18:57:58	63	61	26
Apr 18, 2014 18:57:59	66	70	0
Apr 18, 2014 18:58:00	38	48	0
Apr 18, 2014 18:58:01	20	43	0
Apr 18, 2014 18:58:02	14	40	0
Apr 18, 2014 18:58:03	13	29	0
Apr 18, 2014 18:58:04	37	43	0
Apr 18, 2014 18:58:05	29	37	0
Apr 18, 2014 18:58:06	41	34	0
Apr 18, 2014 18:58:07	57	37	0
Apr 18, 2014 18:58:08	63	44	0
Apr 18, 2014 18:58:09	94	43	0
Apr 18, 2014 18:58:10	100	43	0
Apr 18, 2014 18:58:11	100	43	0
Apr 18, 2014 18:58:12	96	30	0
Apr 18, 2014 18:58:13	69	29	0
Apr 18, 2014 18:58:14	44	34	0
Apr 18, 2014 18:58:15	20	30	0
Apr 18, 2014 18:58:16	14	44	0
Apr 18, 2014 18:58:17	20	53	0
Apr 18, 2014 18:58:18	29	43	0
Apr 18, 2014 18:58:19	38	43	0
Apr 18, 2014 18:58:20	44	43	0
Apr 18, 2014 18:58:21	48	40	0
Apr 18, 2014 18:58:22	48	40	0
Apr 18, 2014 18:58:23	51	41	0
Apr 18, 2014 18:58:24	47	30	0
Apr 18, 2014 18:58:25	51	34	0
Apr 18, 2014 18:58:27	38	50	0
Apr 18, 2014 18:58:28	50	47	0
Apr 18, 2014 18:58:29	53	56	0
Apr 18, 2014 18:58:30	37	57	0
Apr 18, 2014 18:58:31	38	51	0
Apr 18, 2014 18:58:32	23	54	0
Apr 18, 2014 18:58:33	43	38	0
Apr 18, 2014 18:58:34	56	23	0
Apr 18, 2014 18:58:35	61	37	0
Apr 18, 2014 18:58:36	41	50	0
Apr 18, 2014 18:58:37	30	44	0
Apr 18, 2014 18:58:38	29	50	0
Apr 18, 2014 18:58:39	34	43	0
Apr 18, 2014 18:58:40	54	41	0
Apr 18, 2014 18:58:41	60	60	0
Apr 18, 2014 18:58:42	60	60	0
Apr 18, 2014 18:58:43	56	66	0
Apr 18, 2014 18:58:44	41	70	0
Apr 18, 2014 18:58:45	57	61	0
Apr 18, 2014 18:58:46	61	69	0
Apr 18, 2014 18:58:47	61	56	0
Apr 18, 2014 18:58:48	56	57	0
Apr 18, 2014 18:58:49	38	60	0
Apr 18, 2014 18:58:50	50	60	0
Apr 18, 2014 18:58:51	44	60	0
Apr 18, 2014 18:58:52	38	43	0
Apr 18, 2014 18:58:53	41	57	0
Apr 18, 2014 18:58:54	29	57	0
Apr 18, 2014 18:58:55	29	51	0
Apr 18, 2014 18:58:56	38	77	0
Apr 18, 2014 18:58:57	30	50	0
Apr 18, 2014 18:58:58	26	40	0
Apr 18, 2014 18:58:59	21	35	0
Apr 18, 2014 18:59:00	11	21	0
Apr 18, 2014 18:59:01	20	44	0
Apr 18, 2014 18:59:03	20	51	0
Apr 18, 2014 18:59:04	26	60	0
Apr 18, 2014 18:59:05	26	56	0
Apr 18, 2014 18:59:06	20	27	0
Apr 18, 2014 18:59:07	37	29	0
Apr 18, 2014 18:59:08	53	34	0
Apr 18, 2014 18:59:09	56	57	0
Apr 18, 2014 18:59:10	51	60	0
Apr 18, 2014 18:59:11	44	74	0
Apr 18, 2014 18:59:12	30	74	0
Apr 18, 2014 18:59:13	43	63	0
Apr 18, 2014 18:59:14	38	57	0
Apr 18, 2014 18:59:15	30	51	0
Apr 18, 2014 18:59:16	43	44	0
Apr 18, 2014 18:59:17	43	34	0
Apr 18, 2014 18:59:18	60	38	0
Apr 18, 2014 18:59:19	54	23	0
Apr 18, 2014 18:59:20	38	29	0
Apr 18, 2014 18:59:21	26	35	0
Apr 18, 2014 18:59:22	17	38	0
Apr 18, 2014 18:59:23	21	56	0
Apr 18, 2014 18:59:24	35	54	0
Apr 18, 2014 18:59:25	35	51	0
Apr 18, 2014 18:59:26	29	48	0
Apr 18, 2014 18:59:27	17	29	0
Apr 18, 2014 18:59:28	11	38	0
Apr 18, 2014 18:59:29	10	44	0
Apr 18, 2014 18:59:30	3	44	0
Apr 18, 2014 18:59:31	4	56	0
Apr 18, 2014 18:59:32	1	60	0
Apr 18, 2014 18:59:33	1	67	0
Apr 18, 2014 18:59:34	3	66	0
Apr 18, 2014 18:59:35	13	75	0
Apr 18, 2014 18:59:36	23	70	0
Apr 18, 2014 18:59:38	27	75	0
Apr 18, 2014 18:59:39	24	69	0
Apr 18, 2014 18:59:40	20	47	0
Apr 18, 2014 18:59:41	21	41	0
Apr 18, 2014 18:59:42	24	44	0
Apr 18, 2014 18:59:43	13	48	0
Apr 18, 2014 18:59:44	17	53	0
Apr 18, 2014 18:59:45	16	70	0
Apr 18, 2014 18:59:46	8	61	0
Apr 18, 2014 18:59:47	13	47	0
Apr 18, 2014 18:59:48	13	48	0
Apr 18, 2014 18:59:49	10	40	0
Apr 18, 2014 18:59:50	14	43	0
Apr 18, 2014 18:59:51	16	60	0
Apr 18, 2014 18:59:52	14	61	0
Apr 18, 2014 18:59:53	16	69	0
Apr 18, 2014 18:59:54	10	75	0
Apr 18, 2014 18:59:55	8	64	0
Apr 18, 2014 18:59:56	7	56	0
Apr 18, 2014 18:59:57	1	41	0
Apr 18, 2014 18:59:58	4	44	0
Apr 18, 2014 18:59:59	4	41	0
Apr 18, 2014 19:00:00	7	44	0
Apr 18, 2014 19:00:01	17	60	0
Apr 18, 2014 19:00:02	14	63	0
Apr 18, 2014 19:00:03	16	80	0
Apr 18, 2014 19:00:04	11	87	0
Apr 18, 2014 19:00:05	13	74	0
Apr 18, 2014 19:00:06	21	66	0
Apr 18, 2014 19:00:07	20	53	0
Apr 18, 2014 19:00:08	1	38	0
Apr 18, 2014 19:00:09	1	30	0
Apr 18, 2014 19:00:10	1	38	0
Apr 18, 2014 19:00:11	1	29	0
Apr 18, 2014 19:00:12	3	54	0
Apr 18, 2014 19:00:14	1	56	0
Apr 18, 2014 19:00:15	13	54	0
Apr 18, 2014 19:00:16	21	77	0
Apr 18, 2014 19:00:17	16	70	0
Apr 18, 2014 19:00:18	24	84	0
Apr 18, 2014 19:00:19	17	88	0
Apr 18, 2014 19:00:20	17	78	0
Apr 18, 2014 19:00:21	30	77	0
Apr 18, 2014 19:00:22	21	69	0
Apr 18, 2014 19:00:23	21	75	0
Apr 18, 2014 19:00:24	16	75	0
Apr 18, 2014 19:00:25	11	81	0
Apr 18, 2014 19:00:26	3	63	0
Apr 18, 2014 19:00:27	7	44	0
Apr 18, 2014 19:00:28	4	53	0
Apr 18, 2014 19:00:29	1	44	0
Apr 18, 2014 19:00:30	4	53	0
Apr 18, 2014 19:00:31	10	63	0
Apr 18, 2014 19:00:32	10	48	0
Apr 18, 2014 19:00:33	3	38	0
Apr 18, 2014 19:00:34	16	37	0
Apr 18, 2014 19:00:35	14	44	0
Apr 18, 2014 19:00:36	16	60	0
Apr 18, 2014 19:00:37	20	61	0
Apr 18, 2014 19:00:38	10	51	0
Apr 18, 2014 19:00:39	8	38	0
Apr 18, 2014 19:00:40	13	43	0
Apr 18, 2014 19:00:41	23	51	0
Apr 18, 2014 19:00:42	29	51	0
Apr 18, 2014 19:00:43	17	51	0
Apr 18, 2014 19:00:44	20	44	0
Apr 18, 2014 19:00:45	11	37	0
Apr 18, 2014 19:00:46	8	38	0
Apr 18, 2014 19:00:47	21	47	0
Apr 18, 2014 19:00:48	21	51	0
Apr 18, 2014 19:00:50	24	61	0
Apr 18, 2014 19:00:51	26	69	0
Apr 18, 2014 19:00:52	21	57	0
Apr 18, 2014 19:00:53	30	51	0
Apr 18, 2014 19:00:54	26	56	0
Apr 18, 2014 19:00:55	34	56	0
Apr 18, 2014 19:00:56	37	74	0
Apr 18, 2014 19:00:57	20	83	0
Apr 18, 2014 19:00:58	26	61	0
Apr 18, 2014 19:00:59	21	51	0
Apr 18, 2014 19:01:00	8	40	0
Apr 18, 2014 19:01:01	8	40	0
Apr 18, 2014 19:01:02	11	37	0
Apr 18, 2014 19:01:03	13	48	0
Apr 18, 2014 19:01:04	27	54	0
Apr 18, 2014 19:01:05	34	53	0
Apr 18, 2014 19:01:06	37	51	0
Apr 18, 2014 19:01:07	44	41	0
Apr 18, 2014 19:01:08	60	38	0
Apr 18, 2014 19:01:09	44	48	0
Apr 18, 2014 19:01:10	35	44	0
Apr 18, 2014 19:01:11	26	51	0
Apr 18, 2014 19:01:12	29	41	0
Apr 18, 2014 19:01:13	30	30	0
Apr 18, 2014 19:01:14	27	27	0
Apr 18, 2014 19:01:15	27	23	0
Apr 18, 2014 19:01:16	29	37	0
Apr 18, 2014 19:01:17	34	44	0
Apr 18, 2014 19:01:18	35	54	0
Apr 18, 2014 19:01:19	26	53	0
Apr 18, 2014 19:01:20	35	56	0
Apr 18, 2014 19:01:21	35	56	0
Apr 18, 2014 19:01:22	38	50	0
Apr 18, 2014 19:01:23	38	51	0
Apr 18, 2014 19:01:25	27	35	0
Apr 18, 2014 19:01:26	27	34	0
Apr 18, 2014 19:01:27	29	44	0
Apr 18, 2014 19:01:28	26	43	0
Apr 18, 2014 19:01:29	30	57	0
Apr 18, 2014 19:01:30	29	75	0
Apr 18, 2014 19:01:31	27	81	0
Apr 18, 2014 19:01:32	37	90	0
Apr 18, 2014 19:01:33	34	88	0
Apr 18, 2014 19:01:34	34	67	0
Apr 18, 2014 19:01:35	29	54	0
Apr 18, 2014 19:01:36	29	50	0
Apr 18, 2014 19:01:37	24	44	0
Apr 18, 2014 19:01:38	40	50	0
Apr 18, 2014 19:01:39	53	47	0
Apr 18, 2014 19:01:40	57	35	0
Apr 18, 2014 19:01:41	54	47	0
Apr 18, 2014 19:01:42	67	44	0
Apr 18, 2014 19:01:43	77	48	0
Apr 18, 2014 19:01:44	96	64	0
Apr 18, 2014 19:01:45	100	53	0
Apr 18, 2014 19:01:46	97	60	0
Apr 18, 2014 19:01:47	100	54	0
Apr 18, 2014 19:01:48	100	41	0
Apr 18, 2014 19:01:49	93	50	0
Apr 18, 2014 19:01:50	66	48	0
Apr 18, 2014 19:01:51	43	51	0
Apr 18, 2014 19:01:52	29	69	0
Apr 18, 2014 19:01:53	21	66	0
Apr 18, 2014 19:01:54	34	69	0
Apr 18, 2014 19:01:55	35	70	0
Apr 18, 2014 19:01:56	35	66	0
Apr 18, 2014 19:01:57	43	70	0
Apr 18, 2014 19:01:58	47	67	0
Apr 18, 2014 19:01:59	51	69	0
Apr 18, 2014 19:02:01	54	64	0
Apr 18, 2014 19:02:02	53	56	0
Apr 18, 2014 19:02:03	47	56	0
Apr 18, 2014 19:02:04	30	43	0
Apr 18, 2014 19:02:05	30	43	0
Apr 18, 2014 19:02:06	20	57	0
Apr 18, 2014 19:02:07	13	56	0
Apr 18, 2014 19:02:08	17	74	0
Apr 18, 2014 19:02:09	11	77	0
Apr 18, 2014 19:02:10	16	69	0
Apr 18, 2014 19:02:11	20	74	0
Apr 18, 2014 19:02:12	26	61	0
Apr 18, 2014 19:02:13	26	67	0
Apr 18, 2014 19:02:14	29	83	0
Apr 18, 2014 19:02:15	10	75	0
Apr 18, 2014 19:02:16	14	78	0
Apr 18, 2014 19:02:17	10	67	0
Apr 18, 2014 19:02:18	13	51	0
Apr 18, 2014 19:02:19	29	61	0
Apr 18, 2014 19:02:20	30	56	0
Apr 18, 2014 19:02:21	29	54	0
Apr 18, 2014 19:02:22	29	66	0
Apr 18, 2014 19:02:23	29	64	0
Apr 18, 2014 19:02:24	35	74	0
Apr 18, 2014 19:02:25	38	75	0
Apr 18, 2014 19:02:26	37	67	0
Apr 18, 2014 19:02:27	30	53	0
Apr 18, 2014 19:02:28	17	37	0
Apr 18, 2014 19:02:29	17	48	0
Apr 18, 2014 19:02:30	14	47	0
Apr 18, 2014 19:02:31	23	64	0
Apr 18, 2014 19:02:32	27	80	0
Apr 18, 2014 19:02:33	24	66	0
Apr 18, 2014 19:02:34	27	63	0
Apr 18, 2014 19:02:35	34	51	0
Apr 18, 2014 19:02:36	37	40	0
Apr 18, 2014 19:02:38	44	48	0
Apr 18, 2014 19:02:39	34	47	0
Apr 18, 2014 19:02:40	21	60	0
Apr 18, 2014 19:02:41	16	75	0
Apr 18, 2014 19:02:42	14	70	0
Apr 18, 2014 19:02:43	24	83	0
Apr 18, 2014 19:02:44	30	78	0
Apr 18, 2014 19:02:45	24	57	0
Apr 18, 2014 19:02:46	30	48	0
Apr 18, 2014 19:02:47	21	40	0
Apr 18, 2014 19:02:48	11	26	0
Apr 18, 2014 19:02:49	27	48	0
Apr 18, 2014 19:02:50	21	38	0
Apr 18, 2014 19:02:51	27	26	0
Apr 18, 2014 19:02:52	50	23	0
Apr 18, 2014 19:02:53	56	11	0
Apr 18, 2014 19:02:54	61	20	0
Apr 18, 2014 19:02:55	54	17	0
Apr 18, 2014 19:02:56	37	27	0
Apr 18, 2014 19:02:57	11	38	0
Apr 18, 2014 19:02:58	20	48	0
Apr 18, 2014 19:02:59	40	63	0
Apr 18, 2014 19:03:00	63	70	0
Apr 18, 2014 19:03:01	78	61	0
Apr 18, 2014 19:03:02	80	61	0
Apr 18, 2014 19:03:03	70	51	0
Apr 18, 2014 19:03:04	57	34	0
Apr 18, 2014 19:03:05	43	43	0
Apr 18, 2014 19:03:06	27	34	0
Apr 18, 2014 19:03:07	34	47	0
Apr 18, 2014 19:03:08	53	61	0
Apr 18, 2014 19:03:09	70	44	0
Apr 18, 2014 19:03:10	97	41	0
Apr 18, 2014 19:03:11	96	29	0
Apr 18, 2014 19:03:13	83	27	0
Apr 18, 2014 19:03:14	66	57	0
Apr 18, 2014 19:03:15	63	66	0
Apr 18, 2014 19:03:16	74	74	0
Apr 18, 2014 19:03:17	63	66	0
Apr 18, 2014 19:03:18	54	60	0
Apr 18, 2014 19:03:19	53	53	0
Apr 18, 2014 19:03:20	44	56	0
Apr 18, 2014 19:03:21	51	56	0
Apr 18, 2014 19:03:22	54	67	0
Apr 18, 2014 19:03:23	57	70	0
Apr 18, 2014 19:03:24	50	66	0
Apr 18, 2014 19:03:25	34	56	0
Apr 18, 2014 19:03:26	47	50	0
Apr 18, 2014 19:03:27	60	47	0
Apr 18, 2014 19:03:28	57	56	0
Apr 18, 2014 19:03:29	63	61	0
Apr 18, 2014 19:03:30	61	69	0
Apr 18, 2014 19:03:31	41	70	0
Apr 18, 2014 19:03:32	43	50	0
Apr 18, 2014 19:03:33	47	43	0
Apr 18, 2014 19:03:34	26	16	0
Apr 18, 2014 19:03:35	27	14	0
Apr 18, 2014 19:03:36	20	40	0
Apr 18, 2014 19:03:37	29	60	0
Apr 18, 2014 19:03:38	48	81	0
Apr 18, 2014 19:03:39	44	75	0
Apr 18, 2014 19:03:40	48	60	0
Apr 18, 2014 19:03:41	50	44	0
Apr 18, 2014 19:03:42	43	37	0
Apr 18, 2014 19:03:43	40	47	0
Apr 18, 2014 19:03:44	40	56	0
Apr 18, 2014 19:03:45	47	60	0
Apr 18, 2014 19:03:46	43	50	0
Apr 18, 2014 19:03:47	40	41	0
Apr 18, 2014 19:03:49	30	40	0
Apr 18, 2014 19:03:50	20	44	0
Apr 18, 2014 19:03:51	27	48	0
Apr 18, 2014 19:03:52	29	54	0
Apr 18, 2014 19:03:53	24	63	0
Apr 18, 2014 19:03:54	23	51	0
Apr 18, 2014 19:03:55	23	56	0
Apr 18, 2014 19:03:56	16	66	0
Apr 18, 2014 19:03:57	20	74	0
Apr 18, 2014 19:03:58	23	83	0
Apr 18, 2014 19:03:59	21	78	0
Apr 18, 2014 19:04:00	17	64	0
Apr 18, 2014 19:04:01	23	53	0
Apr 18, 2014 19:04:02	34	61	0
Apr 18, 2014 19:04:03	29	75	0
Apr 18, 2014 19:04:04	35	75	0
Apr 18, 2014 19:04:05	30	69	0
Apr 18, 2014 19:04:06	17	69	0
Apr 18, 2014 19:04:07	7	47	0
Apr 18, 2014 19:04:08	7	47	26
Apr 18, 2014 19:04:09	3	51	0
Apr 18, 2014 19:04:10	8	57	0
Apr 18, 2014 19:04:11	23	60	0
Apr 18, 2014 19:04:12	35	83	0
Apr 18, 2014 19:04:13	43	80	0
Apr 18, 2014 19:04:14	30	67	0
Apr 18, 2014 19:04:15	23	57	0
Apr 18, 2014 19:04:16	26	35	0
Apr 18, 2014 19:04:17	37	50	0
Apr 18, 2014 19:04:18	41	53	0
Apr 18, 2014 19:04:19	27	48	0
Apr 18, 2014 19:04:20	29	64	0
Apr 18, 2014 19:04:21	34	64	0
Apr 18, 2014 19:04:22	41	61	0
Apr 18, 2014 19:04:23	75	67	0
Apr 18, 2014 19:04:24	97	53	0
Apr 18, 2014 19:04:26	91	43	0
Apr 18, 2014 19:04:27	100	48	0
Apr 18, 2014 19:04:28	84	64	0
Apr 18, 2014 19:04:29	75	61	0
Apr 18, 2014 19:04:30	77	67	0
Apr 18, 2014 19:04:31	57	77	0
Apr 18, 2014 19:04:32	43	66	0
Apr 18, 2014 19:04:33	26	74	0
Apr 18, 2014 19:04:34	34	67	0
Apr 18, 2014 19:04:35	37	51	0
Apr 18, 2014 19:04:36	38	48	0
Apr 18, 2014 19:04:37	64	47	0
Apr 18, 2014 19:04:38	60	60	0
Apr 18, 2014 19:04:39	63	57	0
Apr 18, 2014 19:04:40	77	54	0
Apr 18, 2014 19:04:41	77	54	0
Apr 18, 2014 19:04:42	69	43	0
Apr 18, 2014 19:04:43	81	43	0
Apr 18, 2014 19:04:44	81	50	0
Apr 18, 2014 19:04:45	70	61	0
Apr 18, 2014 19:04:46	88	69	0
Apr 18, 2014 19:04:47	90	64	0
Apr 18, 2014 19:04:48	81	51	0
Apr 18, 2014 19:04:49	84	47	0
Apr 18, 2014 19:04:50	66	48	0
Apr 18, 2014 19:04:51	51	44	0
Apr 18, 2014 19:04:52	66	53	0
Apr 18, 2014 19:04:53	51	66	0
Apr 18, 2014 19:04:54	48	75	0
Apr 18, 2014 19:04:55	67	74	0
Apr 18, 2014 19:04:56	64	74	0
Apr 18, 2014 19:04:57	69	53	0
Apr 18, 2014 19:04:58	61	53	0
Apr 18, 2014 19:04:59	30	63	0
Apr 18, 2014 19:05:01	3	53	0
Apr 18, 2014 19:05:02	1	67	0
Apr 18, 2014 19:05:03	11	50	0
Apr 18, 2014 19:05:04	38	41	0
Apr 18, 2014 19:05:05	60	50	0
Apr 18, 2014 19:05:06	57	43	0
Apr 18, 2014 19:05:07	54	48	0
Apr 18, 2014 19:05:08	40	57	0
Apr 18, 2014 19:05:09	41	61	0
Apr 18, 2014 19:05:10	38	70	0
Apr 18, 2014 19:05:11	41	61	0
Apr 18, 2014 19:05:12	40	54	0
Apr 18, 2014 19:05:13	30	54	0
Apr 18, 2014 19:05:14	29	51	0
Apr 18, 2014 19:05:15	29	61	0
Apr 18, 2014 19:05:16	37	61	0
Apr 18, 2014 19:05:17	38	38	0
Apr 18, 2014 19:05:18	50	40	0
Apr 18, 2014 19:05:19	69	27	0
Apr 18, 2014 19:05:20	78	37	0
Apr 18, 2014 19:05:21	87	30	0
Apr 18, 2014 19:05:22	80	41	0
Apr 18, 2014 19:05:23	69	56	0
Apr 18, 2014 19:05:24	84	61	0
Apr 18, 2014 19:05:25	93	69	0
Apr 18, 2014 19:05:26	100	66	0
Apr 18, 2014 19:05:27	100	67	0
Apr 18, 2014 19:05:28	93	56	0
Apr 18, 2014 19:05:29	91	57	0
Apr 18, 2014 19:05:30	94	56	0
Apr 18, 2014 19:05:31	100	53	0
Apr 18, 2014 19:05:32	100	64	0
Apr 18, 2014 19:05:33	100	56	0
Apr 18, 2014 19:05:34	78	57	0
Apr 18, 2014 19:05:35	69	60	0
Apr 18, 2014 19:05:37	51	56	0
Apr 18, 2014 19:05:38	57	70	0
Apr 18, 2014 19:05:39	70	63	0
Apr 18, 2014 19:05:40	74	60	0
Apr 18, 2014 19:05:41	84	56	0
Apr 18, 2014 19:05:42	87	51	0
Apr 18, 2014 19:05:43	66	51	0
Apr 18, 2014 19:05:44	64	56	0
Apr 18, 2014 19:05:45	54	56	0
Apr 18, 2014 19:05:46	41	51	0
Apr 18, 2014 19:05:47	50	50	0
Apr 18, 2014 19:05:48	54	50	0
Apr 18, 2014 19:05:49	83	61	0
Apr 18, 2014 19:05:50	91	51	0
Apr 18, 2014 19:05:51	93	47	0
Apr 18, 2014 19:05:52	91	48	0
Apr 18, 2014 19:05:53	84	43	0
Apr 18, 2014 19:05:54	87	66	0
Apr 18, 2014 19:05:55	75	75	0
Apr 18, 2014 19:05:56	57	70	0
Apr 18, 2014 19:05:57	67	63	0
Apr 18, 2014 19:05:58	57	47	0
Apr 18, 2014 19:05:59	75	40	0
Apr 18, 2014 19:06:00	84	51	0
Apr 18, 2014 19:06:01	77	53	0
Apr 18, 2014 19:06:02	70	57	0
Apr 18, 2014 19:06:03	53	51	0
Apr 18, 2014 19:06:04	38	44	0
Apr 18, 2014 19:06:05	43	44	0
Apr 18, 2014 19:06:06	53	56	0
Apr 18, 2014 19:06:07	51	56	0
Apr 18, 2014 19:06:08	56	61	0
Apr 18, 2014 19:06:09	51	60	0
Apr 18, 2014 19:06:10	44	30	0
Apr 18, 2014 19:06:11	41	37	0
Apr 18, 2014 19:06:13	37	34	0
Apr 18, 2014 19:06:14	34	44	0
Apr 18, 2014 19:06:15	34	57	0
Apr 18, 2014 19:06:16	27	48	0
Apr 18, 2014 19:06:17	38	53	0
Apr 18, 2014 19:06:18	37	41	0
Apr 18, 2014 19:06:19	41	51	0
Apr 18, 2014 19:06:20	43	54	0
Apr 18, 2014 19:06:21	53	61	0
Apr 18, 2014 19:06:22	57	54	0
Apr 18, 2014 19:06:23	75	50	0
Apr 18, 2014 19:06:24	75	51	0
Apr 18, 2014 19:06:25	70	50	0
Apr 18, 2014 19:06:26	67	61	0
Apr 18, 2014 19:06:27	48	66	0
Apr 18, 2014 19:06:28	47	70	0
Apr 18, 2014 19:06:29	30	64	0
Apr 18, 2014 19:06:30	20	41	0
Apr 18, 2014 19:06:31	16	23	0
Apr 18, 2014 19:06:32	16	23	0
Apr 18, 2014 19:06:33	35	24	0
Apr 18, 2014 19:06:34	35	27	0
Apr 18, 2014 19:06:35	38	40	0
Apr 18, 2014 19:06:36	43	30	0
Apr 18, 2014 19:06:37	38	37	0
Apr 18, 2014 19:06:38	41	48	0
Apr 18, 2014 19:06:39	40	47	0
Apr 18, 2014 19:06:40	40	70	0
Apr 18, 2014 19:06:41	40	77	0
Apr 18, 2014 19:06:42	51	75	0
Apr 18, 2014 19:06:43	57	67	0
Apr 18, 2014 19:06:44	54	54	0
Apr 18, 2014 19:06:45	61	43	0
Apr 18, 2014 19:06:47	53	44	0
Apr 18, 2014 19:06:48	64	47	0
Apr 18, 2014 19:06:49	61	47	0
Apr 18, 2014 19:06:50	69	48	0
Apr 18, 2014 19:06:51	75	54	0
Apr 18, 2014 19:06:52	81	51	0
Apr 18, 2014 19:06:53	81	51	0
Apr 18, 2014 19:06:54	94	41	0
Apr 18, 2014 19:06:55	96	30	0
Apr 18, 2014 19:06:56	87	38	0
Apr 18, 2014 19:06:57	97	40	0
Apr 18, 2014 19:06:58	90	51	0
Apr 18, 2014 19:06:59	94	43	0
Apr 18, 2014 19:07:00	100	43	0
Apr 18, 2014 19:07:01	87	48	0
Apr 18, 2014 19:07:02	74	47	0
Apr 18, 2014 19:07:03	70	53	0
Apr 18, 2014 19:07:04	60	51	0
Apr 18, 2014 19:07:05	56	50	0
Apr 18, 2014 19:07:06	63	44	0
Apr 18, 2014 19:07:07	57	51	0
Apr 18, 2014 19:07:08	69	53	0
Apr 18, 2014 19:07:09	63	53	0
Apr 18, 2014 19:07:10	51	48	0
Apr 18, 2014 19:07:11	35	41	0
Apr 18, 2014 19:07:12	30	38	0
Apr 18, 2014 19:07:13	37	40	0
Apr 18, 2014 19:07:14	37	38	0
Apr 18, 2014 19:07:15	40	38	0
Apr 18, 2014 19:07:16	48	44	0
Apr 18, 2014 19:07:17	50	43	0
Apr 18, 2014 19:07:18	48	61	0
Apr 18, 2014 19:07:19	24	67	0
Apr 18, 2014 19:07:20	17	87	0
Apr 18, 2014 19:07:21	11	83	0
Apr 18, 2014 19:07:23	16	83	0
Apr 18, 2014 19:07:24	16	84	0
Apr 18, 2014 19:07:25	21	70	0
Apr 18, 2014 19:07:26	21	61	0
Apr 18, 2014 19:07:27	14	41	0
Apr 18, 2014 19:07:28	16	24	0
Apr 18, 2014 19:07:29	3	24	0
Apr 18, 2014 19:07:30	20	26	0
Apr 18, 2014 19:07:31	27	37	0
Apr 18, 2014 19:07:32	37	47	0
Apr 18, 2014 19:07:33	43	53	0
Apr 18, 2014 19:07:34	34	56	0
Apr 18, 2014 19:07:35	37	61	0
Apr 18, 2014 19:07:36	34	51	0
Apr 18, 2014 19:07:37	37	35	0
Apr 18, 2014 19:07:38	48	44	0
Apr 18, 2014 19:07:39	41	34	0
Apr 18, 2014 19:07:40	43	47	0
Apr 18, 2014 19:07:41	38	38	0
Apr 18, 2014 19:07:42	29	27	0
Apr 18, 2014 19:07:43	20	38	0
Apr 18, 2014 19:07:44	21	54	0
Apr 18, 2014 19:07:45	26	70	0
Apr 18, 2014 19:07:51	64	74	0
Apr 18, 2014 19:07:52	64	80	0
Apr 18, 2014 19:07:53	66	80	0
Apr 18, 2014 19:07:54	61	69	0
Apr 18, 2014 19:07:55	47	63	0
Apr 18, 2014 19:07:56	41	41	0
Apr 18, 2014 19:07:57	34	50	0
Apr 18, 2014 19:07:58	27	48	0
Apr 18, 2014 19:07:59	29	50	0
Apr 18, 2014 19:08:00	11	57	0
Apr 18, 2014 19:08:01	26	50	0
Apr 18, 2014 19:08:02	40	51	0
Apr 18, 2014 19:08:03	38	43	0
Apr 18, 2014 19:08:04	40	40	0
Apr 18, 2014 19:08:06	34	54	0
Apr 18, 2014 19:08:07	34	53	0
Apr 18, 2014 19:08:08	29	47	0
Apr 18, 2014 19:08:09	30	40	0
Apr 18, 2014 19:08:10	38	17	0
Apr 18, 2014 19:08:11	30	26	0
Apr 18, 2014 19:08:12	35	47	0
Apr 18, 2014 19:08:13	41	50	0
Apr 18, 2014 19:08:14	38	64	0
Apr 18, 2014 19:08:15	47	74	0
Apr 18, 2014 19:08:16	66	64	0
Apr 18, 2014 19:08:17	63	70	0
Apr 18, 2014 19:08:18	75	74	0
Apr 18, 2014 19:08:19	81	64	0
Apr 18, 2014 19:08:20	75	63	0
Apr 18, 2014 19:08:21	81	66	0
Apr 18, 2014 19:08:22	70	67	0
Apr 18, 2014 19:08:23	63	66	0
Apr 18, 2014 19:08:24	43	63	0
Apr 18, 2014 19:08:25	43	63	26
Apr 18, 2014 19:08:26	43	63	26
Apr 18, 2014 19:08:27	37	50	0
Apr 18, 2014 19:08:28	21	44	0
Apr 18, 2014 19:08:29	34	44	0
Apr 18, 2014 19:08:30	21	51	0
Apr 18, 2014 19:08:31	23	44	0
Apr 18, 2014 19:08:32	27	44	0
Apr 18, 2014 19:08:33	27	50	0
Apr 18, 2014 19:08:34	51	43	0
Apr 18, 2014 19:08:35	63	50	0
Apr 18, 2014 19:08:36	88	44	0
Apr 18, 2014 19:08:37	96	44	0
Apr 18, 2014 19:08:38	83	51	0
Apr 18, 2014 19:08:39	70	35	0
Apr 18, 2014 19:08:40	47	38	0
Apr 18, 2014 19:08:42	35	30	0
Apr 18, 2014 19:08:43	41	30	0
Apr 18, 2014 19:08:44	41	40	0
Apr 18, 2014 19:08:45	41	40	26
Apr 18, 2014 19:08:46	50	37	0
Apr 18, 2014 19:08:47	53	43	0
Apr 18, 2014 19:08:48	50	47	0
Apr 18, 2014 19:08:49	57	50	0
Apr 18, 2014 19:08:50	60	48	0
Apr 18, 2014 19:08:51	66	53	0
Apr 18, 2014 19:08:52	78	48	0
Apr 18, 2014 19:08:53	66	54	0
Apr 18, 2014 19:08:54	67	61	0
Apr 18, 2014 19:08:55	66	51	0
Apr 18, 2014 19:08:56	51	51	0
Apr 18, 2014 19:08:57	60	54	0
Apr 18, 2014 19:08:58	50	53	0
Apr 18, 2014 19:08:59	40	70	0
Apr 18, 2014 19:09:00	48	60	0
Apr 18, 2014 19:09:01	67	63	0
Apr 18, 2014 19:09:02	77	63	0
Apr 18, 2014 19:09:03	84	51	0
Apr 18, 2014 19:09:04	77	61	0
Apr 18, 2014 19:09:05	63	64	0
Apr 18, 2014 19:09:06	53	69	0
Apr 18, 2014 19:09:07	43	69	0
Apr 18, 2014 19:09:08	37	48	0
Apr 18, 2014 19:09:09	30	44	0
Apr 18, 2014 19:09:10	29	44	0
Apr 18, 2014 19:09:11	35	43	0
Apr 18, 2014 19:09:12	50	41	0
Apr 18, 2014 19:09:13	50	48	0
Apr 18, 2014 19:09:14	56	47	0
Apr 18, 2014 19:09:15	47	48	0
Apr 18, 2014 19:09:17	21	64	0
Apr 18, 2014 19:09:18	17	57	0
Apr 18, 2014 19:09:19	14	56	0
Apr 18, 2014 19:09:20	20	57	0
Apr 18, 2014 19:09:21	34	53	0
Apr 18, 2014 19:09:22	44	66	0
Apr 18, 2014 19:09:23	48	69	0
Apr 18, 2014 19:09:24	51	69	0
Apr 18, 2014 19:09:25	43	69	0
Apr 18, 2014 19:09:26	40	54	0
Apr 18, 2014 19:09:27	35	61	0
Apr 18, 2014 19:09:28	27	64	0
Apr 18, 2014 19:09:29	21	78	0
Apr 18, 2014 19:09:30	17	70	0
Apr 18, 2014 19:09:31	20	48	0
Apr 18, 2014 19:09:32	21	44	0
Apr 18, 2014 19:09:33	21	48	0
Apr 18, 2014 19:09:34	16	27	0
Apr 18, 2014 19:09:35	17	38	0
Apr 18, 2014 19:09:36	30	41	0
Apr 18, 2014 19:09:37	40	40	0
Apr 18, 2014 19:09:38	54	67	0
Apr 18, 2014 19:09:39	53	63	0
Apr 18, 2014 19:09:40	35	50	0
Apr 18, 2014 19:09:41	29	53	0
Apr 18, 2014 19:09:42	27	35	0
Apr 18, 2014 19:09:43	24	48	0
Apr 18, 2014 19:09:44	41	53	0
Apr 18, 2014 19:09:45	53	48	0
Apr 18, 2014 19:09:46	54	54	0
Apr 18, 2014 19:09:47	74	57	0
Apr 18, 2014 19:09:48	63	56	0
Apr 18, 2014 19:09:49	48	54	0
Apr 18, 2014 19:09:50	53	53	0
Apr 18, 2014 19:09:51	50	44	0
Apr 18, 2014 19:09:53	51	53	0
Apr 18, 2014 19:09:54	64	60	0
Apr 18, 2014 19:09:55	70	51	0
Apr 18, 2014 19:09:56	63	61	0
Apr 18, 2014 19:09:57	60	47	0
Apr 18, 2014 19:09:58	51	29	0
Apr 18, 2014 19:09:59	47	40	0
Apr 18, 2014 19:10:00	51	35	0
Apr 18, 2014 19:10:01	44	44	0
Apr 18, 2014 19:10:02	29	30	0
Apr 18, 2014 19:10:03	53	41	0
Apr 18, 2014 19:10:04	61	41	0
Apr 18, 2014 19:10:05	61	53	0
Apr 18, 2014 19:10:06	66	67	0
Apr 18, 2014 19:10:07	64	67	0
Apr 18, 2014 19:10:08	51	74	0
Apr 18, 2014 19:10:09	67	56	0
Apr 18, 2014 19:10:10	84	50	0
Apr 18, 2014 19:10:11	63	35	0
Apr 18, 2014 19:10:12	74	34	0
Apr 18, 2014 19:10:13	69	48	0
Apr 18, 2014 19:10:14	56	54	0
Apr 18, 2014 19:10:15	54	60	0
Apr 18, 2014 19:10:16	44	54	0
Apr 18, 2014 19:10:17	34	29	0
Apr 18, 2014 19:10:18	41	27	0
Apr 18, 2014 19:10:19	48	38	0
Apr 18, 2014 19:10:20	47	34	0
Apr 18, 2014 19:10:21	43	48	0
Apr 18, 2014 19:10:22	38	56	0
Apr 18, 2014 19:10:23	38	44	0
Apr 18, 2014 19:10:24	40	61	0
Apr 18, 2014 19:10:25	54	60	0
Apr 18, 2014 19:10:26	61	53	0
Apr 18, 2014 19:10:27	56	63	0
Apr 18, 2014 19:10:29	56	47	0
Apr 18, 2014 19:10:30	38	64	0
Apr 18, 2014 19:10:31	38	63	0
Apr 18, 2014 19:10:32	40	77	0
Apr 18, 2014 19:10:33	30	63	0
Apr 18, 2014 19:10:34	24	56	0
Apr 18, 2014 19:10:35	23	47	0
Apr 18, 2014 19:10:36	10	27	0
Apr 18, 2014 19:10:37	30	37	0
Apr 18, 2014 19:10:38	40	20	0
Apr 18, 2014 19:10:39	38	40	0
Apr 18, 2014 19:10:40	60	57	0
