Apr 17, 2014 15:49:04	44	64	0
Apr 17, 2014 15:49:05	50	67	0
Apr 17, 2014 15:49:06	53	50	0
Apr 17, 2014 15:49:07	51	53	0
Apr 17, 2014 15:49:08	57	41	0
Apr 17, 2014 15:49:09	64	48	0
Apr 17, 2014 15:49:10	54	43	0
Apr 17, 2014 15:49:11	56	56	0
Apr 17, 2014 15:49:12	47	48	0
Apr 17, 2014 15:49:13	53	41	0
Apr 17, 2014 15:49:14	57	37	0
Apr 17, 2014 15:49:15	66	40	0
Apr 17, 2014 15:49:16	87	54	0
Apr 17, 2014 15:49:17	84	64	0
Apr 17, 2014 15:49:18	83	78	0
Apr 17, 2014 15:49:19	84	69	0
Apr 17, 2014 15:49:20	81	70	0
Apr 17, 2014 15:49:21	78	75	0
Apr 17, 2014 15:49:22	70	78	0
Apr 17, 2014 15:49:23	51	75	0
Apr 17, 2014 15:49:24	51	75	26
Apr 17, 2014 15:49:25	40	64	0
Apr 17, 2014 15:49:26	26	61	0
Apr 17, 2014 15:49:27	17	57	0
Apr 17, 2014 15:49:28	21	78	0
Apr 17, 2014 15:49:29	34	83	0
Apr 17, 2014 15:49:30	41	83	0
Apr 17, 2014 15:49:31	57	91	0
Apr 17, 2014 15:49:32	74	69	0
Apr 17, 2014 15:49:33	69	81	0
Apr 17, 2014 15:49:34	75	93	0
Apr 17, 2014 15:49:36	70	91	0
Apr 17, 2014 15:49:37	61	100	0
Apr 17, 2014 15:49:38	66	91	0
Apr 17, 2014 15:49:39	84	43	0
Apr 17, 2014 15:49:40	84	40	0
Apr 17, 2014 15:49:41	80	47	0
Apr 17, 2014 15:49:42	57	48	0
Apr 17, 2014 15:49:43	61	56	0
Apr 17, 2014 15:49:44	69	60	0
Apr 17, 2014 15:49:45	75	57	0
Apr 17, 2014 15:49:46	87	80	0
Apr 17, 2014 15:49:47	74	90	0
Apr 17, 2014 15:49:48	74	90	26
Apr 17, 2014 15:49:49	74	90	26
Apr 17, 2014 15:49:50	56	94	0
Apr 17, 2014 15:49:51	47	94	0
Apr 17, 2014 15:49:52	40	74	0
Apr 17, 2014 15:49:53	38	48	0
Apr 17, 2014 15:49:54	56	47	0
Apr 17, 2014 15:49:55	69	44	0
Apr 17, 2014 15:49:56	75	43	0
Apr 17, 2014 15:49:57	93	60	0
Apr 17, 2014 15:49:58	84	47	0
Apr 17, 2014 15:49:59	61	47	0
Apr 17, 2014 15:50:00	63	70	0
Apr 17, 2014 15:50:01	63	67	0
Apr 17, 2014 15:50:02	75	69	0
Apr 17, 2014 15:50:03	87	56	0
Apr 17, 2014 15:50:04	83	48	0
Apr 17, 2014 15:50:05	78	44	0
Apr 17, 2014 15:50:06	77	47	0
Apr 17, 2014 15:50:08	69	50	0
Apr 17, 2014 15:50:09	75	53	0
Apr 17, 2014 15:50:10	81	75	0
Apr 17, 2014 15:50:11	87	74	0
Apr 17, 2014 15:50:12	100	60	0
Apr 17, 2014 15:50:13	100	63	0
Apr 17, 2014 15:50:14	94	60	0
Apr 17, 2014 15:50:15	91	64	0
Apr 17, 2014 15:50:16	80	75	0
Apr 17, 2014 15:50:17	81	75	0
Apr 17, 2014 15:50:18	90	75	0
Apr 17, 2014 15:50:19	83	78	0
Apr 17, 2014 15:50:20	70	70	0
Apr 17, 2014 15:50:21	60	70	0
Apr 17, 2014 15:50:22	53	64	0
Apr 17, 2014 15:50:23	57	64	0
Apr 17, 2014 15:50:24	81	64	0
Apr 17, 2014 15:50:25	93	61	0
Apr 17, 2014 15:50:26	100	66	0
Apr 17, 2014 15:50:27	100	57	0
Apr 17, 2014 15:50:28	88	74	0
Apr 17, 2014 15:50:29	80	81	0
Apr 17, 2014 15:50:30	67	74	0
Apr 17, 2014 15:50:31	66	70	0
Apr 17, 2014 15:50:32	63	57	0
Apr 17, 2014 15:50:33	56	56	0
Apr 17, 2014 15:50:34	69	57	0
Apr 17, 2014 15:50:35	70	67	0
Apr 17, 2014 15:50:36	80	77	0
Apr 17, 2014 15:50:37	81	88	0
Apr 17, 2014 15:50:38	77	94	0
Apr 17, 2014 15:50:39	70	84	0
Apr 17, 2014 15:50:40	77	70	0
Apr 17, 2014 15:50:41	61	50	0
Apr 17, 2014 15:50:42	64	37	0
Apr 17, 2014 15:50:44	74	38	0
Apr 17, 2014 15:50:45	70	38	0
Apr 17, 2014 15:50:46	90	47	0
Apr 17, 2014 15:50:47	97	37	0
Apr 17, 2014 15:50:48	100	26	0
Apr 17, 2014 15:50:49	100	24	0
Apr 17, 2014 15:50:50	100	30	0
Apr 17, 2014 15:50:51	100	38	0
Apr 17, 2014 15:50:52	91	60	0
Apr 17, 2014 15:50:53	75	67	0
Apr 17, 2014 15:50:54	78	56	0
Apr 17, 2014 15:50:55	80	61	0
Apr 17, 2014 15:50:56	84	50	0
Apr 17, 2014 15:50:57	94	50	0
Apr 17, 2014 15:50:58	78	54	0
Apr 17, 2014 15:50:59	70	61	0
Apr 17, 2014 15:51:00	70	63	0
Apr 17, 2014 15:51:01	88	53	0
Apr 17, 2014 15:51:02	96	54	0
Apr 17, 2014 15:51:03	96	51	0
Apr 17, 2014 15:51:04	100	47	0
Apr 17, 2014 15:51:05	97	51	0
Apr 17, 2014 15:51:06	100	50	0
Apr 17, 2014 15:51:07	97	51	0
Apr 17, 2014 15:51:08	100	48	0
Apr 17, 2014 15:51:09	96	60	0
Apr 17, 2014 15:51:10	78	47	0
Apr 17, 2014 15:51:11	74	43	0
Apr 17, 2014 15:51:12	51	44	0
Apr 17, 2014 15:51:13	48	40	0
Apr 17, 2014 15:51:14	67	51	0
Apr 17, 2014 15:51:15	69	54	0
Apr 17, 2014 15:51:16	69	54	0
Apr 17, 2014 15:51:18	53	51	0
Apr 17, 2014 15:51:19	50	48	0
Apr 17, 2014 15:51:20	54	56	0
Apr 17, 2014 15:51:21	64	70	0
Apr 17, 2014 15:51:22	61	64	0
Apr 17, 2014 15:51:23	60	60	0
Apr 17, 2014 15:51:24	43	67	0
Apr 17, 2014 15:51:25	41	56	0
Apr 17, 2014 15:51:26	38	56	0
Apr 17, 2014 15:51:27	29	63	0
Apr 17, 2014 15:51:28	41	50	0
Apr 17, 2014 15:51:29	50	54	0
Apr 17, 2014 15:51:30	66	48	0
Apr 17, 2014 15:51:31	83	43	0
Apr 17, 2014 15:51:32	88	40	0
Apr 17, 2014 15:51:33	100	37	0
Apr 17, 2014 15:51:34	100	43	0
Apr 17, 2014 15:51:35	100	43	0
Apr 17, 2014 15:51:36	77	57	0
Apr 17, 2014 15:51:37	83	53	0
Apr 17, 2014 15:51:38	90	57	0
Apr 17, 2014 15:51:39	91	56	0
Apr 17, 2014 15:51:40	83	43	0
Apr 17, 2014 15:51:41	69	54	0
Apr 17, 2014 15:51:42	74	51	0
Apr 17, 2014 15:51:43	84	60	0
Apr 17, 2014 15:51:44	94	75	0
Apr 17, 2014 15:51:45	100	63	0
Apr 17, 2014 15:51:46	94	75	0
Apr 17, 2014 15:51:47	93	83	0
Apr 17, 2014 15:51:48	93	83	0
Apr 17, 2014 15:51:49	90	93	0
Apr 17, 2014 15:51:51	94	87	0
Apr 17, 2014 15:51:52	83	83	0
Apr 17, 2014 15:51:53	87	81	0
Apr 17, 2014 15:51:54	87	93	0
Apr 17, 2014 15:51:55	84	94	0
Apr 17, 2014 15:51:56	75	78	0
Apr 17, 2014 15:51:57	70	70	0
Apr 17, 2014 15:51:58	64	61	0
Apr 17, 2014 15:51:59	57	66	0
Apr 17, 2014 15:52:00	66	74	0
Apr 17, 2014 15:52:01	60	90	0
Apr 17, 2014 15:52:02	67	57	0
Apr 17, 2014 15:52:03	77	53	0
Apr 17, 2014 15:52:04	90	63	0
Apr 17, 2014 15:52:05	100	51	0
Apr 17, 2014 15:52:06	96	57	0
Apr 17, 2014 15:52:07	97	50	0
Apr 17, 2014 15:52:08	97	47	0
Apr 17, 2014 15:52:09	100	56	0
Apr 17, 2014 15:52:10	100	66	0
Apr 17, 2014 15:52:11	100	69	0
Apr 17, 2014 15:52:12	77	64	0
Apr 17, 2014 15:52:13	75	70	0
Apr 17, 2014 15:52:14	57	74	0
Apr 17, 2014 15:52:15	56	81	0
Apr 17, 2014 15:52:16	70	80	0
Apr 17, 2014 15:52:17	74	74	0
Apr 17, 2014 15:52:18	78	69	0
Apr 17, 2014 15:52:19	93	63	0
Apr 17, 2014 15:52:20	97	74	0
Apr 17, 2014 15:52:21	96	75	0
Apr 17, 2014 15:52:22	100	75	0
Apr 17, 2014 15:52:23	91	77	0
Apr 17, 2014 15:52:25	93	77	0
Apr 17, 2014 15:52:26	94	70	0
Apr 17, 2014 15:52:27	70	74	0
Apr 17, 2014 15:52:28	66	77	0
Apr 17, 2014 15:52:29	61	81	0
Apr 17, 2014 15:52:30	35	80	0
Apr 17, 2014 15:52:31	47	67	0
Apr 17, 2014 15:52:32	43	51	0
Apr 17, 2014 15:52:33	43	50	0
Apr 17, 2014 15:52:34	61	54	0
Apr 17, 2014 15:52:35	67	69	0
Apr 17, 2014 15:52:36	84	77	0
Apr 17, 2014 15:52:37	96	64	0
Apr 17, 2014 15:52:38	96	57	0
Apr 17, 2014 15:52:39	88	54	0
Apr 17, 2014 15:52:40	88	51	0
Apr 17, 2014 15:52:41	80	63	0
Apr 17, 2014 15:52:42	67	64	0
Apr 17, 2014 15:52:43	63	69	0
Apr 17, 2014 15:52:44	57	77	0
Apr 17, 2014 15:52:45	57	83	0
Apr 17, 2014 15:52:46	75	87	0
Apr 17, 2014 15:52:47	78	80	0
Apr 17, 2014 15:52:48	67	64	0
Apr 17, 2014 15:52:49	60	66	0
Apr 17, 2014 15:52:50	41	66	0
Apr 17, 2014 15:52:51	29	74	0
Apr 17, 2014 15:52:52	38	80	0
Apr 17, 2014 15:52:53	54	77	0
Apr 17, 2014 15:52:54	51	74	0
Apr 17, 2014 15:52:55	57	77	0
Apr 17, 2014 15:52:56	57	77	0
Apr 17, 2014 15:52:57	53	74	0
Apr 17, 2014 15:52:59	66	67	0
Apr 17, 2014 15:53:00	63	60	0
Apr 17, 2014 15:53:01	51	56	0
Apr 17, 2014 15:53:02	56	57	0
Apr 17, 2014 15:53:03	64	60	0
Apr 17, 2014 15:53:04	77	60	0
Apr 17, 2014 15:53:05	100	61	0
Apr 17, 2014 15:53:06	100	56	0
Apr 17, 2014 15:53:07	97	63	0
Apr 17, 2014 15:53:08	75	61	0
Apr 17, 2014 15:53:09	50	70	0
Apr 17, 2014 15:53:10	37	69	0
Apr 17, 2014 15:53:11	41	66	0
Apr 17, 2014 15:53:12	43	63	0
Apr 17, 2014 15:53:13	44	43	0
Apr 17, 2014 15:53:14	61	47	0
Apr 17, 2014 15:53:15	56	57	0
Apr 17, 2014 15:53:16	61	61	0
Apr 17, 2014 15:53:17	80	70	0
Apr 17, 2014 15:53:18	88	66	0
Apr 17, 2014 15:53:19	100	56	0
Apr 17, 2014 15:53:20	100	57	0
Apr 17, 2014 15:53:21	100	47	0
Apr 17, 2014 15:53:22	100	51	0
Apr 17, 2014 15:53:23	100	54	0
Apr 17, 2014 15:53:24	100	63	0
Apr 17, 2014 15:53:25	96	66	0
Apr 17, 2014 15:53:26	88	64	0
Apr 17, 2014 15:53:27	74	40	0
Apr 17, 2014 15:53:28	78	29	0
Apr 17, 2014 15:53:29	70	30	0
Apr 17, 2014 15:53:30	69	35	0
Apr 17, 2014 15:53:31	81	63	0
Apr 17, 2014 15:53:32	69	69	0
Apr 17, 2014 15:53:34	70	70	0
Apr 17, 2014 15:53:35	61	75	0
Apr 17, 2014 15:53:36	51	61	0
Apr 17, 2014 15:53:37	40	64	0
Apr 17, 2014 15:53:38	43	70	0
Apr 17, 2014 15:53:39	38	63	0
Apr 17, 2014 15:53:40	43	61	0
Apr 17, 2014 15:53:41	38	63	0
Apr 17, 2014 15:53:42	26	77	0
Apr 17, 2014 15:53:43	26	70	0
Apr 17, 2014 15:53:44	38	75	0
Apr 17, 2014 15:53:45	29	78	0
Apr 17, 2014 15:53:46	24	63	0
Apr 17, 2014 15:53:47	24	61	0
Apr 17, 2014 15:53:48	17	70	0
Apr 17, 2014 15:53:49	47	77	0
Apr 17, 2014 15:53:50	64	70	0
Apr 17, 2014 15:53:51	78	77	0
Apr 17, 2014 15:53:52	90	78	0
Apr 17, 2014 15:53:53	88	70	0
Apr 17, 2014 15:53:54	88	84	0
Apr 17, 2014 15:53:55	90	69	0
Apr 17, 2014 15:53:56	90	69	0
Apr 17, 2014 15:53:57	97	50	0
Apr 17, 2014 15:53:58	100	50	0
Apr 17, 2014 15:53:59	78	57	0
Apr 17, 2014 15:54:00	66	60	0
Apr 17, 2014 15:54:01	56	74	0
Apr 17, 2014 15:54:02	54	67	0
Apr 17, 2014 15:54:03	77	66	0
Apr 17, 2014 15:54:04	88	67	0
Apr 17, 2014 15:54:05	77	83	0
Apr 17, 2014 15:54:07	69	81	0
Apr 17, 2014 15:54:08	78	69	0
Apr 17, 2014 15:54:09	77	75	0
Apr 17, 2014 15:54:10	93	53	0
Apr 17, 2014 15:54:11	93	54	0
Apr 17, 2014 15:54:12	74	53	0
Apr 17, 2014 15:54:13	63	61	0
Apr 17, 2014 15:54:14	64	64	0
Apr 17, 2014 15:54:15	69	67	0
Apr 17, 2014 15:54:16	90	77	0
Apr 17, 2014 15:54:17	81	53	0
Apr 17, 2014 15:54:18	67	63	0
Apr 17, 2014 15:54:19	64	60	0
Apr 17, 2014 15:54:20	63	54	0
Apr 17, 2014 15:54:21	78	69	0
Apr 17, 2014 15:54:22	88	66	0
Apr 17, 2014 15:54:23	91	70	0
Apr 17, 2014 15:54:24	94	80	0
Apr 17, 2014 15:54:25	100	81	0
Apr 17, 2014 15:54:26	94	83	0
Apr 17, 2014 15:54:27	88	81	0
Apr 17, 2014 15:54:28	81	78	0
Apr 17, 2014 15:54:29	70	83	0
Apr 17, 2014 15:54:30	60	80	0
Apr 17, 2014 15:54:31	66	74	0
Apr 17, 2014 15:54:32	63	64	0
Apr 17, 2014 15:54:33	53	61	0
Apr 17, 2014 15:54:34	67	70	0
Apr 17, 2014 15:54:35	78	69	0
Apr 17, 2014 15:54:36	91	66	0
Apr 17, 2014 15:54:37	81	66	0
Apr 17, 2014 15:54:38	69	61	0
Apr 17, 2014 15:54:39	54	81	0
Apr 17, 2014 15:54:40	53	70	0
Apr 17, 2014 15:54:42	66	67	0
Apr 17, 2014 15:54:43	77	64	0
Apr 17, 2014 15:54:44	88	50	0
Apr 17, 2014 15:54:45	93	57	0
Apr 17, 2014 15:54:46	93	56	0
Apr 17, 2014 15:54:47	100	61	0
Apr 17, 2014 15:54:48	100	66	0
Apr 17, 2014 15:54:49	100	67	0
Apr 17, 2014 15:54:50	100	67	0
Apr 17, 2014 15:54:51	83	75	0
Apr 17, 2014 15:54:52	78	70	0
Apr 17, 2014 15:54:53	69	61	0
Apr 17, 2014 15:54:54	43	63	0
Apr 17, 2014 15:54:55	29	61	0
Apr 17, 2014 15:54:56	20	50	0
Apr 17, 2014 15:54:57	17	60	0
Apr 17, 2014 15:54:58	20	61	0
Apr 17, 2014 15:54:59	27	64	0
Apr 17, 2014 15:55:00	34	84	0
Apr 17, 2014 15:55:01	53	77	0
Apr 17, 2014 15:55:02	74	77	0
Apr 17, 2014 15:55:03	64	50	0
Apr 17, 2014 15:55:04	63	51	0
Apr 17, 2014 15:55:05	44	54	0
Apr 17, 2014 15:55:06	56	80	0
Apr 17, 2014 15:55:07	56	78	0
Apr 17, 2014 15:55:08	48	64	0
Apr 17, 2014 15:55:09	66	61	0
Apr 17, 2014 15:55:10	64	67	0
Apr 17, 2014 15:55:11	74	74	0
Apr 17, 2014 15:55:12	90	90	0
Apr 17, 2014 15:55:13	90	94	0
Apr 17, 2014 15:55:14	94	93	0
Apr 17, 2014 15:55:16	78	83	0
Apr 17, 2014 15:55:17	56	75	0
Apr 17, 2014 15:55:18	56	61	0
Apr 17, 2014 15:55:19	48	64	0
Apr 17, 2014 15:55:20	63	67	0
Apr 17, 2014 15:55:21	70	74	0
Apr 17, 2014 15:55:22	60	94	0
Apr 17, 2014 15:55:23	74	87	0
Apr 17, 2014 15:55:24	60	80	0
Apr 17, 2014 15:55:25	66	77	0
Apr 17, 2014 15:55:26	64	66	0
Apr 17, 2014 15:55:27	54	69	0
Apr 17, 2014 15:55:28	60	81	0
Apr 17, 2014 15:55:29	56	80	0
Apr 17, 2014 15:55:30	54	88	0
Apr 17, 2014 15:55:31	60	81	0
Apr 17, 2014 15:55:32	64	80	0
Apr 17, 2014 15:55:33	66	80	0
Apr 17, 2014 15:55:34	83	77	0
Apr 17, 2014 15:55:35	84	74	0
Apr 17, 2014 15:55:36	74	67	0
Apr 17, 2014 15:55:37	69	57	0
Apr 17, 2014 15:55:38	53	64	0
Apr 17, 2014 15:55:39	44	70	0
Apr 17, 2014 15:55:40	50	78	0
Apr 17, 2014 15:55:41	40	84	0
Apr 17, 2014 15:55:42	43	78	0
Apr 17, 2014 15:55:43	41	78	0
Apr 17, 2014 15:55:44	53	75	0
Apr 17, 2014 15:55:45	60	66	0
Apr 17, 2014 15:55:46	77	64	0
Apr 17, 2014 15:55:47	84	66	0
Apr 17, 2014 15:55:48	84	78	0
Apr 17, 2014 15:55:50	90	88	0
Apr 17, 2014 15:55:51	69	90	0
Apr 17, 2014 15:55:52	66	81	0
Apr 17, 2014 15:55:53	69	69	0
Apr 17, 2014 15:55:54	75	66	0
Apr 17, 2014 15:55:55	93	63	0
Apr 17, 2014 15:55:56	93	57	0
Apr 17, 2014 15:55:57	87	61	0
Apr 17, 2014 15:55:58	81	64	0
Apr 17, 2014 15:55:59	80	67	0
Apr 17, 2014 15:56:00	80	57	0
Apr 17, 2014 15:56:01	87	60	0
Apr 17, 2014 15:56:02	75	44	0
Apr 17, 2014 15:56:03	69	48	0
Apr 17, 2014 15:56:04	47	66	0
Apr 17, 2014 15:56:05	64	77	0
Apr 17, 2014 15:56:06	63	67	0
Apr 17, 2014 15:56:07	77	66	0
Apr 17, 2014 15:56:08	94	60	0
Apr 17, 2014 15:56:09	87	53	0
Apr 17, 2014 15:56:10	96	50	0
Apr 17, 2014 15:56:11	81	50	0
Apr 17, 2014 15:56:12	78	51	0
Apr 17, 2014 15:56:13	78	61	0
Apr 17, 2014 15:56:14	66	57	0
Apr 17, 2014 15:56:15	66	57	0
Apr 17, 2014 15:56:16	83	51	0
Apr 17, 2014 15:56:17	75	40	0
Apr 17, 2014 15:56:18	80	41	0
Apr 17, 2014 15:56:19	81	34	0
Apr 17, 2014 15:56:20	80	44	0
Apr 17, 2014 15:56:21	93	48	0
Apr 17, 2014 15:56:22	90	66	0
Apr 17, 2014 15:56:24	66	75	0
Apr 17, 2014 15:56:25	54	80	0
Apr 17, 2014 15:56:26	38	83	0
Apr 17, 2014 15:56:27	23	78	0
Apr 17, 2014 15:56:28	38	78	0
Apr 17, 2014 15:56:29	35	74	0
Apr 17, 2014 15:56:30	43	77	0
Apr 17, 2014 15:56:31	54	77	0
Apr 17, 2014 15:56:32	60	77	0
Apr 17, 2014 15:56:33	63	51	0
Apr 17, 2014 15:56:34	64	37	0
Apr 17, 2014 15:56:35	64	43	0
Apr 17, 2014 15:56:36	57	35	0
Apr 17, 2014 15:56:37	70	50	0
Apr 17, 2014 15:56:38	74	47	0
Apr 17, 2014 15:56:39	69	43	0
Apr 17, 2014 15:56:40	66	64	0
Apr 17, 2014 15:56:41	56	83	0
Apr 17, 2014 15:56:42	63	100	0
Apr 17, 2014 15:56:43	54	97	0
Apr 17, 2014 15:56:44	51	66	0
Apr 17, 2014 15:56:45	61	48	0
Apr 17, 2014 15:56:46	43	41	0
Apr 17, 2014 15:56:47	54	41	0
Apr 17, 2014 15:56:48	70	51	0
Apr 17, 2014 15:56:49	80	54	0
Apr 17, 2014 15:56:50	88	54	0
Apr 17, 2014 15:56:51	78	57	0
Apr 17, 2014 15:56:52	54	63	0
Apr 17, 2014 15:56:53	30	50	0
Apr 17, 2014 15:56:54	26	60	0
Apr 17, 2014 15:56:55	35	48	0
Apr 17, 2014 15:56:56	60	50	0
Apr 17, 2014 15:56:58	83	66	0
Apr 17, 2014 15:56:59	87	57	0
Apr 17, 2014 15:57:00	93	56	0
Apr 17, 2014 15:57:01	80	47	0
Apr 17, 2014 15:57:02	67	50	0
Apr 17, 2014 15:57:03	67	54	0
Apr 17, 2014 15:57:04	70	69	0
Apr 17, 2014 15:57:05	70	61	0
Apr 17, 2014 15:57:06	60	64	0
Apr 17, 2014 15:57:07	74	60	0
Apr 17, 2014 15:57:08	78	54	0
Apr 17, 2014 15:57:09	88	61	0
Apr 17, 2014 15:57:10	91	53	0
Apr 17, 2014 15:57:11	87	60	0
Apr 17, 2014 15:57:12	96	60	0
Apr 17, 2014 15:57:13	88	41	0
Apr 17, 2014 15:57:14	80	35	0
Apr 17, 2014 15:57:15	77	41	0
Apr 17, 2014 15:57:16	69	35	0
Apr 17, 2014 15:57:17	80	50	0
Apr 17, 2014 15:57:18	84	61	0
Apr 17, 2014 15:57:19	80	60	0
Apr 17, 2014 15:57:20	78	70	0
Apr 17, 2014 15:57:21	66	69	0
Apr 17, 2014 15:57:22	74	74	0
Apr 17, 2014 15:57:23	84	63	0
Apr 17, 2014 15:57:24	63	48	0
Apr 17, 2014 15:57:25	66	48	0
Apr 17, 2014 15:57:26	61	50	0
Apr 17, 2014 15:57:27	61	54	0
Apr 17, 2014 15:57:28	80	63	0
Apr 17, 2014 15:57:29	66	77	0
Apr 17, 2014 15:57:30	60	74	0
Apr 17, 2014 15:57:31	50	83	0
Apr 17, 2014 15:57:32	51	87	0
Apr 17, 2014 15:57:34	63	60	0
Apr 17, 2014 15:57:35	63	63	0
Apr 17, 2014 15:57:36	47	75	0
Apr 17, 2014 15:57:37	44	83	0
Apr 17, 2014 15:57:38	54	83	0
Apr 17, 2014 15:57:39	57	80	0
Apr 17, 2014 15:57:40	74	80	0
Apr 17, 2014 15:57:41	91	81	0
Apr 17, 2014 15:57:42	80	87	0
Apr 17, 2014 15:57:43	77	81	0
Apr 17, 2014 15:57:44	87	70	0
Apr 17, 2014 15:57:45	77	81	0
Apr 17, 2014 15:57:46	69	66	0
Apr 17, 2014 15:57:47	66	67	0
Apr 17, 2014 15:57:48	43	54	0
Apr 17, 2014 15:57:49	34	50	0
Apr 17, 2014 15:57:50	40	63	0
Apr 17, 2014 15:57:51	21	63	0
Apr 17, 2014 15:57:52	35	80	0
Apr 17, 2014 15:57:53	53	83	0
Apr 17, 2014 15:57:54	47	63	0
Apr 17, 2014 15:57:55	47	63	0
Apr 17, 2014 15:57:56	50	48	0
Apr 17, 2014 15:57:57	43	47	0
Apr 17, 2014 15:57:58	38	54	0
Apr 17, 2014 15:57:59	38	77	0
Apr 17, 2014 15:58:00	43	83	0
Apr 17, 2014 15:58:01	51	74	0
Apr 17, 2014 15:58:02	74	67	0
Apr 17, 2014 15:58:03	100	54	0
Apr 17, 2014 15:58:04	100	56	0
Apr 17, 2014 15:58:05	96	66	0
Apr 17, 2014 15:58:06	91	60	0
Apr 17, 2014 15:58:07	94	50	0
Apr 17, 2014 15:58:09	88	56	0
Apr 17, 2014 15:58:10	100	35	0
Apr 17, 2014 15:58:11	100	37	0
Apr 17, 2014 15:58:12	88	40	0
Apr 17, 2014 15:58:13	84	29	0
Apr 17, 2014 15:58:14	69	44	0
Apr 17, 2014 15:58:15	56	61	0
Apr 17, 2014 15:58:16	57	50	0
Apr 17, 2014 15:58:17	53	64	0
Apr 17, 2014 15:58:18	47	63	0
Apr 17, 2014 15:58:19	48	57	0
Apr 17, 2014 15:58:20	67	66	0
Apr 17, 2014 15:58:21	61	43	0
Apr 17, 2014 15:58:22	69	51	0
Apr 17, 2014 15:58:23	61	51	0
Apr 17, 2014 15:58:24	63	51	0
Apr 17, 2014 15:58:25	75	61	0
Apr 17, 2014 15:58:26	74	57	0
Apr 17, 2014 15:58:27	77	47	0
Apr 17, 2014 15:58:28	54	35	0
Apr 17, 2014 15:58:29	57	44	0
Apr 17, 2014 15:58:30	64	43	0
Apr 17, 2014 15:58:31	74	41	0
Apr 17, 2014 15:58:32	83	60	0
Apr 17, 2014 15:58:33	64	37	0
Apr 17, 2014 15:58:34	38	47	0
Apr 17, 2014 15:58:35	40	29	0
Apr 17, 2014 15:58:36	54	60	0
Apr 17, 2014 15:58:37	51	54	0
Apr 17, 2014 15:58:38	51	47	0
Apr 17, 2014 15:58:39	54	61	0
Apr 17, 2014 15:58:40	57	51	0
Apr 17, 2014 15:58:41	67	57	0
Apr 17, 2014 15:58:42	70	74	0
Apr 17, 2014 15:58:43	78	69	0
Apr 17, 2014 15:58:45	77	63	0
Apr 17, 2014 15:58:46	81	60	0
Apr 17, 2014 15:58:47	90	54	0
Apr 17, 2014 15:58:48	75	60	0
Apr 17, 2014 15:58:49	90	57	0
Apr 17, 2014 15:58:50	78	63	0
Apr 17, 2014 15:58:51	61	56	0
Apr 17, 2014 15:58:52	64	60	0
Apr 17, 2014 15:58:53	41	67	0
Apr 17, 2014 15:58:54	44	69	0
Apr 17, 2014 15:58:55	60	78	0
Apr 17, 2014 15:58:56	67	61	0
Apr 17, 2014 15:58:57	84	60	0
Apr 17, 2014 15:58:58	87	56	0
Apr 17, 2014 15:58:59	87	57	0
Apr 17, 2014 15:59:00	66	43	0
Apr 17, 2014 15:59:01	60	48	0
Apr 17, 2014 15:59:02	67	41	0
Apr 17, 2014 15:59:03	64	40	0
Apr 17, 2014 15:59:04	83	64	0
Apr 17, 2014 15:59:05	81	54	0
Apr 17, 2014 15:59:06	69	60	0
Apr 17, 2014 15:59:07	69	66	0
Apr 17, 2014 15:59:08	77	75	0
Apr 17, 2014 15:59:09	74	67	0
Apr 17, 2014 15:59:10	90	64	0
Apr 17, 2014 15:59:11	93	51	0
Apr 17, 2014 15:59:12	88	44	0
Apr 17, 2014 15:59:13	88	60	0
Apr 17, 2014 15:59:14	70	66	0
Apr 17, 2014 15:59:15	56	69	0
Apr 17, 2014 15:59:16	50	64	0
Apr 17, 2014 15:59:17	37	51	0
Apr 17, 2014 15:59:18	38	57	0
Apr 17, 2014 15:59:20	47	60	0
Apr 17, 2014 15:59:21	54	75	0
Apr 17, 2014 15:59:22	63	75	0
Apr 17, 2014 15:59:23	51	75	0
Apr 17, 2014 15:59:24	48	75	0
Apr 17, 2014 15:59:25	29	75	0
Apr 17, 2014 15:59:26	21	93	0
Apr 17, 2014 15:59:27	20	84	0
Apr 17, 2014 15:59:28	4	83	0
Apr 17, 2014 15:59:29	21	69	0
Apr 17, 2014 15:59:30	38	53	0
Apr 17, 2014 15:59:31	56	44	0
Apr 17, 2014 15:59:32	84	44	0
Apr 17, 2014 15:59:33	90	47	0
Apr 17, 2014 15:59:34	91	56	0
Apr 17, 2014 15:59:35	100	60	0
Apr 17, 2014 15:59:36	81	70	0
Apr 17, 2014 15:59:37	74	57	0
Apr 17, 2014 15:59:38	60	80	0
Apr 17, 2014 15:59:39	66	78	0
Apr 17, 2014 15:59:40	80	80	0
Apr 17, 2014 15:59:41	81	81	0
Apr 17, 2014 15:59:42	87	70	0
Apr 17, 2014 15:59:43	83	83	0
Apr 17, 2014 15:59:44	69	94	0
Apr 17, 2014 15:59:45	70	100	0
Apr 17, 2014 15:59:46	78	84	0
Apr 17, 2014 15:59:47	75	66	0
Apr 17, 2014 15:59:48	88	54	0
Apr 17, 2014 15:59:49	90	56	0
Apr 17, 2014 15:59:50	74	61	0
Apr 17, 2014 15:59:51	75	67	0
Apr 17, 2014 15:59:52	77	60	0
Apr 17, 2014 15:59:54	74	50	0
Apr 17, 2014 15:59:55	87	51	0
Apr 17, 2014 15:59:56	87	37	0
Apr 17, 2014 15:59:57	80	53	0
Apr 17, 2014 15:59:58	88	56	0
Apr 17, 2014 15:59:59	83	61	0
Apr 17, 2014 16:00:00	80	77	0
Apr 17, 2014 16:00:01	80	69	0
Apr 17, 2014 16:00:02	66	77	0
Apr 17, 2014 16:00:03	69	70	0
Apr 17, 2014 16:00:04	78	67	0
Apr 17, 2014 16:00:05	78	64	0
Apr 17, 2014 16:00:06	74	70	0
Apr 17, 2014 16:00:07	67	75	0
Apr 17, 2014 16:00:08	61	80	0
Apr 17, 2014 16:00:09	60	81	0
Apr 17, 2014 16:00:10	53	64	0
Apr 17, 2014 16:00:11	57	54	0
Apr 17, 2014 16:00:12	50	41	0
Apr 17, 2014 16:00:13	60	44	0
Apr 17, 2014 16:00:14	60	48	0
Apr 17, 2014 16:00:15	69	40	0
Apr 17, 2014 16:00:16	78	50	0
Apr 17, 2014 16:00:17	64	40	0
Apr 17, 2014 16:00:18	74	51	0
Apr 17, 2014 16:00:19	48	54	0
Apr 17, 2014 16:00:20	47	48	0
Apr 17, 2014 16:00:21	57	54	0
Apr 17, 2014 16:00:22	64	38	0
Apr 17, 2014 16:00:23	84	54	0
Apr 17, 2014 16:00:24	84	61	0
Apr 17, 2014 16:00:25	84	56	0
Apr 17, 2014 16:00:26	61	63	0
Apr 17, 2014 16:00:28	54	64	0
Apr 17, 2014 16:00:29	35	54	0
Apr 17, 2014 16:00:30	30	61	0
Apr 17, 2014 16:00:31	50	66	0
Apr 17, 2014 16:00:32	51	56	0
Apr 17, 2014 16:00:33	66	74	0
Apr 17, 2014 16:00:34	77	51	0
Apr 17, 2014 16:00:35	67	47	0
Apr 17, 2014 16:00:36	75	40	0
Apr 17, 2014 16:00:37	80	50	0
Apr 17, 2014 16:00:38	91	47	0
Apr 17, 2014 16:00:39	84	48	0
Apr 17, 2014 16:00:40	77	44	0
Apr 17, 2014 16:00:41	70	47	0
Apr 17, 2014 16:00:42	66	44	0
Apr 17, 2014 16:00:43	67	50	0
Apr 17, 2014 16:00:44	77	48	0
Apr 17, 2014 16:00:45	78	50	0
Apr 17, 2014 16:00:46	75	54	0
Apr 17, 2014 16:00:47	83	50	0
Apr 17, 2014 16:00:48	80	60	0
Apr 17, 2014 16:00:49	80	60	0
Apr 17, 2014 16:00:50	84	67	0
Apr 17, 2014 16:00:51	81	70	0
Apr 17, 2014 16:00:52	81	63	0
Apr 17, 2014 16:00:53	64	64	0
Apr 17, 2014 16:00:54	61	56	0
Apr 17, 2014 16:00:55	60	61	0
Apr 17, 2014 16:00:56	67	57	0
Apr 17, 2014 16:00:57	80	63	0
Apr 17, 2014 16:00:58	81	67	0
Apr 17, 2014 16:00:59	87	61	0
Apr 17, 2014 16:01:00	78	67	0
Apr 17, 2014 16:01:02	84	54	0
Apr 17, 2014 16:01:03	94	53	0
Apr 17, 2014 16:01:04	91	54	0
Apr 17, 2014 16:01:05	66	53	0
Apr 17, 2014 16:01:06	69	44	0
Apr 17, 2014 16:01:07	67	44	0
Apr 17, 2014 16:01:08	88	50	0
Apr 17, 2014 16:01:09	91	51	0
Apr 17, 2014 16:01:10	70	44	0
Apr 17, 2014 16:01:11	70	48	0
Apr 17, 2014 16:01:12	78	37	0
Apr 17, 2014 16:01:13	57	30	0
Apr 17, 2014 16:01:14	60	69	0
Apr 17, 2014 16:01:15	44	69	0
Apr 17, 2014 16:01:16	34	88	0
Apr 17, 2014 16:01:17	38	91	0
Apr 17, 2014 16:01:18	43	67	0
Apr 17, 2014 16:01:19	54	63	0
Apr 17, 2014 16:01:20	61	57	0
Apr 17, 2014 16:01:21	67	66	0
Apr 17, 2014 16:01:22	69	61	0
Apr 17, 2014 16:01:23	75	63	0
Apr 17, 2014 16:01:24	69	47	0
Apr 17, 2014 16:01:25	70	43	0
Apr 17, 2014 16:01:26	77	57	0
Apr 17, 2014 16:01:27	74	50	0
Apr 17, 2014 16:01:28	78	51	0
Apr 17, 2014 16:01:29	66	44	0
Apr 17, 2014 16:01:30	56	47	0
Apr 17, 2014 16:01:31	43	54	0
Apr 17, 2014 16:01:32	21	67	0
Apr 17, 2014 16:01:33	23	84	0
Apr 17, 2014 16:01:34	26	64	0
Apr 17, 2014 16:01:35	44	75	0
Apr 17, 2014 16:01:37	50	64	0
Apr 17, 2014 16:01:38	41	60	0
Apr 17, 2014 16:01:39	48	74	0
Apr 17, 2014 16:01:40	34	74	0
Apr 17, 2014 16:01:41	35	78	0
Apr 17, 2014 16:01:42	43	75	0
Apr 17, 2014 16:01:43	57	80	0
Apr 17, 2014 16:01:44	78	69	0
Apr 17, 2014 16:01:45	78	53	0
Apr 17, 2014 16:01:46	64	57	0
Apr 17, 2014 16:01:47	56	43	0
Apr 17, 2014 16:01:48	53	41	0
Apr 17, 2014 16:01:49	69	40	0
Apr 17, 2014 16:01:50	77	44	0
Apr 17, 2014 16:01:51	77	60	0
Apr 17, 2014 16:01:52	74	70	0
Apr 17, 2014 16:01:53	61	66	0
Apr 17, 2014 16:01:54	64	67	0
Apr 17, 2014 16:01:55	75	63	0
Apr 17, 2014 16:01:56	70	47	0
Apr 17, 2014 16:01:57	77	54	0
Apr 17, 2014 16:01:58	83	51	0
Apr 17, 2014 16:01:59	77	60	0
Apr 17, 2014 16:02:00	83	57	0
Apr 17, 2014 16:02:01	96	47	0
Apr 17, 2014 16:02:02	87	56	0
Apr 17, 2014 16:02:03	83	51	0
Apr 17, 2014 16:02:04	77	63	0
Apr 17, 2014 16:02:05	66	78	0
Apr 17, 2014 16:02:06	57	57	0
Apr 17, 2014 16:02:07	56	60	0
Apr 17, 2014 16:02:08	56	66	0
Apr 17, 2014 16:02:09	63	60	0
Apr 17, 2014 16:02:10	67	56	0
Apr 17, 2014 16:02:11	70	60	0
Apr 17, 2014 16:02:12	67	57	0
Apr 17, 2014 16:02:14	70	67	0
Apr 17, 2014 16:02:15	74	77	0
Apr 17, 2014 16:02:16	74	67	0
Apr 17, 2014 16:02:17	80	66	0
Apr 17, 2014 16:02:18	61	53	0
Apr 17, 2014 16:02:19	60	66	0
Apr 17, 2014 16:02:20	48	74	0
Apr 17, 2014 16:02:21	23	66	0
Apr 17, 2014 16:02:22	24	70	0
Apr 17, 2014 16:02:23	20	43	0
Apr 17, 2014 16:02:24	14	27	0
Apr 17, 2014 16:02:25	17	38	0
Apr 17, 2014 16:02:26	20	53	0
Apr 17, 2014 16:02:27	24	70	0
Apr 17, 2014 16:02:28	38	84	0
Apr 17, 2014 16:02:29	51	78	0
Apr 17, 2014 16:02:30	64	63	0
Apr 17, 2014 16:02:31	67	57	0
Apr 17, 2014 16:02:32	64	44	0
Apr 17, 2014 16:02:33	74	47	0
Apr 17, 2014 16:02:34	74	47	0
Apr 17, 2014 16:02:35	81	48	0
Apr 17, 2014 16:02:36	97	54	0
Apr 17, 2014 16:02:37	90	56	0
Apr 17, 2014 16:02:38	64	48	0
Apr 17, 2014 16:02:39	53	54	0
Apr 17, 2014 16:02:40	54	61	0
Apr 17, 2014 16:02:41	70	69	0
Apr 17, 2014 16:02:42	87	74	0
Apr 17, 2014 16:02:43	88	63	0
Apr 17, 2014 16:02:44	69	41	0
Apr 17, 2014 16:02:45	66	37	0
Apr 17, 2014 16:02:46	61	38	0
Apr 17, 2014 16:02:47	64	53	0
Apr 17, 2014 16:02:48	80	66	0
Apr 17, 2014 16:02:50	80	69	0
Apr 17, 2014 16:02:51	63	66	0
Apr 17, 2014 16:02:52	47	64	0
Apr 17, 2014 16:02:53	35	66	0
Apr 17, 2014 16:02:54	26	54	0
Apr 17, 2014 16:02:55	35	66	0
Apr 17, 2014 16:02:56	44	60	0
Apr 17, 2014 16:02:57	57	64	0
Apr 17, 2014 16:02:58	64	78	0
Apr 17, 2014 16:02:59	53	75	0
Apr 17, 2014 16:03:00	48	67	0
Apr 17, 2014 16:03:01	43	60	0
Apr 17, 2014 16:03:02	43	56	0
Apr 17, 2014 16:03:03	56	43	0
Apr 17, 2014 16:03:04	70	50	0
Apr 17, 2014 16:03:05	74	69	0
Apr 17, 2014 16:03:06	66	78	0
Apr 17, 2014 16:03:07	51	81	0
Apr 17, 2014 16:03:08	57	75	0
Apr 17, 2014 16:03:09	63	78	0
Apr 17, 2014 16:03:10	74	78	0
Apr 17, 2014 16:03:11	56	84	0
Apr 17, 2014 16:03:12	57	60	0
Apr 17, 2014 16:03:13	61	47	0
Apr 17, 2014 16:03:14	66	43	0
Apr 17, 2014 16:03:15	80	40	0
Apr 17, 2014 16:03:16	77	64	0
Apr 17, 2014 16:03:17	67	63	0
Apr 17, 2014 16:03:18	66	78	0
Apr 17, 2014 16:03:19	69	80	0
Apr 17, 2014 16:03:20	66	63	0
Apr 17, 2014 16:03:21	63	69	0
Apr 17, 2014 16:03:23	43	57	0
Apr 17, 2014 16:03:24	30	60	0
Apr 17, 2014 16:03:25	17	67	0
Apr 17, 2014 16:03:26	20	64	0
Apr 17, 2014 16:03:27	21	80	0
Apr 17, 2014 16:03:28	14	74	0
Apr 17, 2014 16:03:29	17	84	0
Apr 17, 2014 16:03:30	10	80	0
Apr 17, 2014 16:03:31	17	60	0
Apr 17, 2014 16:03:32	23	56	0
Apr 17, 2014 16:03:33	35	50	0
Apr 17, 2014 16:03:34	38	60	0
Apr 17, 2014 16:03:35	43	78	0
Apr 17, 2014 16:03:36	40	78	0
Apr 17, 2014 16:03:37	48	78	0
Apr 17, 2014 16:03:38	47	75	0
Apr 17, 2014 16:03:39	41	78	0
Apr 17, 2014 16:03:40	37	66	0
Apr 17, 2014 16:03:41	40	63	0
Apr 17, 2014 16:03:42	27	64	0
Apr 17, 2014 16:03:43	21	61	0
Apr 17, 2014 16:03:44	24	77	0
Apr 17, 2014 16:03:45	11	83	0
Apr 17, 2014 16:03:46	21	78	0
Apr 17, 2014 16:03:47	21	81	0
Apr 17, 2014 16:03:48	26	88	0
Apr 17, 2014 16:03:49	34	91	0
Apr 17, 2014 16:03:50	24	75	0
Apr 17, 2014 16:03:51	35	77	0
Apr 17, 2014 16:03:52	43	63	0
Apr 17, 2014 16:03:53	60	51	0
Apr 17, 2014 16:03:55	67	64	0
Apr 17, 2014 16:03:56	56	63	0
Apr 17, 2014 16:03:57	44	70	0
Apr 17, 2014 16:03:58	29	69	0
Apr 17, 2014 16:03:59	14	61	0
Apr 17, 2014 16:04:00	17	44	0
Apr 17, 2014 16:04:01	24	40	0
Apr 17, 2014 16:04:02	14	41	0
Apr 17, 2014 16:04:03	21	47	0
Apr 17, 2014 16:04:04	24	54	0
Apr 17, 2014 16:04:05	30	57	0
Apr 17, 2014 16:04:06	27	63	0
Apr 17, 2014 16:04:07	24	74	0
Apr 17, 2014 16:04:08	24	80	0
Apr 17, 2014 16:04:09	24	91	0
Apr 17, 2014 16:04:10	48	84	0
Apr 17, 2014 16:04:11	56	75	0
Apr 17, 2014 16:04:12	48	63	0
Apr 17, 2014 16:04:13	41	50	0
Apr 17, 2014 16:04:14	27	51	0
Apr 17, 2014 16:04:15	30	67	0
Apr 17, 2014 16:04:16	43	74	0
Apr 17, 2014 16:04:17	64	66	0
Apr 17, 2014 16:04:18	69	61	0
Apr 17, 2014 16:04:19	67	44	0
Apr 17, 2014 16:04:20	64	47	0
Apr 17, 2014 16:04:21	64	50	0
Apr 17, 2014 16:04:22	64	53	0
Apr 17, 2014 16:04:23	67	60	0
Apr 17, 2014 16:04:24	75	54	0
Apr 17, 2014 16:04:25	66	57	0
Apr 17, 2014 16:04:26	74	56	0
Apr 17, 2014 16:04:28	83	54	0
Apr 17, 2014 16:04:29	83	57	0
Apr 17, 2014 16:04:30	90	53	0
Apr 17, 2014 16:04:31	93	43	0
Apr 17, 2014 16:04:32	80	37	0
Apr 17, 2014 16:04:33	78	24	0
Apr 17, 2014 16:04:34	57	53	0
Apr 17, 2014 16:04:35	56	57	0
Apr 17, 2014 16:04:36	56	57	51
Apr 17, 2014 16:04:37	56	57	26
Apr 17, 2014 16:04:38	54	75	0
Apr 17, 2014 16:04:39	43	87	0
Apr 17, 2014 16:04:40	57	67	0
Apr 17, 2014 16:04:41	61	75	0
Apr 17, 2014 16:04:42	66	67	0
Apr 17, 2014 16:04:43	64	47	0
Apr 17, 2014 16:04:44	63	51	0
Apr 17, 2014 16:04:45	64	50	0
Apr 17, 2014 16:04:46	75	48	0
Apr 17, 2014 16:04:47	87	63	0
Apr 17, 2014 16:04:48	94	63	0
Apr 17, 2014 16:04:49	91	69	0
Apr 17, 2014 16:04:50	84	81	0
Apr 17, 2014 16:04:51	64	83	0
Apr 17, 2014 16:04:52	43	87	0
Apr 17, 2014 16:04:53	40	63	0
Apr 17, 2014 16:04:54	34	60	0
Apr 17, 2014 16:04:55	48	56	0
Apr 17, 2014 16:04:56	47	48	0
Apr 17, 2014 16:04:57	48	66	0
Apr 17, 2014 16:04:58	57	51	0
Apr 17, 2014 16:04:59	54	54	0
Apr 17, 2014 16:05:00	57	61	0
Apr 17, 2014 16:05:02	66	56	0
Apr 17, 2014 16:05:03	44	66	0
Apr 17, 2014 16:05:04	50	60	0
Apr 17, 2014 16:05:05	40	54	0
Apr 17, 2014 16:05:06	37	57	0
Apr 17, 2014 16:05:07	50	66	0
Apr 17, 2014 16:05:08	63	63	0
Apr 17, 2014 16:05:09	61	53	0
Apr 17, 2014 16:05:10	69	40	0
Apr 17, 2014 16:05:11	53	53	0
Apr 17, 2014 16:05:12	53	53	26
Apr 17, 2014 16:05:13	35	60	0
Apr 17, 2014 16:05:14	37	84	0
Apr 17, 2014 16:05:15	38	77	0
Apr 17, 2014 16:05:16	54	64	0
Apr 17, 2014 16:05:17	63	75	0
Apr 17, 2014 16:05:18	67	67	0
Apr 17, 2014 16:05:19	61	83	0
Apr 17, 2014 16:05:20	56	69	0
Apr 17, 2014 16:05:21	48	54	0
Apr 17, 2014 16:05:22	40	63	0
Apr 17, 2014 16:05:23	26	53	0
Apr 17, 2014 16:05:24	10	80	0
Apr 17, 2014 16:05:25	1	94	0
Apr 17, 2014 16:05:26	1	84	0
Apr 17, 2014 16:05:27	1	84	51
Apr 17, 2014 16:05:28	1	93	0
Apr 17, 2014 16:05:29	3	87	0
Apr 17, 2014 16:05:30	3	87	51
Apr 17, 2014 16:05:31	4	83	0
Apr 17, 2014 16:05:32	1	83	0
Apr 17, 2014 16:05:33	1	83	26
Apr 17, 2014 16:05:34	8	63	0
Apr 17, 2014 16:05:35	11	48	0
Apr 17, 2014 16:05:36	20	51	0
Apr 17, 2014 16:05:37	14	48	0
Apr 17, 2014 16:05:39	30	74	0
Apr 17, 2014 16:05:40	41	78	0
Apr 17, 2014 16:05:41	53	80	0
Apr 17, 2014 16:05:42	66	87	0
Apr 17, 2014 16:05:43	64	70	0
Apr 17, 2014 16:05:44	60	84	0
Apr 17, 2014 16:05:45	53	84	0
Apr 17, 2014 16:05:46	44	77	0
Apr 17, 2014 16:05:47	41	75	0
Apr 17, 2014 16:05:48	41	77	0
Apr 17, 2014 16:05:49	30	74	0
Apr 17, 2014 16:05:50	27	84	0
Apr 17, 2014 16:05:51	26	83	0
Apr 17, 2014 16:05:52	23	78	0
Apr 17, 2014 16:05:53	23	78	0
Apr 17, 2014 16:05:54	43	54	0
Apr 17, 2014 16:05:55	47	56	0
Apr 17, 2014 16:05:56	35	37	0
Apr 17, 2014 16:05:57	27	43	0
Apr 17, 2014 16:05:58	16	51	0
Apr 17, 2014 16:05:59	20	53	0
Apr 17, 2014 16:06:00	35	54	0
Apr 17, 2014 16:06:01	43	56	0
Apr 17, 2014 16:06:02	53	61	0
Apr 17, 2014 16:06:03	60	61	0
Apr 17, 2014 16:06:04	64	75	0
Apr 17, 2014 16:06:05	57	48	0
Apr 17, 2014 16:06:06	57	60	0
Apr 17, 2014 16:06:07	63	61	0
Apr 17, 2014 16:06:08	51	63	0
Apr 17, 2014 16:06:09	48	91	0
Apr 17, 2014 16:06:10	34	81	0
Apr 17, 2014 16:06:11	10	74	0
Apr 17, 2014 16:06:12	20	67	0
Apr 17, 2014 16:06:13	23	60	0
Apr 17, 2014 16:06:14	27	63	0
Apr 17, 2014 16:06:16	29	61	0
Apr 17, 2014 16:06:17	37	66	0
Apr 17, 2014 16:06:18	30	74	0
Apr 17, 2014 16:06:19	30	63	0
Apr 17, 2014 16:06:20	40	80	0
Apr 17, 2014 16:06:21	37	70	0
Apr 17, 2014 16:06:22	34	70	0
Apr 17, 2014 16:06:23	38	74	0
Apr 17, 2014 16:06:24	56	60	0
Apr 17, 2014 16:06:25	64	56	0
Apr 17, 2014 16:06:26	61	66	0
Apr 17, 2014 16:06:27	61	66	26
Apr 17, 2014 16:06:28	54	66	0
Apr 17, 2014 16:06:29	24	78	0
Apr 17, 2014 16:06:30	4	75	0
Apr 17, 2014 16:06:31	11	67	0
Apr 17, 2014 16:06:32	26	78	0
Apr 17, 2014 16:06:33	35	78	0
Apr 17, 2014 16:06:34	48	93	0
Apr 17, 2014 16:06:35	41	90	0
Apr 17, 2014 16:06:36	35	77	26
Apr 17, 2014 16:06:37	34	74	0
Apr 17, 2014 16:06:38	24	78	0
Apr 17, 2014 16:06:39	26	81	0
Apr 17, 2014 16:06:40	26	84	0
Apr 17, 2014 16:06:41	34	81	0
Apr 17, 2014 16:06:42	29	70	0
Apr 17, 2014 16:06:43	24	69	0
Apr 17, 2014 16:06:44	14	77	0
Apr 17, 2014 16:06:45	14	77	27
Apr 17, 2014 16:06:46	20	74	0
Apr 17, 2014 16:06:47	20	74	51
Apr 17, 2014 16:06:48	29	69	0
Apr 17, 2014 16:06:49	29	69	26
Apr 17, 2014 16:06:50	34	61	0
Apr 17, 2014 16:06:52	47	54	0
Apr 17, 2014 16:06:53	47	54	51
Apr 17, 2014 16:06:54	29	47	0
Apr 17, 2014 16:06:55	17	51	0
Apr 17, 2014 16:06:56	14	60	0
Apr 17, 2014 16:06:57	1	74	0
Apr 17, 2014 16:06:58	7	88	0
Apr 17, 2014 16:06:59	7	88	51
Apr 17, 2014 16:07:00	7	88	26
Apr 17, 2014 16:07:01	13	83	0
Apr 17, 2014 16:07:02	13	83	26
Apr 17, 2014 16:07:03	23	80	0
Apr 17, 2014 16:07:04	34	69	0
Apr 17, 2014 16:07:05	47	67	0
Apr 17, 2014 16:07:06	53	61	0
Apr 17, 2014 16:07:07	53	64	0
Apr 17, 2014 16:07:08	47	54	0
Apr 17, 2014 16:07:09	40	67	0
Apr 17, 2014 16:07:10	41	60	0
Apr 17, 2014 16:07:11	29	60	0
Apr 17, 2014 16:07:12	20	61	0
Apr 17, 2014 16:07:13	23	60	0
Apr 17, 2014 16:07:14	11	48	0
Apr 17, 2014 16:07:15	11	48	0
Apr 17, 2014 16:07:16	14	51	0
Apr 17, 2014 16:07:17	1	37	0
Apr 17, 2014 16:07:18	13	48	0
Apr 17, 2014 16:07:19	3	41	0
Apr 17, 2014 16:07:20	13	48	0
Apr 17, 2014 16:07:21	23	53	0
Apr 17, 2014 16:07:22	14	63	0
Apr 17, 2014 16:07:23	21	63	0
Apr 17, 2014 16:07:24	17	61	0
Apr 17, 2014 16:07:25	21	64	0
Apr 17, 2014 16:07:26	34	57	0
Apr 17, 2014 16:07:28	50	60	0
Apr 17, 2014 16:07:29	43	43	0
Apr 17, 2014 16:07:30	43	43	51
Apr 17, 2014 16:07:31	41	47	0
Apr 17, 2014 16:07:32	30	41	0
Apr 17, 2014 16:07:33	30	41	0
Apr 17, 2014 16:07:34	24	66	0
Apr 17, 2014 16:07:35	26	56	0
Apr 17, 2014 16:07:36	26	70	0
Apr 17, 2014 16:07:37	35	67	0
Apr 17, 2014 16:07:38	51	64	0
Apr 17, 2014 16:07:39	63	81	0
Apr 17, 2014 16:07:40	61	88	0
Apr 17, 2014 16:07:41	51	83	0
Apr 17, 2014 16:07:42	48	66	0
Apr 17, 2014 16:07:43	48	66	0
Apr 17, 2014 16:07:44	37	61	0
Apr 17, 2014 16:07:45	35	60	0
Apr 17, 2014 16:07:46	27	67	0
Apr 17, 2014 16:07:47	20	66	0
Apr 17, 2014 16:07:48	16	60	0
Apr 17, 2014 16:07:49	21	67	0
Apr 17, 2014 16:07:50	29	70	0
Apr 17, 2014 16:07:51	29	60	0
Apr 17, 2014 16:07:52	37	56	0
Apr 17, 2014 16:07:53	37	41	0
Apr 17, 2014 16:07:54	24	21	0
Apr 17, 2014 16:07:55	26	37	0
Apr 17, 2014 16:07:56	21	47	0
Apr 17, 2014 16:07:57	23	50	0
Apr 17, 2014 16:07:58	35	69	0
Apr 17, 2014 16:07:59	40	67	0
Apr 17, 2014 16:08:00	51	69	0
Apr 17, 2014 16:08:01	60	84	0
Apr 17, 2014 16:08:03	69	81	0
Apr 17, 2014 16:08:04	77	66	0
Apr 17, 2014 16:08:05	77	70	0
Apr 17, 2014 16:08:06	75	75	0
Apr 17, 2014 16:08:07	57	64	0
Apr 17, 2014 16:08:08	51	66	0
Apr 17, 2014 16:08:09	50	53	0
Apr 17, 2014 16:08:10	53	50	0
Apr 17, 2014 16:08:11	51	66	0
Apr 17, 2014 16:08:12	51	66	0
Apr 17, 2014 16:08:13	60	81	0
Apr 17, 2014 16:08:14	61	80	0
Apr 17, 2014 16:08:15	60	70	0
Apr 17, 2014 16:08:16	60	66	0
Apr 17, 2014 16:08:17	47	66	0
Apr 17, 2014 16:08:18	34	61	0
Apr 17, 2014 16:08:19	38	61	0
Apr 17, 2014 16:08:20	37	74	0
Apr 17, 2014 16:08:21	41	70	0
Apr 17, 2014 16:08:22	43	74	0
Apr 17, 2014 16:08:23	41	87	0
Apr 17, 2014 16:08:24	30	74	0
Apr 17, 2014 16:08:25	26	81	0
Apr 17, 2014 16:08:26	27	81	0
Apr 17, 2014 16:08:27	24	67	0
Apr 17, 2014 16:08:28	27	70	0
Apr 17, 2014 16:08:29	34	66	0
Apr 17, 2014 16:08:30	41	64	0
Apr 17, 2014 16:08:31	44	66	0
Apr 17, 2014 16:08:32	44	66	0
Apr 17, 2014 16:08:33	38	75	0
Apr 17, 2014 16:08:34	29	74	0
Apr 17, 2014 16:08:35	30	69	0
Apr 17, 2014 16:08:36	21	53	0
Apr 17, 2014 16:08:37	24	41	0
Apr 17, 2014 16:08:38	21	53	0
Apr 17, 2014 16:08:40	16	50	0
Apr 17, 2014 16:08:41	23	61	0
Apr 17, 2014 16:08:42	35	61	0
Apr 17, 2014 16:08:43	34	64	0
Apr 17, 2014 16:08:44	38	77	0
Apr 17, 2014 16:08:45	37	64	0
Apr 17, 2014 16:08:46	21	56	0
Apr 17, 2014 16:08:47	34	66	0
Apr 17, 2014 16:08:48	37	61	0
Apr 17, 2014 16:08:49	44	77	0
Apr 17, 2014 16:08:50	48	84	0
Apr 17, 2014 16:08:51	47	90	0
Apr 17, 2014 16:08:52	50	84	0
Apr 17, 2014 16:08:53	75	74	0
Apr 17, 2014 16:08:54	81	74	0
Apr 17, 2014 16:08:55	80	57	0
Apr 17, 2014 16:08:56	77	56	0
Apr 17, 2014 16:08:57	66	70	0
Apr 17, 2014 16:08:58	61	60	0
Apr 17, 2014 16:08:59	66	69	0
Apr 17, 2014 16:09:00	66	70	0
Apr 17, 2014 16:09:01	61	67	0
Apr 17, 2014 16:09:02	60	78	0
Apr 17, 2014 16:09:03	53	78	0
Apr 17, 2014 16:09:04	51	74	0
Apr 17, 2014 16:09:05	48	63	0
Apr 17, 2014 16:09:06	50	64	0
Apr 17, 2014 16:09:07	56	61	0
Apr 17, 2014 16:09:08	53	67	0
Apr 17, 2014 16:09:09	60	70	0
Apr 17, 2014 16:09:10	64	69	0
Apr 17, 2014 16:09:11	61	69	0
Apr 17, 2014 16:09:12	67	67	0
Apr 17, 2014 16:09:13	66	63	0
Apr 17, 2014 16:09:14	64	53	0
Apr 17, 2014 16:09:15	74	47	0
Apr 17, 2014 16:09:16	81	51	0
Apr 17, 2014 16:09:18	75	54	0
Apr 17, 2014 16:09:19	83	74	0
Apr 17, 2014 16:09:20	87	66	0
Apr 17, 2014 16:09:21	88	83	0
Apr 17, 2014 16:09:22	90	88	0
Apr 17, 2014 16:09:23	90	81	0
Apr 17, 2014 16:09:24	66	74	0
Apr 17, 2014 16:09:25	69	51	0
Apr 17, 2014 16:09:26	87	23	0
Apr 17, 2014 16:09:27	80	37	0
Apr 17, 2014 16:09:28	83	48	0
Apr 17, 2014 16:09:29	77	57	0
Apr 17, 2014 16:09:30	66	80	0
Apr 17, 2014 16:09:31	70	70	0
Apr 17, 2014 16:09:32	83	78	0
Apr 17, 2014 16:09:33	78	74	0
Apr 17, 2014 16:09:34	78	70	0
Apr 17, 2014 16:09:35	80	67	0
Apr 17, 2014 16:09:36	70	60	0
Apr 17, 2014 16:09:37	78	64	0
Apr 17, 2014 16:09:38	83	63	0
Apr 17, 2014 16:09:39	83	57	0
Apr 17, 2014 16:09:40	84	66	0
Apr 17, 2014 16:09:41	97	57	0
Apr 17, 2014 16:09:42	77	51	0
Apr 17, 2014 16:09:43	67	61	0
Apr 17, 2014 16:09:44	67	57	0
Apr 17, 2014 16:09:45	80	63	0
Apr 17, 2014 16:09:46	81	43	0
Apr 17, 2014 16:09:47	80	48	0
Apr 17, 2014 16:09:48	53	48	0
Apr 17, 2014 16:09:49	54	47	0
Apr 17, 2014 16:09:50	64	60	0
Apr 17, 2014 16:09:51	75	44	0
Apr 17, 2014 16:09:52	90	51	0
Apr 17, 2014 16:09:54	70	35	0
Apr 17, 2014 16:09:55	57	34	0
Apr 17, 2014 16:09:56	37	41	0
Apr 17, 2014 16:09:57	37	41	26
Apr 17, 2014 16:09:58	38	50	0
Apr 17, 2014 16:09:59	51	78	0
Apr 17, 2014 16:10:00	47	90	0
Apr 17, 2014 16:10:01	56	91	0
Apr 17, 2014 16:10:02	64	87	0
Apr 17, 2014 16:10:03	69	84	0
Apr 17, 2014 16:10:04	78	78	0
Apr 17, 2014 16:10:05	84	83	0
Apr 17, 2014 16:10:06	84	87	0
Apr 17, 2014 16:10:07	64	60	0
Apr 17, 2014 16:10:08	66	60	0
Apr 17, 2014 16:10:09	61	50	0
Apr 17, 2014 16:10:10	61	40	0
Apr 17, 2014 16:10:11	75	61	0
Apr 17, 2014 16:10:12	51	57	0
Apr 17, 2014 16:10:13	47	80	0
Apr 17, 2014 16:10:14	50	88	0
Apr 17, 2014 16:10:15	50	93	0
Apr 17, 2014 16:10:16	60	61	0
Apr 17, 2014 16:10:17	38	53	0
Apr 17, 2014 16:10:18	26	43	0
Apr 17, 2014 16:10:19	14	44	0
Apr 17, 2014 16:10:20	20	48	0
Apr 17, 2014 16:10:21	40	53	0
Apr 17, 2014 16:10:22	60	47	0
Apr 17, 2014 16:10:23	67	47	0
Apr 17, 2014 16:10:24	67	47	0
Apr 17, 2014 16:10:25	54	30	0
Apr 17, 2014 16:10:26	50	37	0
Apr 17, 2014 16:10:27	57	51	0
Apr 17, 2014 16:10:29	75	47	0
Apr 17, 2014 16:10:30	93	57	0
Apr 17, 2014 16:10:31	90	60	0
Apr 17, 2014 16:10:32	84	44	0
Apr 17, 2014 16:10:33	66	51	0
Apr 17, 2014 16:10:34	53	53	0
Apr 17, 2014 16:10:35	51	53	0
Apr 17, 2014 16:10:36	60	54	0
Apr 17, 2014 16:10:37	60	56	0
Apr 17, 2014 16:10:38	53	40	0
Apr 17, 2014 16:10:39	53	50	0
Apr 17, 2014 16:10:40	66	50	0
Apr 17, 2014 16:10:41	75	54	0
Apr 17, 2014 16:10:42	81	60	0
Apr 17, 2014 16:10:43	94	44	0
Apr 17, 2014 16:10:44	70	53	0
Apr 17, 2014 16:10:45	54	35	0
Apr 17, 2014 16:10:46	54	40	0
Apr 17, 2014 16:10:47	70	44	0
Apr 17, 2014 16:10:48	77	66	0
Apr 17, 2014 16:10:49	77	74	0
Apr 17, 2014 16:10:50	63	83	0
Apr 17, 2014 16:10:51	41	93	0
Apr 17, 2014 16:10:52	51	77	0
Apr 17, 2014 16:10:53	43	70	0
Apr 17, 2014 16:10:54	35	69	0
Apr 17, 2014 16:10:55	37	63	0
Apr 17, 2014 16:10:56	29	70	0
Apr 17, 2014 16:10:57	43	64	0
Apr 17, 2014 16:10:58	56	61	0
Apr 17, 2014 16:10:59	57	66	0
Apr 17, 2014 16:11:00	57	74	0
Apr 17, 2014 16:11:01	53	81	0
Apr 17, 2014 16:11:02	48	75	0
Apr 17, 2014 16:11:03	35	67	0
Apr 17, 2014 16:11:04	24	50	0
Apr 17, 2014 16:11:06	20	41	0
Apr 17, 2014 16:11:07	20	41	26
Apr 17, 2014 16:11:08	21	50	0
Apr 17, 2014 16:11:09	30	37	0
Apr 17, 2014 16:11:10	48	38	0
Apr 17, 2014 16:11:11	69	27	0
Apr 17, 2014 16:11:12	69	27	0
Apr 17, 2014 16:11:13	100	23	0
Apr 17, 2014 16:11:14	87	21	0
Apr 17, 2014 16:11:15	70	44	0
Apr 17, 2014 16:11:16	47	48	0
Apr 17, 2014 16:11:17	26	53	0
Apr 17, 2014 16:11:18	37	60	0
Apr 17, 2014 16:11:19	43	74	0
Apr 17, 2014 16:11:20	54	70	0
Apr 17, 2014 16:11:21	43	41	0
Apr 17, 2014 16:11:22	27	41	0
Apr 17, 2014 16:11:23	30	30	0
Apr 17, 2014 16:11:24	26	40	0
Apr 17, 2014 16:11:25	23	57	0
Apr 17, 2014 16:11:26	44	60	0
Apr 17, 2014 16:11:27	44	53	0
Apr 17, 2014 16:11:28	41	48	0
Apr 17, 2014 16:11:29	50	48	0
Apr 17, 2014 16:11:30	40	50	0
Apr 17, 2014 16:11:31	38	51	0
Apr 17, 2014 16:11:32	34	38	0
Apr 17, 2014 16:11:33	30	51	0
Apr 17, 2014 16:11:34	30	63	0
Apr 17, 2014 16:11:35	40	67	0
Apr 17, 2014 16:11:36	43	80	0
Apr 17, 2014 16:11:37	48	81	0
Apr 17, 2014 16:11:38	51	75	0
Apr 17, 2014 16:11:39	27	77	0
Apr 17, 2014 16:11:40	44	78	0
Apr 17, 2014 16:11:41	35	60	0
Apr 17, 2014 16:11:43	34	44	0
Apr 17, 2014 16:11:44	51	35	0
Apr 17, 2014 16:11:45	40	30	0
Apr 17, 2014 16:11:46	37	50	0
Apr 17, 2014 16:11:47	38	63	0
Apr 17, 2014 16:11:48	54	66	0
Apr 17, 2014 16:11:49	56	69	0
Apr 17, 2014 16:11:50	66	54	0
Apr 17, 2014 16:11:51	44	57	0
Apr 17, 2014 16:11:52	35	63	0
Apr 17, 2014 16:11:53	26	61	0
Apr 17, 2014 16:11:54	24	64	0
Apr 17, 2014 16:11:55	17	54	0
Apr 17, 2014 16:11:56	23	43	0
Apr 17, 2014 16:11:57	40	50	0
Apr 17, 2014 16:11:58	38	44	0
Apr 17, 2014 16:11:59	54	47	0
Apr 17, 2014 16:12:00	57	63	0
Apr 17, 2014 16:12:01	50	60	0
Apr 17, 2014 16:12:02	48	51	0
Apr 17, 2014 16:12:03	34	41	0
Apr 17, 2014 16:12:04	40	29	0
Apr 17, 2014 16:12:05	37	21	0
Apr 17, 2014 16:12:06	34	21	0
Apr 17, 2014 16:12:07	38	51	0
Apr 17, 2014 16:12:08	43	56	0
Apr 17, 2014 16:12:09	41	60	0
Apr 17, 2014 16:12:10	53	57	0
Apr 17, 2014 16:12:11	51	41	0
Apr 17, 2014 16:12:12	35	30	0
Apr 17, 2014 16:12:13	38	35	0
Apr 17, 2014 16:12:14	29	50	0
Apr 17, 2014 16:12:15	34	43	0
Apr 17, 2014 16:12:16	43	50	0
Apr 17, 2014 16:12:17	41	43	0
Apr 17, 2014 16:12:18	44	35	0
Apr 17, 2014 16:12:20	51	50	0
Apr 17, 2014 16:12:21	41	43	0
Apr 17, 2014 16:12:22	43	53	0
Apr 17, 2014 16:12:23	47	53	0
Apr 17, 2014 16:12:24	53	54	0
Apr 17, 2014 16:12:25	50	61	0
Apr 17, 2014 16:12:26	47	64	0
Apr 17, 2014 16:12:27	37	53	0
Apr 17, 2014 16:12:28	47	56	0
Apr 17, 2014 16:12:29	48	41	0
Apr 17, 2014 16:12:30	47	51	0
Apr 17, 2014 16:12:31	47	51	0
Apr 17, 2014 16:12:32	51	54	0
Apr 17, 2014 16:12:33	64	56	0
Apr 17, 2014 16:12:34	70	41	0
Apr 17, 2014 16:12:35	74	24	0
Apr 17, 2014 16:12:36	75	29	0
Apr 17, 2014 16:12:37	57	13	0
Apr 17, 2014 16:12:38	50	8	0
Apr 17, 2014 16:12:39	38	11	0
Apr 17, 2014 16:12:40	41	16	0
Apr 17, 2014 16:12:41	51	40	0
Apr 17, 2014 16:12:42	53	40	0
Apr 17, 2014 16:12:43	60	35	0
Apr 17, 2014 16:12:44	56	29	0
Apr 17, 2014 16:12:45	67	34	0
Apr 17, 2014 16:12:46	67	43	0
Apr 17, 2014 16:12:47	70	61	0
Apr 17, 2014 16:12:48	69	56	0
Apr 17, 2014 16:12:49	50	53	0
Apr 17, 2014 16:12:50	54	48	0
Apr 17, 2014 16:12:51	50	34	0
Apr 17, 2014 16:12:52	35	51	0
Apr 17, 2014 16:12:53	47	63	0
Apr 17, 2014 16:12:54	40	56	0
Apr 17, 2014 16:12:55	48	40	0
Apr 17, 2014 16:12:57	47	53	0
Apr 17, 2014 16:12:58	43	40	0
Apr 17, 2014 16:12:59	41	47	0
Apr 17, 2014 16:13:00	38	51	0
Apr 17, 2014 16:13:01	27	43	0
Apr 17, 2014 16:13:02	23	44	0
Apr 17, 2014 16:13:03	24	43	0
Apr 17, 2014 16:13:04	34	56	0
Apr 17, 2014 16:13:05	26	67	0
Apr 17, 2014 16:13:06	21	64	0
Apr 17, 2014 16:13:07	21	75	0
Apr 17, 2014 16:13:08	13	61	0
Apr 17, 2014 16:13:09	35	34	0
Apr 17, 2014 16:13:10	38	40	0
Apr 17, 2014 16:13:11	38	40	0
Apr 17, 2014 16:13:12	47	23	0
Apr 17, 2014 16:13:13	48	40	0
Apr 17, 2014 16:13:14	61	48	0
Apr 17, 2014 16:13:15	48	64	0
Apr 17, 2014 16:13:16	51	64	0
Apr 17, 2014 16:13:17	30	60	0
Apr 17, 2014 16:13:18	29	44	0
Apr 17, 2014 16:13:19	41	56	0
Apr 17, 2014 16:13:20	51	43	0
Apr 17, 2014 16:13:21	61	53	0
Apr 17, 2014 16:13:22	61	70	0
Apr 17, 2014 16:13:23	69	66	0
Apr 17, 2014 16:13:24	70	70	0
Apr 17, 2014 16:13:25	81	60	0
Apr 17, 2014 16:13:26	67	74	0
Apr 17, 2014 16:13:27	60	69	0
Apr 17, 2014 16:13:28	41	66	0
Apr 17, 2014 16:13:29	20	66	0
Apr 17, 2014 16:13:31	17	61	0
Apr 17, 2014 16:13:32	48	61	0
Apr 17, 2014 16:13:33	51	61	0
Apr 17, 2014 16:13:34	57	53	0
Apr 17, 2014 16:13:35	53	37	0
Apr 17, 2014 16:13:36	26	24	0
Apr 17, 2014 16:13:37	26	21	0
Apr 17, 2014 16:13:38	34	35	0
Apr 17, 2014 16:13:39	37	40	0
Apr 17, 2014 16:13:40	53	56	0
Apr 17, 2014 16:13:41	51	75	0
Apr 17, 2014 16:13:42	60	70	0
Apr 17, 2014 16:13:43	56	80	0
Apr 17, 2014 16:13:44	54	81	0
Apr 17, 2014 16:13:45	63	75	0
Apr 17, 2014 16:13:46	48	75	0
Apr 17, 2014 16:13:47	53	77	0
Apr 17, 2014 16:13:48	38	74	0
Apr 17, 2014 16:13:49	30	67	0
Apr 17, 2014 16:13:50	41	67	0
Apr 17, 2014 16:13:51	41	67	0
Apr 17, 2014 16:13:52	75	64	0
Apr 17, 2014 16:13:53	91	69	0
Apr 17, 2014 16:13:54	70	69	0
Apr 17, 2014 16:13:55	80	63	0
Apr 17, 2014 16:13:56	83	57	0
Apr 17, 2014 16:13:57	80	64	0
Apr 17, 2014 16:13:58	90	74	0
Apr 17, 2014 16:13:59	90	69	0
Apr 17, 2014 16:14:00	67	70	0
Apr 17, 2014 16:14:01	77	64	0
Apr 17, 2014 16:14:02	60	47	0
Apr 17, 2014 16:14:03	41	44	0
Apr 17, 2014 16:14:04	44	34	0
Apr 17, 2014 16:14:05	38	26	0
Apr 17, 2014 16:14:07	44	29	0
Apr 17, 2014 16:14:08	48	44	0
Apr 17, 2014 16:14:09	43	51	0
Apr 17, 2014 16:14:10	37	54	0
Apr 17, 2014 16:14:11	35	56	0
Apr 17, 2014 16:14:12	34	43	0
Apr 17, 2014 16:14:13	40	41	0
Apr 17, 2014 16:14:14	40	41	0
Apr 17, 2014 16:14:15	23	43	0
Apr 17, 2014 16:14:16	26	44	0
Apr 17, 2014 16:14:17	30	69	0
Apr 17, 2014 16:14:18	26	74	0
Apr 17, 2014 16:14:19	37	78	0
Apr 17, 2014 16:14:20	41	67	0
Apr 17, 2014 16:14:21	48	56	0
Apr 17, 2014 16:14:22	53	66	0
Apr 17, 2014 16:14:23	61	66	0
Apr 17, 2014 16:14:24	56	83	0
Apr 17, 2014 16:14:25	67	64	0
Apr 17, 2014 16:14:26	67	57	0
Apr 17, 2014 16:14:27	60	51	0
Apr 17, 2014 16:14:28	40	54	0
Apr 17, 2014 16:14:29	47	63	0
Apr 17, 2014 16:14:30	57	74	0
Apr 17, 2014 16:14:31	63	87	0
Apr 17, 2014 16:14:32	77	77	0
Apr 17, 2014 16:14:33	78	67	0
Apr 17, 2014 16:14:34	78	63	0
Apr 17, 2014 16:14:35	81	50	0
Apr 17, 2014 16:14:36	75	54	0
Apr 17, 2014 16:14:37	69	63	0
Apr 17, 2014 16:14:38	69	63	25
Apr 17, 2014 16:14:39	69	63	26
Apr 17, 2014 16:14:40	69	69	0
Apr 17, 2014 16:14:41	74	69	0
Apr 17, 2014 16:14:43	67	84	0
Apr 17, 2014 16:14:44	63	69	0
Apr 17, 2014 16:14:45	63	74	0
Apr 17, 2014 16:14:46	51	67	0
Apr 17, 2014 16:14:47	51	67	25
Apr 17, 2014 16:14:48	60	75	0
Apr 17, 2014 16:14:49	60	77	0
Apr 17, 2014 16:14:50	56	66	0
Apr 17, 2014 16:14:51	61	64	0
Apr 17, 2014 16:14:52	61	64	25
Apr 17, 2014 16:14:53	47	53	0
Apr 17, 2014 16:14:54	47	51	0
Apr 17, 2014 16:14:55	51	51	0
Apr 17, 2014 16:14:56	57	51	0
Apr 17, 2014 16:14:57	61	57	0
Apr 17, 2014 16:14:58	51	66	0
Apr 17, 2014 16:14:59	41	70	0
Apr 17, 2014 16:15:00	51	83	0
Apr 17, 2014 16:15:01	54	70	0
Apr 17, 2014 16:15:02	54	70	51
Apr 17, 2014 16:15:03	44	63	0
Apr 17, 2014 16:15:04	56	66	0
Apr 17, 2014 16:15:05	63	44	0
Apr 17, 2014 16:15:06	57	54	0
Apr 17, 2014 16:15:07	63	57	0
Apr 17, 2014 16:15:08	57	57	0
Apr 17, 2014 16:15:09	53	66	0
Apr 17, 2014 16:15:10	50	64	0
Apr 17, 2014 16:15:11	53	70	0
Apr 17, 2014 16:15:12	50	60	0
Apr 17, 2014 16:15:13	57	70	0
Apr 17, 2014 16:15:14	75	70	0
Apr 17, 2014 16:15:15	80	75	0
Apr 17, 2014 16:15:16	75	83	0
Apr 17, 2014 16:15:17	61	78	0
Apr 17, 2014 16:15:19	44	87	0
Apr 17, 2014 16:15:20	44	87	25
Apr 17, 2014 16:15:21	60	63	0
Apr 17, 2014 16:15:22	74	50	0
Apr 17, 2014 16:15:23	88	40	0
Apr 17, 2014 16:15:24	87	43	0
Apr 17, 2014 16:15:25	87	43	25
Apr 17, 2014 16:15:26	60	47	0
Apr 17, 2014 16:15:27	51	69	0
Apr 17, 2014 16:15:28	30	66	0
Apr 17, 2014 16:15:29	30	66	51
Apr 17, 2014 16:15:30	30	66	51
Apr 17, 2014 16:15:31	35	87	0
Apr 17, 2014 16:15:32	35	87	51
Apr 17, 2014 16:15:33	38	90	0
Apr 17, 2014 16:15:34	29	78	0
Apr 17, 2014 16:15:35	29	80	0
Apr 17, 2014 16:15:36	29	80	51
Apr 17, 2014 16:15:37	29	80	51
Apr 17, 2014 16:15:38	38	75	0
Apr 17, 2014 16:15:39	47	75	0
Apr 17, 2014 16:15:40	47	75	51
Apr 17, 2014 16:15:41	48	87	0
Apr 17, 2014 16:15:42	41	69	0
Apr 17, 2014 16:15:43	35	47	0
Apr 17, 2014 16:15:44	29	40	0
Apr 17, 2014 16:15:45	30	43	0
Apr 17, 2014 16:15:46	37	41	0
Apr 17, 2014 16:15:47	35	53	0
Apr 17, 2014 16:15:48	34	56	0
Apr 17, 2014 16:15:49	26	53	0
Apr 17, 2014 16:15:50	34	61	0
Apr 17, 2014 16:15:51	38	66	0
Apr 17, 2014 16:15:52	48	70	0
Apr 17, 2014 16:15:53	50	69	0
Apr 17, 2014 16:15:55	53	77	0
Apr 17, 2014 16:15:56	60	83	0
Apr 17, 2014 16:15:57	48	78	0
Apr 17, 2014 16:15:58	53	81	0
Apr 17, 2014 16:15:59	41	77	0
Apr 17, 2014 16:16:00	37	83	0
Apr 17, 2014 16:16:01	37	69	0
Apr 17, 2014 16:16:02	40	51	0
Apr 17, 2014 16:16:03	48	43	0
Apr 17, 2014 16:16:04	43	48	0
Apr 17, 2014 16:16:05	43	60	0
Apr 17, 2014 16:16:06	54	80	0
Apr 17, 2014 16:16:07	51	78	0
Apr 17, 2014 16:16:08	60	70	0
Apr 17, 2014 16:16:09	66	74	0
Apr 17, 2014 16:16:10	53	60	0
Apr 17, 2014 16:16:11	51	57	0
Apr 17, 2014 16:16:12	53	41	0
Apr 17, 2014 16:16:13	48	41	0
Apr 17, 2014 16:16:14	50	53	0
Apr 17, 2014 16:16:15	44	67	0
Apr 17, 2014 16:16:16	43	84	0
Apr 17, 2014 16:16:17	38	80	0
Apr 17, 2014 16:16:18	38	74	0
Apr 17, 2014 16:16:19	41	63	0
Apr 17, 2014 16:16:20	38	60	0
Apr 17, 2014 16:16:21	37	61	0
Apr 17, 2014 16:16:22	34	70	0
Apr 17, 2014 16:16:23	37	78	0
Apr 17, 2014 16:16:24	34	80	0
Apr 17, 2014 16:16:25	37	81	0
Apr 17, 2014 16:16:26	29	66	0
Apr 17, 2014 16:16:27	38	69	0
Apr 17, 2014 16:16:28	37	61	0
Apr 17, 2014 16:16:29	26	63	0
Apr 17, 2014 16:16:30	29	81	0
Apr 17, 2014 16:16:32	38	83	0
Apr 17, 2014 16:16:33	51	80	0
Apr 17, 2014 16:16:34	44	66	0
Apr 17, 2014 16:16:35	43	56	0
Apr 17, 2014 16:16:36	41	60	0
Apr 17, 2014 16:16:37	26	43	0
Apr 17, 2014 16:16:38	29	43	0
Apr 17, 2014 16:16:39	35	53	0
Apr 17, 2014 16:16:40	27	47	0
Apr 17, 2014 16:16:41	41	61	0
Apr 17, 2014 16:16:42	35	67	0
Apr 17, 2014 16:16:43	37	70	0
Apr 17, 2014 16:16:44	47	80	0
Apr 17, 2014 16:16:45	30	75	0
Apr 17, 2014 16:16:46	26	63	0
Apr 17, 2014 16:16:47	26	63	25
Apr 17, 2014 16:16:48	26	51	0
Apr 17, 2014 16:16:49	14	35	0
Apr 17, 2014 16:16:50	14	35	51
Apr 17, 2014 16:16:51	20	41	0
Apr 17, 2014 16:16:52	21	40	0
Apr 17, 2014 16:16:53	23	48	0
Apr 17, 2014 16:16:54	27	50	0
Apr 17, 2014 16:16:55	26	54	0
Apr 17, 2014 16:16:56	38	66	0
Apr 17, 2014 16:16:57	43	70	0
Apr 17, 2014 16:16:58	43	70	26
Apr 17, 2014 16:16:59	51	90	0
Apr 17, 2014 16:17:00	54	74	0
Apr 17, 2014 16:17:01	54	74	26
Apr 17, 2014 16:17:02	37	51	0
Apr 17, 2014 16:17:03	37	51	51
Apr 17, 2014 16:17:04	24	60	0
Apr 17, 2014 16:17:05	26	74	0
Apr 17, 2014 16:17:06	34	78	0
Apr 17, 2014 16:17:08	37	100	0
Apr 17, 2014 16:17:09	47	90	0
Apr 17, 2014 16:17:10	47	88	0
Apr 17, 2014 16:17:11	38	69	0
Apr 17, 2014 16:17:12	37	56	0
Apr 17, 2014 16:17:13	16	51	0
Apr 17, 2014 16:17:14	17	54	0
Apr 17, 2014 16:17:15	26	66	0
Apr 17, 2014 16:17:16	21	61	0
Apr 17, 2014 16:17:17	30	74	0
Apr 17, 2014 16:17:18	37	81	0
Apr 17, 2014 16:17:19	37	84	0
Apr 17, 2014 16:17:20	47	87	0
Apr 17, 2014 16:17:21	53	74	0
Apr 17, 2014 16:17:22	44	54	0
Apr 17, 2014 16:17:23	40	51	0
Apr 17, 2014 16:17:24	27	41	0
Apr 17, 2014 16:17:25	44	48	0
Apr 17, 2014 16:17:26	51	43	0
Apr 17, 2014 16:17:27	67	30	0
Apr 17, 2014 16:17:28	90	40	0
Apr 17, 2014 16:17:29	74	30	0
Apr 17, 2014 16:17:30	75	48	0
Apr 17, 2014 16:17:31	56	56	0
Apr 17, 2014 16:17:32	51	69	0
Apr 17, 2014 16:17:33	51	69	51
Apr 17, 2014 16:17:34	56	67	0
Apr 17, 2014 16:17:35	67	75	0
Apr 17, 2014 16:17:36	88	74	0
Apr 17, 2014 16:17:37	64	63	0
Apr 17, 2014 16:17:38	67	57	0
Apr 17, 2014 16:17:39	64	40	0
Apr 17, 2014 16:17:40	54	44	0
Apr 17, 2014 16:17:41	75	50	0
Apr 17, 2014 16:17:42	60	43	0
Apr 17, 2014 16:17:44	57	51	0
Apr 17, 2014 16:17:45	70	50	0
Apr 17, 2014 16:17:46	60	48	0
Apr 17, 2014 16:17:47	53	44	0
Apr 17, 2014 16:17:48	47	48	0
Apr 17, 2014 16:17:49	47	41	0
Apr 17, 2014 16:17:50	50	41	0
Apr 17, 2014 16:17:51	69	51	0
Apr 17, 2014 16:17:52	75	61	0
Apr 17, 2014 16:17:53	44	63	0
Apr 17, 2014 16:17:54	51	70	0
Apr 17, 2014 16:17:55	44	66	0
Apr 17, 2014 16:17:56	38	54	0
Apr 17, 2014 16:17:57	50	57	0
Apr 17, 2014 16:17:58	41	57	0
Apr 17, 2014 16:17:59	41	57	51
Apr 17, 2014 16:18:00	41	57	25
Apr 17, 2014 16:18:01	43	69	0
Apr 17, 2014 16:18:02	57	66	0
Apr 17, 2014 16:18:03	78	57	0
Apr 17, 2014 16:18:04	66	53	0
Apr 17, 2014 16:18:05	56	44	0
Apr 17, 2014 16:18:06	54	56	0
Apr 17, 2014 16:18:07	43	53	0
Apr 17, 2014 16:18:08	43	53	26
Apr 17, 2014 16:18:09	74	44	0
Apr 17, 2014 16:18:10	78	53	0
Apr 17, 2014 16:18:11	80	51	0
Apr 17, 2014 16:18:12	67	67	0
Apr 17, 2014 16:18:13	40	84	0
Apr 17, 2014 16:18:14	34	84	0
Apr 17, 2014 16:18:15	16	87	0
Apr 17, 2014 16:18:16	13	77	0
Apr 17, 2014 16:18:17	11	66	0
Apr 17, 2014 16:18:18	17	60	0
Apr 17, 2014 16:18:20	21	56	0
Apr 17, 2014 16:18:21	21	56	26
Apr 17, 2014 16:18:22	29	51	0
Apr 17, 2014 16:18:23	29	41	0
Apr 17, 2014 16:18:24	30	34	0
Apr 17, 2014 16:18:25	24	29	0
Apr 17, 2014 16:18:26	26	29	0
Apr 17, 2014 16:18:27	54	37	0
Apr 17, 2014 16:18:28	48	48	0
Apr 17, 2014 16:18:29	61	57	0
Apr 17, 2014 16:18:30	60	66	0
Apr 17, 2014 16:18:31	43	66	0
Apr 17, 2014 16:18:32	47	67	0
Apr 17, 2014 16:18:33	43	61	0
Apr 17, 2014 16:18:34	44	66	0
Apr 17, 2014 16:18:35	51	51	0
Apr 17, 2014 16:18:36	47	57	0
Apr 17, 2014 16:18:37	54	57	0
Apr 17, 2014 16:18:38	56	53	0
Apr 17, 2014 16:18:39	34	48	0
Apr 17, 2014 16:18:40	47	47	0
Apr 17, 2014 16:18:41	44	37	0
Apr 17, 2014 16:18:42	43	38	0
Apr 17, 2014 16:18:43	67	54	0
Apr 17, 2014 16:18:44	66	47	0
Apr 17, 2014 16:18:45	77	43	0
Apr 17, 2014 16:18:46	78	53	0
Apr 17, 2014 16:18:47	77	57	0
Apr 17, 2014 16:18:48	84	66	0
Apr 17, 2014 16:18:49	66	69	0
Apr 17, 2014 16:18:50	70	47	0
Apr 17, 2014 16:18:51	63	38	0
Apr 17, 2014 16:18:52	47	30	0
Apr 17, 2014 16:18:53	48	40	0
Apr 17, 2014 16:18:54	41	66	0
Apr 17, 2014 16:18:55	41	70	0
Apr 17, 2014 16:18:57	47	80	0
Apr 17, 2014 16:18:58	47	64	0
Apr 17, 2014 16:18:59	47	67	0
Apr 17, 2014 16:19:00	43	57	0
Apr 17, 2014 16:19:01	44	51	0
Apr 17, 2014 16:19:02	48	61	0
Apr 17, 2014 16:19:03	41	48	0
Apr 17, 2014 16:19:04	43	57	0
Apr 17, 2014 16:19:05	43	57	0
Apr 17, 2014 16:19:06	53	67	0
Apr 17, 2014 16:19:07	67	63	0
Apr 17, 2014 16:19:08	57	53	0
Apr 17, 2014 16:19:09	57	53	0
Apr 17, 2014 16:19:10	74	38	0
Apr 17, 2014 16:19:11	64	40	0
Apr 17, 2014 16:19:12	66	41	0
Apr 17, 2014 16:19:13	84	41	0
Apr 17, 2014 16:19:14	81	48	0
Apr 17, 2014 16:19:15	77	44	0
Apr 17, 2014 16:19:16	90	51	0
Apr 17, 2014 16:19:17	64	56	0
Apr 17, 2014 16:19:18	51	61	0
Apr 17, 2014 16:19:19	61	66	0
Apr 17, 2014 16:19:20	56	64	0
Apr 17, 2014 16:19:21	56	67	0
Apr 17, 2014 16:19:22	64	57	0
Apr 17, 2014 16:19:23	54	54	0
Apr 17, 2014 16:19:24	40	57	0
Apr 17, 2014 16:19:25	29	43	0
Apr 17, 2014 16:19:26	16	54	0
Apr 17, 2014 16:19:27	4	56	0
Apr 17, 2014 16:19:28	4	51	0
Apr 17, 2014 16:19:29	30	64	0
Apr 17, 2014 16:19:30	51	56	0
Apr 17, 2014 16:19:31	83	44	0
Apr 17, 2014 16:19:33	97	54	0
Apr 17, 2014 16:19:34	90	51	0
Apr 17, 2014 16:19:35	66	47	0
Apr 17, 2014 16:19:36	53	54	0
Apr 17, 2014 16:19:37	60	56	0
Apr 17, 2014 16:19:38	75	64	0
Apr 17, 2014 16:19:39	87	70	0
Apr 17, 2014 16:19:40	91	74	0
Apr 17, 2014 16:19:41	88	80	0
Apr 17, 2014 16:19:42	91	74	0
Apr 17, 2014 16:19:43	87	77	0
Apr 17, 2014 16:19:44	77	63	0
Apr 17, 2014 16:19:45	75	61	0
Apr 17, 2014 16:19:46	69	70	0
Apr 17, 2014 16:19:47	66	63	0
Apr 17, 2014 16:19:48	61	69	0
Apr 17, 2014 16:19:49	63	60	0
Apr 17, 2014 16:19:50	66	57	0
Apr 17, 2014 16:19:51	69	60	0
Apr 17, 2014 16:19:52	83	54	0
Apr 17, 2014 16:19:53	84	54	0
Apr 17, 2014 16:19:54	87	51	0
Apr 17, 2014 16:19:55	78	57	0
Apr 17, 2014 16:19:56	90	61	0
Apr 17, 2014 16:19:57	90	60	0
Apr 17, 2014 16:19:58	83	64	0
Apr 17, 2014 16:19:59	70	60	0
Apr 17, 2014 16:20:00	51	50	0
Apr 17, 2014 16:20:01	44	57	0
Apr 17, 2014 16:20:02	40	43	0
Apr 17, 2014 16:20:03	48	41	0
Apr 17, 2014 16:20:04	56	56	0
Apr 17, 2014 16:20:05	61	66	0
Apr 17, 2014 16:20:06	53	78	0
Apr 17, 2014 16:20:07	51	77	0
Apr 17, 2014 16:20:08	53	61	0
Apr 17, 2014 16:20:10	64	60	0
Apr 17, 2014 16:20:11	70	63	0
Apr 17, 2014 16:20:12	69	67	0
Apr 17, 2014 16:20:13	84	69	0
Apr 17, 2014 16:20:14	100	57	0
Apr 17, 2014 16:20:15	100	48	0
Apr 17, 2014 16:20:16	100	35	0
Apr 17, 2014 16:20:17	100	38	0
Apr 17, 2014 16:20:18	84	40	0
Apr 17, 2014 16:20:19	70	56	0
Apr 17, 2014 16:20:20	61	56	0
Apr 17, 2014 16:20:21	53	60	0
Apr 17, 2014 16:20:22	70	66	0
Apr 17, 2014 16:20:23	77	56	0
Apr 17, 2014 16:20:24	74	63	0
Apr 17, 2014 16:20:25	63	60	0
Apr 17, 2014 16:20:26	47	64	0
Apr 17, 2014 16:20:27	41	75	0
Apr 17, 2014 16:20:28	43	77	0
Apr 17, 2014 16:20:29	48	75	0
Apr 17, 2014 16:20:30	53	66	0
Apr 17, 2014 16:20:31	66	53	0
Apr 17, 2014 16:20:32	63	50	0
Apr 17, 2014 16:20:33	66	60	0
Apr 17, 2014 16:20:34	70	54	0
Apr 17, 2014 16:20:35	66	51	0
Apr 17, 2014 16:20:36	77	56	0
Apr 17, 2014 16:20:37	83	48	0
Apr 17, 2014 16:20:38	84	61	0
Apr 17, 2014 16:20:39	87	56	0
Apr 17, 2014 16:20:40	88	61	0
Apr 17, 2014 16:20:41	88	51	0
Apr 17, 2014 16:20:42	97	50	0
Apr 17, 2014 16:20:43	75	48	0
Apr 17, 2014 16:20:45	78	44	0
Apr 17, 2014 16:20:46	70	44	0
Apr 17, 2014 16:20:47	69	43	0
Apr 17, 2014 16:20:48	88	43	0
Apr 17, 2014 16:20:49	74	29	0
Apr 17, 2014 16:20:50	74	40	0
Apr 17, 2014 16:20:51	63	35	0
Apr 17, 2014 16:20:52	57	44	0
Apr 17, 2014 16:20:53	57	53	0
Apr 17, 2014 16:20:54	67	51	0
Apr 17, 2014 16:20:55	83	54	0
Apr 17, 2014 16:20:56	93	37	0
Apr 17, 2014 16:20:57	100	21	0
Apr 17, 2014 16:20:58	100	21	0
Apr 17, 2014 16:20:59	96	24	0
Apr 17, 2014 16:21:00	81	38	0
Apr 17, 2014 16:21:01	69	66	0
Apr 17, 2014 16:21:02	67	66	0
Apr 17, 2014 16:21:03	66	74	0
Apr 17, 2014 16:21:04	64	66	0
Apr 17, 2014 16:21:05	60	51	0
Apr 17, 2014 16:21:06	67	56	0
Apr 17, 2014 16:21:07	63	51	0
Apr 17, 2014 16:21:08	74	50	0
Apr 17, 2014 16:21:09	74	67	0
Apr 17, 2014 16:21:10	90	57	0
Apr 17, 2014 16:21:11	97	53	0
Apr 17, 2014 16:21:12	100	48	0
Apr 17, 2014 16:21:13	91	53	0
Apr 17, 2014 16:21:14	78	61	0
Apr 17, 2014 16:21:15	74	57	0
Apr 17, 2014 16:21:16	74	48	0
Apr 17, 2014 16:21:17	80	43	0
Apr 17, 2014 16:21:18	87	44	0
Apr 17, 2014 16:21:20	83	53	0
Apr 17, 2014 16:21:21	80	50	0
Apr 17, 2014 16:21:22	77	54	0
Apr 17, 2014 16:21:23	61	54	0
Apr 17, 2014 16:21:24	64	61	0
Apr 17, 2014 16:21:25	78	61	0
Apr 17, 2014 16:21:26	88	61	0
Apr 17, 2014 16:21:27	100	61	0
Apr 17, 2014 16:21:28	84	60	0
Apr 17, 2014 16:21:29	51	64	0
Apr 17, 2014 16:21:30	35	41	0
Apr 17, 2014 16:21:31	17	48	0
Apr 17, 2014 16:21:32	10	56	0
Apr 17, 2014 16:21:33	20	60	0
Apr 17, 2014 16:21:34	13	77	0
Apr 17, 2014 16:21:35	27	63	0
Apr 17, 2014 16:21:36	47	56	0
Apr 17, 2014 16:21:37	57	63	0
Apr 17, 2014 16:21:38	81	63	0
Apr 17, 2014 16:21:39	75	61	0
Apr 17, 2014 16:21:40	77	57	0
Apr 17, 2014 16:21:41	80	67	0
Apr 17, 2014 16:21:42	84	78	0
Apr 17, 2014 16:21:43	81	83	0
Apr 17, 2014 16:21:44	83	69	0
Apr 17, 2014 16:21:45	90	60	0
Apr 17, 2014 16:21:46	83	56	0
Apr 17, 2014 16:21:47	70	53	0
Apr 17, 2014 16:21:48	77	60	0
Apr 17, 2014 16:21:49	81	53	0
Apr 17, 2014 16:21:50	97	47	0
Apr 17, 2014 16:21:51	100	44	0
Apr 17, 2014 16:21:52	90	26	0
Apr 17, 2014 16:21:53	84	35	0
Apr 17, 2014 16:21:54	84	35	0
Apr 17, 2014 16:21:55	74	29	0
Apr 17, 2014 16:21:57	88	51	0
Apr 17, 2014 16:21:58	91	35	0
Apr 17, 2014 16:21:59	83	38	0
Apr 17, 2014 16:22:00	94	44	0
Apr 17, 2014 16:22:01	91	44	0
Apr 17, 2014 16:22:02	94	57	0
Apr 17, 2014 16:22:03	87	53	0
Apr 17, 2014 16:22:04	88	48	0
Apr 17, 2014 16:22:05	91	44	0
Apr 17, 2014 16:22:06	75	48	0
Apr 17, 2014 16:22:07	66	61	0
Apr 17, 2014 16:22:08	43	53	0
Apr 17, 2014 16:22:09	20	54	0
Apr 17, 2014 16:22:10	4	60	0
Apr 17, 2014 16:22:11	4	53	0
Apr 17, 2014 16:22:12	4	64	0
Apr 17, 2014 16:22:13	14	64	0
Apr 17, 2014 16:22:14	27	66	0
Apr 17, 2014 16:22:15	37	67	0
Apr 17, 2014 16:22:16	40	67	0
Apr 17, 2014 16:22:17	44	53	0
Apr 17, 2014 16:22:18	35	50	0
Apr 17, 2014 16:22:19	29	53	0
Apr 17, 2014 16:22:20	29	50	0
Apr 17, 2014 16:22:21	27	53	0
Apr 17, 2014 16:22:22	29	56	0
Apr 17, 2014 16:22:23	30	61	0
Apr 17, 2014 16:22:24	30	61	51
Apr 17, 2014 16:22:25	37	60	0
Apr 17, 2014 16:22:26	53	63	0
Apr 17, 2014 16:22:27	50	54	0
Apr 17, 2014 16:22:28	50	54	0
Apr 17, 2014 16:22:29	54	44	0
Apr 17, 2014 16:22:30	37	41	0
Apr 17, 2014 16:22:31	44	56	0
Apr 17, 2014 16:22:33	43	64	0
Apr 17, 2014 16:22:34	48	66	0
Apr 17, 2014 16:22:35	57	70	0
Apr 17, 2014 16:22:36	64	78	0
Apr 17, 2014 16:22:37	78	80	0
Apr 17, 2014 16:22:38	70	91	0
Apr 17, 2014 16:22:39	60	81	0
Apr 17, 2014 16:22:40	43	63	0
Apr 17, 2014 16:22:41	30	66	0
Apr 17, 2014 16:22:42	35	54	0
Apr 17, 2014 16:22:43	30	70	0
Apr 17, 2014 16:22:44	47	69	0
Apr 17, 2014 16:22:45	30	57	0
Apr 17, 2014 16:22:46	26	51	0
Apr 17, 2014 16:22:47	34	38	0
Apr 17, 2014 16:22:48	23	44	0
Apr 17, 2014 16:22:49	29	48	0
Apr 17, 2014 16:22:50	27	44	0
Apr 17, 2014 16:22:51	20	56	0
Apr 17, 2014 16:22:52	13	63	0
Apr 17, 2014 16:22:53	14	74	0
Apr 17, 2014 16:22:54	13	90	0
Apr 17, 2014 16:22:55	20	93	0
Apr 17, 2014 16:22:56	17	84	0
Apr 17, 2014 16:22:57	17	75	0
Apr 17, 2014 16:22:58	16	61	0
Apr 17, 2014 16:22:59	14	57	0
Apr 17, 2014 16:23:00	26	74	0
Apr 17, 2014 16:23:01	21	77	0
Apr 17, 2014 16:23:02	30	81	0
Apr 17, 2014 16:23:03	35	88	0
Apr 17, 2014 16:23:04	29	83	0
Apr 17, 2014 16:23:05	29	78	0
Apr 17, 2014 16:23:06	27	87	0
Apr 17, 2014 16:23:07	17	74	0
Apr 17, 2014 16:23:09	13	66	0
Apr 17, 2014 16:23:10	21	81	0
Apr 17, 2014 16:23:11	16	70	0
Apr 17, 2014 16:23:12	29	78	0
Apr 17, 2014 16:23:13	29	78	26
Apr 17, 2014 16:23:14	26	80	0
Apr 17, 2014 16:23:15	37	80	0
Apr 17, 2014 16:23:16	37	84	0
Apr 17, 2014 16:23:17	37	75	0
Apr 17, 2014 16:23:18	35	63	0
Apr 17, 2014 16:23:19	26	47	0
Apr 17, 2014 16:23:20	24	30	0
Apr 17, 2014 16:23:21	27	35	0
Apr 17, 2014 16:23:22	23	51	0
Apr 17, 2014 16:23:23	21	66	0
Apr 17, 2014 16:23:24	17	66	0
Apr 17, 2014 16:23:25	29	77	0
Apr 17, 2014 16:23:26	27	74	0
Apr 17, 2014 16:23:27	44	70	0
Apr 17, 2014 16:23:28	40	81	0
Apr 17, 2014 16:23:29	38	70	0
Apr 17, 2014 16:23:30	47	66	0
Apr 17, 2014 16:23:31	40	74	0
Apr 17, 2014 16:23:32	56	70	0
Apr 17, 2014 16:23:33	69	70	0
Apr 17, 2014 16:23:34	74	78	0
Apr 17, 2014 16:23:35	78	64	0
Apr 17, 2014 16:23:36	77	70	0
Apr 17, 2014 16:23:37	69	75	0
Apr 17, 2014 16:23:38	66	63	0
Apr 17, 2014 16:23:39	57	60	0
Apr 17, 2014 16:23:40	69	48	0
Apr 17, 2014 16:23:41	70	44	0
Apr 17, 2014 16:23:42	80	47	0
Apr 17, 2014 16:23:43	87	53	0
Apr 17, 2014 16:23:45	87	53	26
Apr 17, 2014 16:23:46	87	53	27
Apr 17, 2014 16:23:47	64	43	0
Apr 17, 2014 16:23:48	63	47	0
Apr 17, 2014 16:23:49	67	44	0
Apr 17, 2014 16:23:50	69	40	0
Apr 17, 2014 16:23:51	80	64	0
Apr 17, 2014 16:23:52	54	74	0
Apr 17, 2014 16:23:53	54	74	25
Apr 17, 2014 16:23:54	40	70	0
Apr 17, 2014 16:23:55	35	77	0
Apr 17, 2014 16:23:56	41	67	0
Apr 17, 2014 16:23:57	61	63	0
Apr 17, 2014 16:23:58	56	60	0
Apr 17, 2014 16:23:59	48	44	0
Apr 17, 2014 16:24:00	29	53	0
Apr 17, 2014 16:24:01	29	54	0
Apr 17, 2014 16:24:02	40	60	0
Apr 17, 2014 16:24:03	51	70	0
Apr 17, 2014 16:24:04	50	54	0
Apr 17, 2014 16:24:05	50	57	0
Apr 17, 2014 16:24:06	60	47	0
Apr 17, 2014 16:24:07	61	50	0
Apr 17, 2014 16:24:08	91	63	0
Apr 17, 2014 16:24:09	91	61	0
Apr 17, 2014 16:24:10	84	69	0
Apr 17, 2014 16:24:11	77	54	0
Apr 17, 2014 16:24:12	64	51	0
Apr 17, 2014 16:24:13	69	34	0
Apr 17, 2014 16:24:14	80	40	0
Apr 17, 2014 16:24:15	80	57	0
Apr 17, 2014 16:24:16	66	53	0
Apr 17, 2014 16:24:17	63	50	0
Apr 17, 2014 16:24:18	74	48	0
Apr 17, 2014 16:24:19	83	61	0
Apr 17, 2014 16:24:20	78	75	0
Apr 17, 2014 16:24:22	64	88	0
Apr 17, 2014 16:24:23	64	88	26
Apr 17, 2014 16:24:24	63	78	0
Apr 17, 2014 16:24:25	74	74	0
Apr 17, 2014 16:24:26	81	70	0
Apr 17, 2014 16:24:27	88	56	0
Apr 17, 2014 16:24:28	81	64	0
Apr 17, 2014 16:24:29	74	74	0
Apr 17, 2014 16:24:30	61	63	0
Apr 17, 2014 16:24:31	47	61	0
Apr 17, 2014 16:24:32	44	61	0
Apr 17, 2014 16:24:33	51	53	0
Apr 17, 2014 16:24:34	51	53	25
Apr 17, 2014 16:24:35	63	50	0
Apr 17, 2014 16:24:36	81	53	0
Apr 17, 2014 16:24:37	74	54	0
Apr 17, 2014 16:24:38	57	48	0
Apr 17, 2014 16:24:39	60	43	0
Apr 17, 2014 16:24:40	29	41	0
Apr 17, 2014 16:24:41	29	41	26
Apr 17, 2014 16:24:42	44	40	0
Apr 17, 2014 16:24:43	43	51	0
Apr 17, 2014 16:24:44	35	61	0
Apr 17, 2014 16:24:45	51	77	0
Apr 17, 2014 16:24:46	61	69	0
Apr 17, 2014 16:24:47	81	69	0
Apr 17, 2014 16:24:48	100	64	0
Apr 17, 2014 16:24:49	90	69	26
Apr 17, 2014 16:24:50	81	67	0
Apr 17, 2014 16:24:51	77	63	0
Apr 17, 2014 16:24:52	67	67	0
Apr 17, 2014 16:24:53	88	50	0
Apr 17, 2014 16:24:54	90	53	0
Apr 17, 2014 16:24:55	81	48	0
Apr 17, 2014 16:24:56	66	30	0
Apr 17, 2014 16:24:57	67	26	0
Apr 17, 2014 16:24:59	64	29	0
Apr 17, 2014 16:25:00	70	43	0
Apr 17, 2014 16:25:01	67	54	0
Apr 17, 2014 16:25:02	43	64	0
Apr 17, 2014 16:25:03	43	61	0
Apr 17, 2014 16:25:04	40	63	0
Apr 17, 2014 16:25:05	54	66	0
