00:00:00	53	66	0
00:00:02	53	66	0
00:00:03	41	37	0
00:00:04	50	41	0
00:00:05	63	34	0
00:00:06	75	35	0
00:00:07	83	43	0
00:00:08	74	37	0
00:00:09	83	54	0
00:00:10	90	53	0
00:00:11	100	48	0
00:00:12	100	54	0
00:00:13	100	56	0
00:00:14	100	74	0
00:00:15	96	74	0
00:00:16	88	74	0
00:00:17	80	69	0
00:00:18	83	61	0
00:00:19	87	51	0
00:00:20	88	38	0
00:00:21	91	50	0
00:00:22	91	64	0
00:00:23	81	74	0
00:00:24	81	83	0
00:00:25	80	81	0
00:00:26	67	70	0
00:00:27	66	61	0
00:00:28	56	66	0
00:00:29	63	57	0
00:00:30	66	69	0
00:00:31	66	69	0
00:00:32	70	63	0
00:00:34	67	63	0
00:00:35	77	74	0
00:00:36	84	81	0
00:00:37	80	88	0
00:00:38	69	87	0
00:00:39	57	70	0
00:00:40	53	64	0
00:00:41	64	50	0
00:00:42	66	53	0
00:00:43	80	35	0
00:00:44	80	51	0
00:00:45	70	75	0
00:00:46	81	61	0
00:00:47	81	81	0
00:00:48	83	70	0
00:00:49	80	47	0
00:00:50	66	50	0
00:00:51	57	24	0
00:00:52	57	24	26
00:00:53	53	27	0
00:00:54	51	37	0
00:00:55	48	75	0
00:00:56	44	61	0
00:00:57	48	66	0
00:00:58	51	69	0
00:00:59	61	61	0
00:01:00	61	83	0
00:01:01	61	80	0
00:01:02	63	78	0
00:01:03	50	75	0
00:01:04	61	67	0
00:01:06	64	67	0
00:01:07	66	54	0
00:01:08	77	57	0
00:01:09	64	44	0
00:01:10	66	43	0
00:01:11	61	53	0
00:01:12	57	38	0
00:01:13	60	47	0
00:01:14	57	47	0
00:01:15	57	57	0
00:01:16	54	78	0
00:01:17	44	66	0
00:01:18	37	66	0
00:01:19	34	50	0
00:01:20	56	64	0
00:01:21	66	75	0
00:01:22	69	75	0
00:01:23	78	88	0
00:01:24	70	70	0
00:01:25	60	69	0
00:01:26	66	90	0
00:01:27	50	69	0
00:01:28	61	77	0
00:01:29	84	66	0
00:01:30	90	48	0
00:01:31	100	67	0
00:01:32	83	56	0
00:01:33	57	51	0
00:01:34	54	53	0
00:01:35	51	53	0
00:01:36	67	66	0
00:01:37	81	81	0
00:01:38	83	88	0
00:01:40	75	83	0
00:01:41	77	87	0
00:01:42	78	84	0
00:01:43	87	80	0
00:01:44	93	80	0
00:01:45	90	60	0
00:01:46	77	70	0
00:01:47	66	69	0
00:01:48	70	67	0
00:01:49	63	77	0
00:01:50	63	69	0
00:01:51	47	66	0
00:01:52	48	81	0
00:01:53	54	88	0
00:01:54	69	94	0
00:01:55	74	97	0
00:01:56	80	93	0
00:01:57	69	75	0
00:01:58	66	74	0
00:01:59	78	74	0
00:02:00	75	77	0
00:02:01	75	91	0
00:02:02	54	90	0
00:02:03	43	84	0
00:02:04	47	70	0
00:02:05	54	64	0
00:02:06	57	61	0
00:02:07	60	56	0
00:02:08	50	61	0
00:02:09	35	56	0
00:02:10	38	61	0
00:02:12	44	77	0
00:02:13	50	80	0
00:02:14	74	81	0
00:02:15	69	63	0
00:02:16	70	56	0
00:02:17	70	61	0
00:02:18	60	80	0
00:02:19	56	81	0
00:02:20	57	75	0
00:02:21	60	91	0
00:02:22	64	91	0
00:02:23	75	83	0
00:02:24	60	83	0
00:02:25	74	69	0
00:02:26	83	63	0
00:02:27	83	67	0
00:02:28	94	67	0
00:02:29	88	67	0
00:02:30	69	63	0
00:02:31	54	64	0
00:02:32	51	44	0
00:02:33	53	57	0
00:02:34	60	60	0
00:02:35	67	60	0
00:02:36	64	83	0
00:02:37	80	67	0
00:02:38	93	57	0
00:02:39	78	54	0
00:02:40	93	48	0
00:02:41	81	60	0
00:02:42	54	66	0
00:02:43	70	67	0
00:02:44	74	77	0
00:02:46	74	75	0
00:02:47	91	57	0
00:02:48	80	43	0
00:02:49	70	24	0
00:02:50	69	48	0
00:02:51	63	53	0
00:02:52	57	69	0
00:02:53	61	81	0
00:02:54	50	77	0
00:02:55	56	94	0
00:02:56	56	88	0
00:02:57	63	75	0
00:02:58	75	67	0
00:02:59	61	37	0
00:03:00	56	35	0
00:03:01	63	48	0
00:03:02	47	50	0
00:03:03	69	63	0
00:03:04	90	60	0
00:03:05	81	57	0
00:03:06	100	60	0
00:03:07	80	51	0
00:03:08	77	50	0
00:03:09	77	44	0
00:03:10	66	50	0
00:03:11	91	61	0
00:03:12	96	64	0
00:03:13	97	75	0
00:03:14	93	80	0
00:03:15	70	80	0
00:03:16	75	81	0
00:03:18	70	88	0
00:03:19	63	87	0
00:03:20	70	80	0
00:03:21	70	78	0
00:03:22	78	70	0
00:03:23	87	70	0
00:03:24	75	78	0
00:03:25	61	63	0
00:03:26	44	63	0
00:03:27	41	57	0
00:03:28	61	60	0
00:03:29	60	75	0
00:03:30	75	66	0
00:03:31	56	47	0
00:03:32	40	41	0
00:03:33	64	34	0
00:03:34	50	26	0
00:03:35	70	44	0
00:03:36	80	40	0
00:03:37	47	27	0
00:03:38	54	51	0
00:03:39	43	48	0
00:03:40	34	69	0
00:03:41	44	90	0
00:03:42	29	83	0
00:03:43	43	78	0
00:03:44	51	74	0
00:03:45	64	83	0
00:03:46	50	75	0
00:03:47	40	97	0
00:03:49	40	100	0
00:03:50	30	70	0
00:03:51	50	70	0
00:03:52	67	54	0
00:03:53	63	50	0
00:03:54	80	64	0
00:03:55	81	60	0
00:03:56	66	56	0
00:03:57	54	43	0
00:03:58	40	41	0
00:03:59	34	41	0
00:04:00	27	40	0
00:04:01	43	54	0
00:04:02	60	48	0
00:04:03	44	29	0
00:04:04	56	34	0
00:04:05	53	37	0
00:04:06	44	34	0
00:04:07	64	53	0
00:04:08	66	47	0
00:04:09	78	40	0
00:04:10	83	48	0
00:04:11	61	24	0
00:04:12	40	14	0
00:04:13	38	14	0
00:04:14	48	30	0
00:04:15	47	56	0
00:04:16	61	60	0
00:04:17	56	60	0
00:04:18	48	56	0
00:04:19	53	44	0
00:04:21	60	44	0
00:04:22	63	38	0
00:04:23	63	38	0
00:04:24	66	38	0
00:04:25	54	47	0
00:04:26	61	56	0
00:04:27	64	67	0
00:04:28	75	63	0
00:04:29	90	50	0
00:04:30	88	40	0
00:04:31	100	38	0
00:04:32	83	37	0
00:04:33	69	57	0
00:04:34	54	57	0
00:04:35	54	63	0
00:04:36	48	60	0
00:04:37	37	53	0
00:04:38	43	37	0
00:04:39	30	34	0
00:04:40	35	24	0
00:04:41	41	54	0
00:04:42	48	60	0
00:04:43	50	63	0
00:04:44	43	67	0
00:04:45	43	66	0
00:04:46	41	64	0
00:04:47	40	50	0
00:04:48	48	56	0
00:04:49	51	54	0
00:04:50	75	50	0
00:04:51	78	64	0
00:04:52	75	57	0
00:04:54	69	63	0
00:04:55	54	74	0
00:04:56	54	69	0
00:04:57	67	70	0
00:04:58	77	64	0
00:04:59	77	56	0
00:05:00	67	60	0
00:05:01	54	50	0
00:05:02	51	48	0
00:05:03	48	51	0
00:05:04	56	51	0
00:05:05	66	66	0
00:05:06	75	54	0
00:05:07	84	54	0
00:05:08	84	50	0
00:05:09	75	64	0
00:05:10	75	63	0
00:05:11	83	63	0
00:05:12	81	61	0
00:05:13	80	51	0
00:05:14	77	54	0
00:05:15	66	57	0
00:05:16	70	57	0
00:05:17	78	53	0
00:05:18	77	47	0
00:05:19	81	44	0
00:05:20	74	37	0
00:05:21	67	48	0
00:05:22	64	60	0
00:05:23	57	66	0
00:05:24	53	70	0
00:05:26	51	70	0
00:05:27	56	66	0
00:05:28	51	50	0
00:05:29	50	60	0
00:05:30	50	64	0
00:05:31	51	57	0
00:05:32	53	75	0
00:05:33	60	69	0
00:05:34	53	60	0
00:05:35	64	44	0
00:05:36	53	43	0
00:05:37	57	47	0
00:05:38	61	41	0
00:05:39	43	34	0
00:05:40	50	20	0
00:05:41	50	20	0
00:05:42	51	35	0
00:05:43	56	57	0
00:05:44	48	57	0
00:05:45	37	57	0
00:05:46	41	60	0
00:05:47	41	44	0
00:05:48	47	57	0
00:05:49	70	48	0
00:05:50	69	35	0
00:05:51	67	48	0
00:05:52	64	38	0
00:05:53	48	48	0
00:05:54	56	57	0
00:05:55	61	38	0
00:05:56	75	51	0
00:05:58	84	57	0
00:05:59	70	66	0
00:06:00	77	78	0
00:06:01	80	64	0
00:06:02	69	56	0
00:06:03	83	56	0
00:06:04	67	54	0
00:06:05	67	50	0
00:06:06	70	34	0
00:06:07	74	34	0
00:06:08	78	37	0
00:06:09	74	38	0
00:06:10	57	51	0
00:06:11	56	57	0
00:06:12	50	66	0
00:06:13	44	61	0
00:06:14	56	51	0
00:06:15	51	54	0
00:06:16	60	48	0
00:06:17	78	51	0
00:06:18	70	56	0
00:06:19	67	38	0
00:06:20	56	34	0
00:06:21	48	35	0
00:06:22	44	41	0
00:06:23	43	54	0
00:06:24	51	63	0
00:06:25	60	66	0
00:06:26	69	66	0
00:06:27	80	77	0
00:06:28	84	74	0
00:06:29	81	74	0
00:06:31	83	60	0
00:06:32	88	44	0
00:06:33	84	35	0
00:06:34	80	43	0
00:06:35	83	43	0
00:06:36	83	47	0
00:06:37	75	44	0
00:06:38	56	40	0
00:06:39	53	43	0
00:06:40	50	43	0
00:06:41	53	44	0
00:06:42	48	30	0
00:06:43	51	27	0
00:06:44	44	38	0
00:06:45	27	27	0
00:06:46	38	56	0
00:06:47	44	56	0
00:06:48	61	64	0
00:06:49	60	75	0
00:06:50	53	64	0
00:06:51	48	67	0
00:06:52	56	57	0
00:06:53	66	56	0
00:06:54	69	56	0
00:06:55	74	50	0
00:06:56	63	44	0
00:06:57	70	40	0
00:06:58	84	41	0
00:06:59	64	37	0
00:07:00	38	66	0
00:07:01	23	60	0
00:07:03	30	61	0
00:07:04	48	50	0
00:07:05	53	51	0
00:07:06	57	61	0
00:07:07	61	67	0
00:07:08	66	64	0
00:07:09	74	56	0
00:07:10	77	53	0
00:07:11	66	56	0
00:07:12	56	67	0
00:07:13	51	77	0
00:07:14	54	84	0
00:07:15	54	74	0
00:07:16	44	53	0
00:07:17	37	37	0
00:07:18	40	30	0
00:07:19	43	38	0
00:07:20	48	57	0
00:07:21	43	74	0
00:07:22	38	75	0
00:07:23	29	74	0
00:07:24	41	66	0
00:07:25	50	60	0
00:07:26	41	48	0
00:07:27	63	41	0
00:07:28	50	56	0
00:07:29	69	63	0
00:07:30	48	75	0
00:07:31	41	63	0
00:07:32	47	54	0
00:07:33	37	44	0
00:07:35	54	43	0
00:07:36	61	48	0
00:07:37	66	50	0
00:07:38	60	51	0
00:07:39	38	50	0
00:07:40	41	43	0
00:07:41	35	34	0
00:07:42	51	44	0
00:07:43	63	51	0
00:07:44	64	53	0
00:07:45	75	63	0
00:07:46	69	53	0
00:07:47	66	53	0
00:07:48	60	56	0
00:07:49	47	51	0
00:07:50	40	64	0
00:07:51	51	60	0
00:07:52	56	50	0
00:07:53	70	56	0
00:07:54	67	53	0
00:07:55	53	43	0
00:07:56	35	60	0
00:07:57	40	63	0
00:07:58	51	80	0
00:07:59	61	84	0
00:08:00	61	81	0
00:08:01	66	69	0
00:08:02	74	50	0
00:08:03	66	41	0
00:08:04	84	37	0
00:08:05	88	43	0
00:08:06	87	56	0
00:08:08	91	60	0
00:08:09	87	53	0
00:08:10	69	56	0
00:08:11	75	50	0
00:08:12	70	48	0
00:08:13	63	48	0
00:08:14	70	41	0
00:08:15	67	53	0
00:08:16	78	54	0
00:08:17	74	64	0
00:08:18	61	57	0
00:08:19	66	38	0
00:08:20	51	54	0
00:08:21	69	47	0
00:08:22	87	54	0
00:08:23	74	67	0
00:08:24	81	51	0
00:08:25	78	47	0
00:08:26	81	43	0
00:08:27	96	30	0
00:08:28	74	30	0
00:08:29	53	21	0
00:08:30	44	14	0
00:08:31	34	23	0
00:08:32	51	34	0
00:08:33	60	37	0
00:08:34	60	44	0
00:08:35	56	57	0
00:08:36	51	56	0
00:08:37	48	60	0
00:08:38	50	60	0
00:08:39	63	34	0
00:08:40	75	37	0
00:08:42	80	38	0
00:08:43	69	44	0
00:08:44	61	69	0
00:08:45	61	57	0
00:08:46	53	57	0
00:08:47	61	57	0
00:08:48	60	40	0
00:08:49	53	50	0
00:08:50	54	74	0
00:08:51	64	67	0
00:08:52	67	69	0
00:08:53	61	63	0
00:08:54	67	44	0
00:08:55	43	30	0
00:08:56	57	47	0
00:08:57	48	43	0
00:08:58	57	53	0
00:08:59	64	50	0
00:09:00	64	37	0
00:09:01	77	26	0
00:09:02	91	27	0
00:09:03	78	34	0
00:09:04	77	47	0
00:09:05	70	48	0
00:09:06	50	44	0
00:09:07	60	48	0
00:09:08	44	38	0
00:09:09	50	50	0
00:09:10	54	51	0
00:09:11	50	44	0
00:09:12	63	50	0
00:09:14	77	41	0
00:09:15	66	34	0
00:09:16	70	30	0
00:09:17	70	34	0
00:09:18	48	34	0
00:09:19	69	50	0
00:09:20	60	53	0
00:09:21	60	53	0
00:09:22	54	50	0
00:09:23	57	38	0
00:09:24	77	57	0
00:09:25	75	51	0
00:09:26	74	54	0
00:09:27	70	61	0
00:09:28	80	54	0
00:09:29	75	66	0
00:09:30	67	75	0
00:09:31	69	63	0
00:09:32	56	78	0
00:09:33	61	77	0
00:09:34	69	70	0
00:09:35	74	64	0
00:09:36	64	54	0
00:09:37	75	50	0
00:09:38	60	29	0
00:09:39	53	21	0
00:09:40	74	23	0
00:09:41	57	26	0
00:09:42	61	64	0
00:09:43	51	69	0
00:09:44	44	70	0
00:09:45	38	60	0
00:09:47	47	47	0
00:09:48	61	50	0
00:09:49	51	44	0
00:09:50	67	35	0
00:09:51	57	34	0
00:09:52	54	47	0
00:09:53	44	56	0
00:09:54	63	56	0
00:09:55	61	38	0
00:09:56	64	53	0
00:09:57	60	43	0
00:09:58	43	40	0
00:09:59	50	51	0
00:10:00	56	48	0
00:10:01	80	56	0
00:10:02	96	56	0
00:10:03	77	48	0
00:10:04	66	37	0
00:10:05	63	41	0
00:10:06	56	37	0
00:10:07	67	41	0
00:10:08	61	37	0
00:10:09	57	44	0
00:10:10	60	51	0
00:10:11	74	47	0
00:10:12	88	53	0
00:10:13	80	35	0
00:10:14	57	47	0
00:10:15	41	44	0
00:10:16	40	63	0
00:10:17	50	70	0
00:10:18	56	57	0
00:10:20	64	75	0
00:10:21	80	56	0
00:10:22	88	64	0
00:10:23	78	57	0
00:10:24	78	63	0
00:10:25	50	64	0
00:10:26	54	51	0
00:10:27	63	41	0
00:10:28	54	30	0
00:10:29	75	40	0
00:10:30	78	47	0
00:10:31	77	40	0
00:10:32	87	50	0
00:10:33	91	47	0
00:10:34	90	43	0
00:10:35	93	53	0
00:10:36	88	48	0
00:10:37	69	50	0
00:10:38	67	53	0
00:10:39	54	60	0
00:10:40	54	60	0
00:10:41	64	54	0
00:10:42	51	43	0
00:10:43	51	40	0
00:10:44	47	61	0
00:10:45	47	60	0
00:10:46	44	66	0
00:10:47	50	57	0
00:10:48	67	29	0
00:10:49	70	29	0
00:10:50	80	41	0
00:10:52	61	51	0
00:10:53	63	47	0
00:10:54	64	47	0
00:10:55	64	38	0
00:10:56	75	40	0
00:10:57	75	35	0
00:10:58	75	43	0
00:10:59	64	41	0
00:11:00	63	47	0
00:11:01	64	44	0
00:11:02	60	30	0
00:11:03	64	26	0
00:11:04	74	16	0
00:11:05	53	20	0
00:11:06	50	29	0
00:11:07	53	43	0
00:11:08	38	53	0
00:11:09	57	50	0
00:11:10	56	37	0
00:11:11	51	29	0
00:11:12	54	34	0
00:11:13	51	47	0
00:11:14	50	51	0
00:11:15	48	64	0
00:11:16	43	70	0
00:11:17	37	67	0
00:11:18	44	60	0
00:11:19	44	60	0
00:11:20	77	38	0
00:11:21	75	63	0
00:11:22	63	60	0
00:11:24	57	56	0
00:11:25	53	60	0
00:11:26	69	51	0
00:11:27	77	54	0
00:11:28	74	60	0
00:11:29	63	60	0
00:11:30	60	50	0
00:11:31	61	38	0
00:11:32	70	37	0
00:11:33	87	37	0
00:11:34	93	37	0
00:11:35	84	51	0
00:11:36	61	48	0
00:11:37	57	37	0
00:11:38	61	30	0
00:11:39	61	23	0
00:11:40	70	41	0
00:11:41	78	48	0
00:11:42	66	51	0
00:11:43	83	56	0
00:11:44	87	48	0
00:11:45	90	54	0
00:11:46	87	57	0
00:11:47	87	57	0
00:11:48	83	66	0
00:11:49	69	48	0
00:11:50	63	44	0
00:11:51	64	26	0
00:11:52	77	21	0
00:11:53	93	30	0
00:11:54	96	40	0
00:11:55	100	51	0
00:11:57	94	50	0
00:11:58	87	51	0
00:11:59	88	41	0
00:12:00	69	43	0
00:12:01	54	63	0
00:12:02	43	61	0
00:12:03	35	54	0
00:12:04	43	64	0
00:12:05	53	63	0
00:12:06	60	67	0
00:12:07	51	88	0
00:12:08	43	94	0
00:12:09	40	83	0
00:12:10	51	87	0
00:12:11	60	83	0
00:12:12	75	64	0
00:12:13	60	74	0
00:12:14	64	69	0
00:12:15	57	77	0
00:12:16	60	60	0
00:12:17	44	60	0
00:12:18	47	54	0
00:12:19	47	54	0
00:12:20	75	38	0
00:12:21	91	35	0
00:12:22	88	30	0
00:12:23	69	34	0
00:12:24	56	48	0
00:12:25	64	47	0
00:12:26	67	48	0
00:12:27	80	50	0
00:12:29	87	48	0
00:12:30	83	47	0
00:12:31	74	60	0
00:12:32	60	51	0
00:12:33	48	56	0
00:12:34	47	53	0
00:12:35	47	24	0
00:12:36	47	30	0
00:12:37	47	27	0
00:12:38	41	26	0
00:12:39	34	34	0
00:12:40	30	30	0
00:12:41	29	40	0
00:12:42	40	34	0
00:12:43	41	40	0
00:12:44	38	50	0
00:12:45	29	47	0
00:12:46	27	57	0
00:12:47	26	47	0
00:12:48	20	29	0
00:12:49	30	26	0
00:12:50	26	29	0
00:12:51	29	41	0
00:12:52	27	54	0
00:12:53	16	54	0
00:12:54	16	64	0
00:12:55	24	66	0
00:12:56	40	60	0
00:12:57	44	51	0
00:12:58	50	34	0
00:13:00	43	44	0
00:13:01	37	41	0
00:13:02	41	54	0
00:13:03	44	66	0
00:13:04	48	53	0
00:13:05	43	44	0
00:13:06	48	44	0
00:13:07	48	38	0
00:13:08	53	47	0
00:13:09	66	66	0
00:13:10	53	66	0
00:13:11	43	74	0
00:13:12	38	57	0
00:13:13	27	66	0
00:13:14	40	57	0
00:13:15	40	50	0
00:13:16	47	53	0
00:13:17	60	48	0
00:13:18	53	54	0
00:13:19	47	41	0
00:13:20	51	34	0
00:13:21	40	37	0
00:13:22	24	30	0
00:13:23	30	47	0
00:13:24	17	53	0
00:13:25	27	50	0
00:13:26	41	44	0
00:13:27	51	43	0
00:13:28	66	47	0
00:13:29	57	35	0
00:13:30	60	44	0
00:13:31	63	38	0
00:13:33	41	37	0
00:13:34	41	43	0
00:13:35	56	34	0
00:13:36	57	44	0
00:13:37	60	38	0
00:13:38	70	44	0
00:13:39	44	63	0
00:13:40	53	63	0
00:13:41	56	64	0
00:13:42	54	56	0
00:13:43	60	53	0
00:13:44	56	48	0
00:13:45	40	50	0
00:13:46	38	60	0
00:13:47	38	57	0
00:13:48	37	61	0
00:13:49	43	47	0
00:13:50	51	40	0
00:13:51	54	34	0
00:13:52	50	40	0
00:13:53	48	50	0
00:13:54	41	47	0
00:13:55	30	48	0
00:13:56	30	53	0
00:13:57	37	51	0
00:13:58	30	48	0
00:13:59	30	48	0
00:14:00	47	53	0
00:14:01	40	57	0
00:14:02	37	63	0
00:14:03	29	64	0
00:14:04	24	60	0
00:14:05	24	63	0
00:14:07	30	67	0
00:14:08	23	61	0
00:14:09	13	47	0
00:14:10	14	50	0
00:14:11	30	57	0
00:14:12	37	66	0
00:14:13	50	69	0
00:14:14	47	57	0
00:14:15	30	43	0
00:14:16	30	44	0
00:14:17	26	43	0
00:14:18	37	43	0
00:14:19	50	50	0
00:14:20	56	47	0
00:14:21	50	38	0
00:14:22	41	48	0
00:14:23	38	53	0
00:14:24	37	47	0
00:14:25	41	63	0
00:14:26	38	47	0
00:14:27	40	53	0
00:14:28	41	47	0
00:14:29	53	44	0
00:14:30	50	53	0
00:14:31	48	53	0
00:14:32	43	60	0
00:14:33	41	57	0
00:14:34	51	54	0
00:14:35	50	53	0
00:14:36	60	51	0
00:14:37	54	54	0
00:14:38	57	43	0
00:14:39	61	40	0
00:14:41	74	35	0
00:14:42	66	41	0
00:14:43	57	61	0
00:14:44	40	63	0
00:14:45	24	70	0
00:14:46	13	63	0
00:14:47	21	54	0
00:14:48	40	60	0
00:14:49	40	69	0
00:14:50	51	84	0
00:14:51	43	78	0
00:14:52	41	78	0
00:14:53	54	51	0
00:14:54	69	38	0
00:14:55	75	34	0
00:14:56	78	24	0
00:14:57	66	29	0
00:14:58	51	44	0
00:14:59	54	61	0
00:15:00	50	77	0
00:15:01	50	70	0
00:15:02	43	66	0
00:15:03	30	64	0
00:15:04	34	61	0
00:15:05	30	84	0
00:15:06	48	87	0
00:15:07	41	80	0
00:15:08	35	61	0
00:15:09	23	63	0
00:15:10	26	56	0
00:15:11	24	41	0
00:15:12	35	37	0
00:15:13	44	35	0
00:15:15	34	50	0
00:15:16	51	61	0
00:15:17	54	74	0
00:15:18	48	70	0
00:15:19	43	56	0
00:15:20	34	47	0
00:15:21	17	26	0
00:15:22	16	20	0
00:15:23	30	26	0
00:15:24	23	29	0
00:15:25	34	37	0
00:15:26	30	38	0
00:15:27	21	23	0
00:15:28	27	34	0
00:15:29	37	43	0
00:15:30	37	51	0
00:15:31	35	66	0
00:15:32	29	67	0
00:15:33	26	75	0
00:15:34	37	67	0
00:15:35	54	69	0
00:15:36	56	63	0
00:15:37	44	50	0
00:15:38	27	41	0
00:15:39	24	30	0
00:15:40	34	29	0
00:15:41	40	35	0
00:15:42	48	34	0
00:15:43	56	35	0
00:15:44	48	47	0
00:15:45	44	41	0
00:15:46	35	23	0
00:15:47	27	26	0
00:15:49	26	17	0
00:15:50	21	4	0
00:15:51	30	20	0
00:15:52	47	37	0
00:15:53	48	51	0
00:15:54	54	70	0
00:15:55	48	67	0
00:15:56	48	61	0
00:15:57	34	38	0
00:15:58	24	48	0
00:15:59	35	57	0
00:16:00	30	70	0
00:16:01	53	84	0
00:16:02	67	64	0
00:16:03	54	57	0
00:16:04	63	40	0
00:16:05	47	35	0
00:16:06	60	40	0
00:16:07	61	40	0
00:16:08	69	48	0
00:16:09	80	53	0
00:16:10	66	38	0
00:16:11	67	35	0
00:16:12	57	21	0
00:16:13	53	30	0
00:16:14	61	50	0
00:16:15	66	48	0
00:16:16	67	44	0
00:16:17	75	37	0
00:16:18	88	24	0
00:16:19	69	35	0
00:16:20	67	53	0
00:16:22	54	67	0
00:16:23	40	80	0
00:16:24	50	81	0
00:16:25	54	67	0
00:16:26	61	54	0
00:16:27	69	53	0
00:16:28	57	47	0
00:16:29	48	44	0
00:16:30	40	38	0
00:16:31	26	37	0
00:16:32	30	53	0
00:16:33	26	43	0
00:16:34	26	38	0
00:16:35	29	27	0
00:16:36	34	35	0
00:16:37	44	43	0
00:16:38	44	43	0
00:16:39	53	43	0
00:16:40	51	40	0
00:16:41	54	44	0
00:16:42	51	40	0
00:16:43	44	47	0
00:16:44	50	51	0
00:16:45	43	47	0
00:16:46	48	41	0
00:16:47	51	50	0
00:16:48	51	53	0
00:16:49	48	74	0
00:16:50	60	77	0
00:16:51	56	63	0
00:16:52	51	53	0
00:16:53	54	43	0
00:16:54	41	38	0
00:16:55	37	47	0
00:16:56	44	50	0
00:16:58	53	37	0
00:16:59	47	51	0
00:17:00	60	57	0
00:17:01	57	56	0
00:17:02	56	63	0
00:17:03	64	43	0
00:17:04	67	27	0
00:17:05	74	16	0
00:17:06	69	10	0
00:17:07	48	26	0
00:17:08	41	40	0
00:17:09	41	47	0
00:17:10	30	30	0
00:17:11	38	27	0
00:17:12	26	27	0
00:17:13	40	27	0
00:17:14	47	44	0
00:17:15	47	61	0
00:17:16	63	61	0
00:17:17	47	61	0
00:17:18	50	63	0
00:17:19	44	50	0
00:17:20	41	53	0
00:17:21	35	47	0
00:17:22	29	51	0
00:17:23	41	50	0
00:17:24	43	53	0
00:17:25	56	64	0
00:17:26	54	56	0
00:17:27	61	56	0
00:17:28	53	56	0
00:17:29	54	50	0
00:17:31	61	48	0
00:17:32	48	57	0
00:17:33	48	60	0
00:17:34	43	43	0
00:17:35	41	54	0
00:17:36	43	50	0
00:17:37	50	54	0
00:17:38	50	54	0
00:17:39	53	53	0
00:17:40	57	34	0
00:17:41	48	37	0
00:17:42	51	47	0
00:17:43	40	41	0
00:17:44	41	47	0
00:17:45	47	54	0
00:17:46	44	41	0
00:17:47	60	34	0
00:17:48	61	43	0
00:17:49	67	43	0
00:17:50	88	37	0
00:17:51	77	38	0
00:17:52	83	27	0
00:17:53	69	17	0
00:17:54	57	34	0
00:17:55	67	30	0
00:17:56	60	35	0
00:17:57	70	41	0
00:17:58	70	29	0
00:17:59	51	37	0
00:18:00	54	43	0
00:18:01	44	50	0
00:18:02	38	60	0
00:18:03	48	66	0
00:18:04	51	54	0
00:18:05	57	51	0
00:18:06	69	41	0
00:18:08	67	43	0
00:18:09	56	56	0
00:18:10	50	69	0
00:18:11	43	60	0
00:18:12	35	64	0
00:18:13	47	63	0
00:18:14	64	38	0
00:18:15	69	51	0
00:18:16	66	53	0
00:18:17	56	38	0
00:18:18	40	48	0
00:18:19	40	27	0
00:18:20	47	11	0
00:18:21	48	13	0
00:18:22	38	16	0
00:18:23	38	27	0
00:18:24	38	43	0
00:18:25	47	53	0
00:18:26	40	41	0
00:18:27	35	29	0
00:18:28	34	26	0
00:18:29	26	1	0
00:18:30	40	14	0
00:18:31	50	17	0
00:18:32	40	1	0
00:18:33	35	13	0
00:18:34	23	10	0
00:18:35	17	26	0
00:18:36	30	43	0
00:18:37	40	69	0
00:18:38	53	66	0
00:18:39	44	70	0
00:18:40	40	30	0
00:18:41	34	35	0
00:18:43	20	35	0
00:18:44	20	37	0
00:18:45	24	78	0
00:18:46	23	81	0
00:18:47	27	84	0
00:18:48	34	87	0
00:18:49	27	67	0
00:18:50	40	60	0
00:18:51	47	67	0
00:18:52	43	69	0
00:18:53	50	87	0
00:18:54	35	81	0
00:18:55	26	69	0
00:18:56	34	70	0
00:18:57	40	51	0
00:18:58	53	60	0
00:18:59	63	67	0
00:19:00	61	63	0
00:19:01	61	75	0
00:19:02	60	74	0
00:19:03	56	75	0
00:19:04	51	77	0
00:19:05	50	70	0
00:19:06	38	70	0
00:19:07	43	56	0
00:19:08	44	53	0
00:19:09	48	56	0
00:19:10	43	63	0
00:19:11	41	69	0
00:19:12	47	77	0
00:19:13	40	75	0
00:19:14	48	77	0
00:19:15	40	70	0
00:19:16	27	74	0
00:19:17	48	66	0
00:19:19	57	66	0
00:19:20	63	63	0
00:19:21	60	53	0
00:19:22	48	63	0
00:19:23	44	64	0
00:19:24	47	69	0
00:19:25	56	67	0
00:19:26	63	51	0
00:19:27	47	44	0
00:19:28	60	44	0
00:19:29	44	48	0
00:19:30	30	67	0
00:19:31	30	64	0
00:19:32	21	63	0
00:19:33	30	67	0
00:19:34	47	64	0
00:19:35	61	75	0
00:19:36	64	77	0
00:19:37	67	75	0
00:19:38	69	75	0
00:19:39	57	74	0
00:19:40	63	75	0
00:19:41	60	74	0
00:19:42	60	67	0
00:19:43	50	61	0
00:19:44	44	64	0
00:19:45	38	56	0
00:19:46	29	48	0
00:19:47	38	57	0
00:19:48	47	54	0
00:19:49	56	64	0
00:19:50	51	64	0
00:19:51	63	67	0
00:19:52	60	67	0
00:19:54	56	69	0
00:19:55	57	74	0
00:19:56	67	66	0
00:19:57	61	69	0
00:19:58	41	57	0
00:19:59	56	64	0
00:20:00	47	67	0
00:20:01	44	63	0
00:20:02	69	77	0
00:20:03	64	77	0
00:20:04	47	69	0
00:20:05	57	61	0
00:20:06	50	57	0
00:20:07	34	61	0
00:20:08	56	57	0
00:20:09	41	66	0
00:20:10	48	56	0
00:20:11	48	63	0
00:20:12	34	48	0
00:20:13	35	50	0
00:20:14	27	57	0
00:20:15	35	57	0
00:20:16	51	75	0
00:20:17	53	83	0
00:20:18	60	91	0
00:20:19	34	87	0
00:20:20	23	83	0
00:20:21	14	67	0
00:20:22	13	56	0
00:20:23	26	54	0
00:20:24	27	48	0
00:20:25	27	47	0
00:20:26	40	50	0
00:20:27	27	53	0
00:20:28	30	60	0
00:20:30	37	67	0
00:20:31	21	61	0
00:20:32	27	57	0
00:20:33	37	60	0
00:20:34	61	60	0
00:20:35	66	63	0
00:20:36	66	80	0
00:20:37	63	87	0
00:20:38	63	87	0
00:20:39	54	100	0
00:20:40	57	91	0
00:20:41	56	87	0
00:20:42	48	83	0
00:20:43	37	83	0
00:20:44	34	78	0
00:20:45	44	70	0
00:20:46	47	80	0
00:20:47	53	87	0
00:20:48	47	81	0
00:20:49	48	84	0
00:20:50	47	74	0
00:20:51	44	74	0
00:20:52	48	88	0
00:20:53	43	87	0
00:20:54	41	100	0
00:20:55	40	100	0
00:20:56	40	87	0
00:20:57	37	84	0
00:20:58	38	77	0
00:20:59	47	69	0
00:21:00	50	74	0
00:21:01	51	75	0
00:21:02	57	74	0
00:21:03	56	69	0
00:21:04	43	69	0
00:21:06	35	63	0
00:21:07	29	67	0
00:21:08	20	77	0
00:21:09	27	80	0
00:21:10	23	80	0
00:21:11	41	63	0
00:21:12	50	64	0
00:21:13	77	60	0
00:21:14	60	66	0
00:21:15	60	57	0
00:21:16	51	56	0
00:21:17	51	56	0
00:21:18	37	50	0
00:21:19	16	44	0
00:21:20	24	51	0
00:21:21	35	41	0
00:21:22	34	53	0
00:21:23	43	57	0
00:21:24	43	44	0
00:21:25	47	48	0
00:21:26	47	43	0
00:21:27	44	38	0
00:21:28	47	57	0
00:21:29	44	63	0
00:21:30	35	54	0
00:21:31	40	74	0
00:21:32	26	69	0
00:21:33	21	61	0
00:21:34	20	60	0
00:21:35	21	48	0
00:21:36	34	43	0
00:21:37	54	51	0
00:21:38	53	53	0
00:21:39	48	50	0
00:21:41	37	60	0
00:21:42	24	70	0
00:21:43	29	81	0
00:21:44	24	74	0
00:21:45	24	64	0
00:21:46	17	70	0
00:21:47	10	64	0
00:21:48	17	74	0
00:21:49	20	70	0
00:21:50	30	69	0
00:21:51	37	67	0
00:21:52	38	53	0
00:21:53	50	60	0
00:21:54	61	51	0
00:21:55	64	61	0
00:21:56	61	80	0
00:21:57	48	77	0
00:21:58	34	87	0
00:21:59	35	81	0
00:22:00	29	66	0
00:22:01	35	67	0
00:22:02	37	54	0
00:22:03	38	54	0
00:22:04	43	54	0
00:22:05	38	54	0
00:22:06	38	60	0
00:22:07	37	57	0
00:22:08	50	57	0
00:22:09	56	63	0
00:22:10	53	78	0
00:22:11	51	78	0
00:22:12	38	80	0
00:22:13	40	67	0
00:22:14	40	64	0
00:22:15	47	70	0
00:22:17	43	70	0
00:22:18	53	66	0
00:22:19	61	64	0
00:22:20	48	51	0
00:22:21	40	34	0
00:22:22	40	40	0
00:22:23	20	26	0
00:22:24	23	27	0
00:22:25	27	30	0
00:22:26	27	30	0
00:22:27	24	38	0
00:22:28	23	48	0
00:22:29	24	47	0
00:22:30	20	43	0
00:22:31	38	60	0
00:22:32	41	54	0
00:22:33	40	50	0
00:22:34	34	50	0
00:22:35	26	41	0
00:22:36	26	37	0
00:22:37	24	44	0
00:22:38	37	56	0
00:22:39	30	50	0
00:22:40	38	50	0
00:22:41	40	40	0
00:22:42	34	24	0
00:22:43	38	29	0
00:22:44	44	41	0
00:22:45	53	54	0
00:22:46	60	56	0
00:22:47	66	77	0
00:22:48	60	74	0
00:22:49	41	57	0
00:22:50	44	61	0
00:22:51	30	47	0
00:22:52	34	43	0
00:22:54	51	57	0
00:22:55	54	57	0
00:22:56	54	57	0
00:22:57	54	67	0
00:22:58	47	70	0
00:22:59	30	67	0
00:23:00	47	74	0
00:23:01	43	74	0
00:23:02	50	66	0
00:23:03	61	64	0
00:23:04	54	63	0
00:23:05	47	56	0
00:23:06	37	43	0
00:23:07	38	40	0
00:23:08	26	48	0
00:23:09	27	66	0
00:23:10	34	78	0
00:23:11	21	70	0
00:23:12	27	64	0
00:23:13	26	50	0
00:23:14	27	56	0
00:23:15	30	66	0
00:23:16	34	66	0
00:23:17	26	51	0
00:23:18	20	48	0
00:23:19	13	43	0
00:23:20	3	47	0
00:23:21	11	41	0
00:23:22	10	40	0
00:23:23	13	47	0
00:23:24	30	47	0
00:23:25	37	61	0
00:23:26	43	69	0
00:23:27	48	69	0
00:23:28	37	80	0
00:23:29	34	78	0
00:23:30	40	74	0
00:23:32	35	60	0
00:23:33	37	53	0
00:23:34	35	53	0
00:23:35	23	56	0
00:23:36	38	69	0
00:23:37	38	67	0
00:23:38	44	61	0
00:23:39	51	54	0
00:23:40	37	60	0
00:23:41	29	75	0
00:23:42	17	80	0
00:23:43	13	75	0
00:23:44	14	56	0
00:23:45	23	47	0
00:23:46	24	43	0
00:23:47	30	66	0
00:23:48	17	54	0
00:23:49	10	54	0
00:23:50	1	41	0
00:23:51	20	66	0
00:23:52	14	83	0
00:23:53	13	78	0
00:23:54	17	80	0
00:23:55	3	88	0
00:23:56	1	75	0
00:23:57	1	88	0
00:23:58	3	90	0
00:23:59	17	80	0
00:24:00	26	96	0
00:24:01	23	83	0
00:24:02	21	96	0
00:24:03	26	100	0
00:24:04	24	100	0
00:24:05	37	100	0
00:24:06	37	84	0
00:24:08	34	77	0
00:24:09	38	69	0
00:24:10	30	70	0
00:24:11	38	87	0
00:24:12	29	78	0
00:24:13	38	69	0
00:24:14	35	57	0
00:24:15	30	60	0
00:24:16	53	61	0
00:24:17	53	61	0
00:24:18	56	61	0
00:24:19	64	43	0
00:24:20	44	50	0
00:24:21	35	57	0
00:24:22	16	77	0
00:24:23	20	78	0
00:24:24	29	81	0
00:24:25	37	77	0
00:24:26	37	61	0
00:24:27	34	63	0
00:24:28	23	64	0
00:24:29	14	63	0
00:24:30	23	61	0
00:24:31	23	56	0
00:24:32	38	50	0
00:24:33	35	51	0
00:24:34	41	63	0
00:24:35	50	74	0
00:24:36	41	60	0
00:24:37	47	54	0
00:24:38	41	47	0
00:24:39	41	35	0
00:24:40	40	38	0
00:24:42	35	40	0
00:24:43	38	30	0
00:24:44	41	26	0
00:24:45	50	27	0
00:24:46	60	26	0
00:24:47	61	47	0
00:24:48	50	51	0
00:24:49	54	66	0
00:24:50	48	56	0
00:24:51	63	64	0
00:24:52	66	60	0
00:24:53	56	53	0
00:24:54	70	60	0
00:24:55	69	57	0
00:24:56	64	47	0
00:24:57	51	44	0
00:24:58	38	38	0
00:24:59	11	30	0
00:25:00	11	35	0
00:25:01	16	43	0
00:25:02	14	40	0
00:25:03	20	43	0
00:25:04	16	43	0
00:25:05	21	38	0
00:25:06	26	35	0
00:25:07	26	27	0
00:25:08	30	20	0
00:25:09	29	17	0
00:25:10	35	20	0
00:25:11	48	29	0
00:25:12	40	40	0
00:25:13	38	47	0
00:25:14	30	48	0
00:25:15	21	38	0
00:25:16	26	50	0
00:25:18	29	56	0
00:25:19	30	64	0
00:25:20	38	74	0
00:25:21	37	51	0
00:25:22	34	34	0
00:25:23	37	27	0
00:25:24	35	24	0
00:25:25	50	24	0
00:25:26	50	41	0
00:25:27	60	40	0
00:25:28	70	47	0
00:25:29	63	54	0
00:25:30	78	47	0
00:25:31	74	51	0
00:25:32	74	54	0
00:25:33	75	57	0
00:25:34	63	69	0
00:25:35	51	61	0
00:25:36	41	53	0
00:25:37	37	43	0
00:25:38	51	37	0
00:25:39	63	53	0
00:25:40	75	53	0
00:25:41	83	63	0
00:25:42	69	69	0
00:25:43	60	63	0
00:25:44	50	67	0
00:25:45	57	66	0
00:25:46	50	48	0
00:25:47	50	35	0
00:25:48	53	35	0
00:25:49	43	38	0
00:25:50	56	60	0
00:25:51	56	48	0
00:25:53	50	37	0
00:25:54	56	37	0
00:25:55	60	35	0
00:25:56	61	41	0
00:25:57	63	44	0
00:25:58	51	41	0
00:25:59	63	47	0
00:26:00	53	43	0
00:26:01	67	44	0
00:26:02	81	50	0
00:26:03	67	38	0
00:26:04	87	37	0
00:26:05	87	34	0
00:26:06	77	40	0
00:26:07	90	51	0
00:26:08	84	54	0
00:26:09	88	56	0
00:26:10	87	38	0
00:26:11	84	44	0
00:26:12	69	47	0
00:26:13	54	37	0
00:26:14	67	48	0
00:26:15	61	38	0
00:26:16	74	34	0
00:26:17	83	41	0
00:26:18	74	38	0
00:26:19	66	30	0
00:26:20	64	40	0
00:26:21	66	44	0
00:26:22	63	57	0
00:26:23	66	61	0
00:26:24	60	53	0
00:26:25	51	48	0
00:26:26	44	41	0
00:26:27	43	40	0
00:26:28	37	40	0
00:26:30	50	48	0
00:26:31	53	48	0
00:26:32	48	44	0
00:26:33	48	48	0
00:26:34	48	34	0
00:26:35	53	30	0
00:26:36	48	24	0
00:26:37	53	29	0
00:26:38	47	41	0
00:26:39	41	41	0
00:26:40	43	50	0
00:26:41	34	48	0
00:26:42	44	53	0
00:26:43	37	56	0
00:26:44	38	74	0
00:26:45	41	81	0
00:26:46	35	80	0
00:26:47	43	88	0
00:26:48	44	90	0
00:26:49	43	75	0
00:26:50	21	80	0
00:26:51	21	67	0
00:26:52	17	78	0
00:26:53	35	70	0
00:26:54	34	70	0
00:26:55	34	70	0
00:26:56	43	48	0
00:26:57	51	51	0
00:26:58	44	44	0
00:26:59	63	48	0
00:27:00	54	48	0
00:27:01	43	41	0
00:27:02	53	47	0
00:27:03	44	43	0
00:27:04	41	48	0
00:27:06	37	44	0
00:27:07	43	60	0
00:27:08	30	69	0
00:27:09	26	78	0
00:27:10	29	80	0
00:27:11	24	69	0
00:27:12	37	57	0
00:27:13	41	57	0
00:27:14	53	69	0
00:27:15	61	70	0
00:27:16	50	66	0
00:27:17	64	60	0
00:27:18	67	56	0
00:27:19	54	51	0
00:27:20	63	63	0
00:27:21	67	63	0
00:27:22	75	60	0
00:27:23	94	63	0
00:27:24	91	57	0
00:27:25	78	60	0
00:27:26	53	61	0
00:27:27	54	53	0
00:27:28	61	48	0
00:27:29	70	35	0
00:27:30	75	27	0
00:27:31	66	27	0
00:27:32	50	29	0
00:27:33	34	41	0
00:27:34	57	41	0
00:27:35	60	43	0
00:27:36	64	50	0
00:27:37	78	57	0
00:27:38	51	57	0
00:27:39	64	60	0
00:27:40	67	60	0
00:27:42	50	44	0
00:27:43	67	44	0
00:27:44	57	51	0
00:27:45	63	51	0
00:27:46	78	64	0
00:27:47	66	78	0
00:27:48	67	81	0
00:27:49	57	87	0
00:27:50	40	56	0
00:27:51	37	44	0
00:27:52	27	40	0
00:27:53	27	34	0
00:27:54	38	56	0
00:27:55	64	60	0
00:27:56	81	51	0
00:27:57	91	48	0
00:27:58	81	50	0
00:27:59	88	50	0
00:28:00	63	60	0
00:28:01	53	57	0
00:28:02	41	61	0
00:28:03	20	47	0
00:28:04	30	47	0
00:28:05	43	60	0
00:28:06	44	50	0
00:28:07	44	50	26
00:28:08	44	61	0
00:28:09	44	61	0
00:28:10	34	57	0
00:28:11	30	64	0
00:28:12	43	69	0
00:28:13	50	69	0
00:28:14	47	77	0
00:28:15	50	78	0
00:28:16	56	75	0
00:28:18	41	67	0
00:28:19	35	54	0
00:28:20	29	60	0
00:28:21	24	57	0
00:28:22	37	61	0
00:28:23	53	61	0
00:28:24	69	57	0
00:28:25	67	63	0
00:28:26	66	74	0
00:28:27	44	54	0
00:28:28	40	27	0
00:28:29	30	29	0
00:28:30	50	17	0
00:28:31	61	34	0
00:28:32	78	60	0
00:28:33	75	54	0
00:28:34	54	63	0
00:28:35	47	56	0
00:28:36	38	48	0
00:28:37	40	53	0
00:28:38	26	43	0
00:28:39	38	57	0
00:28:40	30	67	0
00:28:41	27	57	0
00:28:42	48	70	0
00:28:43	34	56	0
00:28:44	40	56	0
00:28:45	29	61	0
00:28:46	17	60	0
00:28:47	23	74	0
00:28:48	20	69	0
00:28:49	30	80	0
00:28:50	37	74	0
00:28:52	35	70	0
00:28:53	23	77	0
00:28:54	27	67	0
00:28:55	37	77	0
00:28:56	37	74	0
00:28:57	51	83	0
00:28:58	48	74	0
00:28:59	40	75	0
00:29:00	41	67	0
00:29:01	35	63	0
00:29:02	35	61	0
00:29:03	38	56	0
00:29:04	37	64	0
00:29:05	37	66	0
00:29:06	26	67	0
00:29:07	37	77	0
00:29:08	47	66	0
00:29:09	47	74	0
00:29:10	43	69	0
00:29:11	44	64	0
00:29:12	37	64	0
00:29:13	48	57	0
00:29:14	56	56	0
00:29:15	60	60	0
00:29:16	54	75	0
00:29:17	51	78	0
00:29:18	50	75	0
00:29:19	47	67	0
00:29:20	47	51	0
00:29:21	47	53	0
00:29:22	51	74	0
00:29:23	56	70	0
00:29:24	44	67	0
00:29:25	41	63	0
00:29:26	48	51	0
00:29:27	51	51	0
00:29:29	48	48	0
00:29:30	37	47	0
00:29:31	40	51	0
00:29:32	60	63	0
00:29:33	56	61	0
00:29:34	57	63	0
00:29:35	57	60	0
00:29:36	51	61	0
00:29:37	48	61	0
00:29:38	60	63	0
00:29:39	56	67	0
00:29:40	44	63	0
00:29:41	44	61	0
00:29:42	30	74	0
00:29:43	38	67	0
00:29:44	48	74	0
00:29:45	43	74	0
00:29:46	44	61	0
00:29:47	40	64	0
00:29:48	38	77	0
00:29:49	48	96	0
00:29:50	54	93	0
00:29:51	47	90	0
00:29:52	53	74	0
00:29:53	51	51	0
00:29:54	47	61	0
00:29:55	47	61	0
00:29:56	51	66	0
00:29:57	64	75	0
00:29:58	57	67	0
00:29:59	47	57	0
00:30:00	37	54	0
00:30:01	29	50	0
00:30:02	50	53	0
00:30:04	47	64	0
00:30:05	44	61	0
00:30:06	50	61	0
00:30:07	38	67	0
00:30:08	44	61	0
00:30:09	44	66	0
00:30:10	41	66	0
00:30:11	37	60	0
00:30:12	44	50	0
00:30:13	40	48	0
00:30:14	38	48	0
00:30:15	44	44	0
00:30:16	47	53	0
00:30:17	37	50	0
00:30:18	35	47	0
00:30:19	26	47	0
00:30:20	27	50	0
00:30:21	43	56	0
00:30:22	44	51	0
00:30:23	51	47	0
00:30:24	38	50	0
00:30:25	43	51	0
00:30:26	50	48	0
00:30:27	57	41	0
00:30:28	66	29	0
00:30:29	54	29	0
00:30:30	37	35	0
00:30:31	21	41	0
00:30:32	13	44	0
00:30:33	29	63	0
00:30:34	43	75	0
00:30:35	64	66	0
00:30:36	78	64	0
00:30:38	69	51	0
00:30:39	64	50	0
00:30:40	57	47	0
00:30:41	51	41	0
00:30:42	61	44	0
00:30:43	66	41	0
00:30:44	69	53	0
00:30:45	63	56	0
00:30:46	51	51	0
00:30:47	38	44	0
00:30:48	27	41	0
00:30:49	34	40	0
00:30:50	35	54	0
00:30:51	43	64	0
00:30:52	40	57	0
00:30:53	27	66	0
00:30:54	26	75	0
00:30:55	20	77	0
00:30:56	24	88	0
00:30:57	30	78	0
00:30:58	40	77	0
00:30:59	37	64	0
00:31:00	35	54	0
00:31:01	35	48	0
00:31:02	54	51	0
00:31:03	53	47	0
00:31:04	64	61	0
00:31:05	57	56	0
00:31:06	51	63	0
00:31:07	41	66	0
00:31:08	35	53	0
00:31:09	47	61	0
00:31:10	44	66	0
00:31:11	56	70	0
00:31:12	63	70	0
00:31:13	57	64	0
00:31:15	57	64	0
00:31:16	44	66	0
00:31:17	35	83	0
00:31:18	47	74	0
00:31:19	53	67	0
00:31:20	53	64	0
00:31:21	53	44	0
00:31:22	41	51	0
00:31:23	41	51	0
00:31:24	43	47	0
00:31:25	44	70	0
00:31:26	41	87	0
00:31:27	41	91	0
00:31:28	51	100	0
00:31:29	54	90	0
00:31:30	47	83	0
00:31:31	44	75	0
00:31:32	53	74	0
00:31:33	47	63	0
00:31:34	53	56	0
00:31:35	48	48	0
00:31:36	34	51	0
00:31:37	44	44	0
00:31:38	41	47	0
00:31:39	35	57	0
00:31:40	41	53	0
00:31:41	30	53	0
00:31:42	27	35	0
00:31:43	37	41	0
00:31:44	50	50	0
00:31:45	61	63	0
00:31:46	63	77	0
00:31:47	64	69	0
00:31:48	44	69	0
00:31:49	26	70	0
00:31:51	35	84	0
00:31:52	35	88	0
00:31:53	48	91	0
00:31:54	57	84	0
00:31:55	60	84	0
00:31:56	50	91	0
00:31:57	47	80	0
00:31:58	40	80	0
00:31:59	37	91	0
00:32:00	27	93	0
00:32:01	26	87	0
00:32:02	44	69	0
00:32:03	35	56	0
00:32:04	30	63	0
00:32:05	47	66	0
00:32:06	35	67	0
00:32:07	30	60	0
00:32:08	30	56	0
00:32:09	21	63	0
00:32:10	23	63	0
00:32:11	34	78	0
00:32:12	44	77	0
00:32:13	56	69	0
00:32:14	50	74	0
00:32:15	48	74	0
00:32:16	48	61	0
00:32:17	43	67	0
00:32:18	53	66	0
00:32:19	47	60	0
00:32:20	47	77	0
00:32:21	50	66	0
00:32:22	41	53	0
00:32:24	41	48	0
00:32:25	44	40	0
00:32:26	37	50	0
00:32:27	30	67	0
00:32:28	27	87	0
00:32:29	20	100	0
00:32:30	26	100	0
00:32:31	40	78	0
00:32:32	43	69	0
00:32:33	47	69	0
00:32:34	48	67	0
00:32:35	47	88	0
00:32:36	41	90	0
00:32:37	44	84	0
00:32:38	47	78	0
00:32:39	44	75	0
00:32:40	54	67	0
00:32:41	48	78	0
00:32:42	41	84	0
00:32:43	43	87	0
00:32:44	37	93	0
00:32:45	47	87	0
00:32:46	54	77	0
00:32:47	54	74	0
00:32:48	50	56	0
00:32:49	48	47	0
00:32:50	40	48	0
00:32:51	41	51	0
00:32:52	51	61	0
00:32:53	47	69	0
00:32:54	51	63	0
00:32:55	53	57	0
00:32:56	51	51	0
00:32:57	51	40	0
00:32:58	51	44	0
00:32:59	50	27	0
00:33:01	43	24	0
00:33:02	41	24	0
00:33:03	37	41	0
00:33:04	41	51	0
00:33:05	41	69	0
00:33:06	40	66	0
00:33:07	34	54	0
00:33:08	34	48	0
00:33:09	29	44	0
00:33:10	21	53	0
00:33:11	30	64	0
00:33:12	21	61	0
00:33:13	26	50	0
00:33:14	26	50	0
00:33:15	53	47	0
00:33:16	63	48	0
00:33:17	63	50	0
00:33:18	60	57	0
00:33:19	54	61	0
00:33:20	51	60	0
00:33:21	54	56	0
00:33:22	61	51	0
00:33:23	57	51	0
00:33:24	54	50	0
00:33:25	56	60	0
00:33:26	40	61	0
00:33:27	34	63	0
00:33:28	35	78	0
00:33:29	30	81	0
00:33:30	41	69	0
00:33:31	41	64	0
00:33:32	41	57	0
00:33:33	34	60	0
00:33:34	40	64	0
00:33:35	37	66	0
00:33:36	35	61	0
00:33:38	41	61	0
00:33:39	38	56	0
00:33:40	37	54	0
00:33:41	48	56	0
00:33:42	56	53	0
00:33:43	54	48	0
00:33:44	60	41	0
00:33:45	57	43	0
00:33:46	56	44	0
00:33:47	48	47	0
00:33:48	57	50	0
00:33:49	47	54	0
00:33:50	37	48	0
00:33:51	41	51	0
00:33:52	30	74	0
00:33:53	34	66	0
00:33:54	34	70	0
00:33:55	34	87	0
00:33:56	38	64	0
00:33:57	38	63	0
00:33:58	41	56	0
00:33:59	51	50	0
00:34:00	56	57	0
00:34:01	47	61	0
00:34:02	41	80	0
00:34:03	38	77	0
00:34:04	27	75	0
00:34:05	30	64	0
00:34:06	27	64	0
00:34:07	43	61	0
00:34:08	38	60	0
00:34:09	37	66	0
00:34:10	27	61	0
00:34:11	23	66	0
00:34:12	41	57	0
00:34:14	44	66	0
00:34:15	54	74	0
00:34:16	66	69	0
00:34:17	54	74	0
00:34:18	48	57	0
00:34:19	51	54	0
00:34:20	30	47	0
00:34:21	48	56	0
00:34:22	69	60	0
00:34:23	66	50	0
00:34:24	74	64	0
00:34:25	64	63	0
00:34:26	43	56	0
00:34:27	48	60	0
00:34:28	48	57	0
00:34:29	38	75	0
00:34:30	44	74	0
00:34:31	51	81	0
00:34:32	66	67	0
00:34:33	83	40	0
00:34:34	84	44	0
00:34:35	69	54	0
00:34:36	61	69	0
00:34:37	44	64	0
00:34:38	40	56	0
00:34:39	53	53	0
00:34:40	67	43	0
00:34:41	75	51	0
00:34:42	88	48	0
00:34:43	88	53	0
00:34:44	74	61	0
00:34:45	77	64	0
00:34:46	64	70	0
00:34:47	47	53	0
00:34:49	44	41	0
00:34:50	53	35	0
00:34:51	57	23	0
00:34:52	69	40	0
00:34:53	61	44	0
00:34:54	47	50	0
00:34:55	38	53	0
00:34:56	26	43	0
00:34:57	34	48	0
00:34:58	35	51	0
00:34:59	40	54	0
00:35:00	51	60	0
00:35:01	60	51	0
00:35:02	60	44	0
00:35:03	66	43	0
00:35:04	61	47	0
00:35:05	61	47	0
00:35:06	37	57	0
00:35:07	30	56	0
00:35:08	24	53	0
00:35:09	43	48	0
00:35:10	54	53	0
00:35:11	54	57	0
00:35:12	56	60	0
00:35:13	66	64	0
00:35:14	60	57	0
00:35:15	44	74	0
00:35:16	34	67	0
00:35:17	16	56	0
00:35:18	27	51	0
00:35:19	47	34	0
00:35:20	61	41	0
00:35:21	63	37	0
00:35:22	51	40	0
00:35:24	53	43	0
00:35:25	40	37	0
00:35:26	35	54	0
00:35:27	29	61	0
00:35:28	16	56	0
00:35:29	24	63	0
00:35:30	26	51	0
00:35:31	34	44	0
00:35:32	40	44	0
00:35:33	43	44	0
00:35:34	50	51	0
00:35:35	56	56	0
00:35:36	64	63	0
00:35:37	78	51	0
00:35:38	77	37	0
00:35:39	74	44	0
00:35:40	70	34	0
00:35:41	60	47	0
00:35:42	54	60	0
00:35:43	53	51	0
00:35:44	54	63	0
00:35:45	44	64	0
00:35:46	38	60	0
00:35:47	35	54	0
00:35:48	35	56	0
00:35:49	29	57	0
00:35:50	30	56	0
00:35:51	27	53	0
00:35:52	34	54	0
00:35:53	47	53	0
00:35:54	48	50	0
00:35:55	38	57	0
00:35:56	30	53	0
00:35:57	35	50	0
00:35:58	37	57	0
00:35:59	37	60	0
00:36:01	43	61	0
00:36:02	35	66	0
00:36:03	38	64	0
