00:00:00	34	38	0
00:00:01	21	38	0
00:00:02	23	38	0
00:00:03	24	26	0
00:00:04	26	17	0
00:00:05	40	24	0
00:00:06	29	17	0
00:00:07	37	29	0
00:00:08	47	47	0
00:00:09	41	50	0
00:00:10	56	64	0
00:00:11	60	64	0
00:00:12	50	66	0
00:00:13	50	63	0
00:00:14	40	64	0
00:00:15	37	69	0
00:00:16	53	75	0
00:00:17	63	83	0
00:00:18	67	87	0
00:00:19	78	80	0
00:00:20	67	91	0
00:00:21	48	83	0
00:00:23	43	87	0
00:00:24	20	100	0
00:00:25	26	94	0
00:00:26	37	100	0
00:00:27	41	100	0
00:00:28	53	91	0
00:00:29	63	80	0
00:00:30	74	77	0
00:00:31	83	81	0
00:00:32	88	87	0
00:00:33	75	93	0
00:00:34	75	84	0
00:00:35	84	64	0
00:00:36	93	63	0
00:00:37	90	51	0
00:00:38	70	50	0
00:00:39	61	67	0
00:00:40	44	63	0
00:00:41	41	66	0
00:00:42	50	70	0
00:00:43	37	57	0
00:00:44	30	67	0
00:00:45	35	80	0
00:00:46	26	83	0
00:00:47	13	83	0
00:00:48	10	74	0
00:00:49	26	70	0
00:00:50	43	64	0
00:00:51	66	75	0
00:00:52	83	78	0
00:00:53	80	63	0
00:00:54	77	66	0
00:00:55	83	64	0
00:00:56	77	66	0
00:00:57	77	78	0
00:00:59	56	90	0
00:01:00	60	94	0
00:01:01	48	100	0
00:01:02	44	100	0
00:01:03	54	96	0
00:01:04	54	96	0
00:01:05	57	87	0
00:01:06	75	77	0
00:01:07	70	83	0
00:01:08	67	67	0
00:01:09	77	66	0
00:01:10	60	69	0
00:01:11	66	64	0
00:01:12	56	77	0
00:01:13	67	78	0
00:01:14	78	77	0
00:01:15	83	74	0
00:01:16	94	69	0
00:01:17	78	83	0
00:01:18	75	83	0
00:01:19	56	100	0
00:01:20	50	100	0
00:01:21	47	88	0
00:01:22	37	84	0
00:01:23	47	54	0
00:01:24	44	50	0
00:01:25	57	57	0
00:01:26	81	54	0
00:01:27	81	70	0
00:01:28	75	75	0
00:01:29	53	83	0
00:01:30	53	75	0
00:01:31	54	74	0
00:01:33	60	67	0
00:01:34	66	70	0
00:01:35	60	93	0
00:01:36	50	100	0
00:01:37	43	96	0
00:01:38	50	78	0
00:01:39	56	74	0
00:01:40	53	81	0
00:01:41	67	87	0
00:01:42	51	94	0
00:01:43	41	93	0
00:01:44	57	83	0
00:01:45	53	84	0
00:01:46	61	96	0
00:01:47	70	91	0
00:01:48	63	91	0
00:01:49	57	96	0
00:01:50	50	87	0
00:01:51	47	87	0
00:01:52	41	90	0
00:01:53	30	90	0
00:01:54	40	94	0
00:01:55	40	96	0
00:01:56	50	90	0
00:01:57	56	77	0
00:01:58	44	75	0
00:01:59	27	63	0
00:02:00	35	74	0
00:02:01	30	63	0
00:02:02	44	61	0
00:02:03	63	69	0
00:02:04	77	70	0
00:02:05	84	83	0
00:02:06	64	91	0
00:02:08	50	90	0
00:02:09	44	80	0
00:02:10	60	69	0
00:02:11	69	67	0
00:02:12	69	78	0
00:02:13	56	77	0
00:02:14	41	87	0
00:02:15	35	90	0
00:02:16	38	67	0
00:02:17	43	78	0
00:02:18	54	63	0
00:02:19	57	63	0
00:02:20	57	69	0
00:02:21	67	78	0
00:02:22	61	88	0
00:02:23	41	69	0
00:02:24	29	81	0
00:02:25	1	69	0
00:02:26	1	64	0
00:02:27	3	75	0
00:02:28	17	70	0
00:02:29	48	69	0
00:02:30	69	74	0
00:02:31	56	66	0
00:02:32	56	66	0
00:02:33	29	69	0
00:02:34	20	77	0
00:02:35	26	75	0
00:02:36	34	74	0
00:02:37	44	78	0
00:02:38	53	78	0
00:02:39	61	84	0
00:02:40	50	90	0
00:02:41	43	88	0
00:02:42	47	83	0
00:02:44	53	83	0
00:02:45	69	67	0
00:02:46	67	74	0
00:02:47	63	60	0
00:02:48	50	63	0
00:02:49	35	70	0
00:02:50	38	67	0
00:02:51	44	80	0
00:02:52	64	75	0
00:02:53	69	81	0
00:02:54	61	75	0
00:02:55	41	77	0
00:02:56	27	64	0
00:02:57	41	56	0
00:02:58	54	60	0
00:02:59	70	63	0
00:03:00	80	75	0
00:03:01	57	67	0
00:03:02	47	61	0
00:03:03	51	57	0
00:03:04	56	67	0
00:03:05	88	66	0
00:03:06	97	69	0
00:03:07	94	81	0
00:03:08	100	77	0
00:03:09	81	81	0
00:03:10	84	77	0
00:03:11	91	69	0
00:03:12	83	74	0
00:03:13	91	69	0
00:03:14	87	70	0
00:03:15	78	63	0
00:03:16	67	66	0
00:03:17	57	80	0
00:03:18	56	77	0
00:03:20	51	96	0
00:03:21	57	88	0
00:03:22	50	80	0
00:03:23	27	69	0
00:03:24	20	66	0
00:03:25	23	64	0
00:03:26	30	53	0
00:03:27	47	70	0
00:03:28	54	61	0
00:03:29	44	74	0
00:03:30	44	78	0
00:03:31	38	75	0
00:03:32	51	75	0
00:03:33	50	83	0
00:03:34	56	80	0
00:03:35	54	84	0
00:03:36	63	66	0
00:03:37	69	50	0
00:03:38	80	44	0
00:03:39	80	43	0
00:03:40	69	44	0
00:03:41	51	57	0
00:03:42	37	61	0
00:03:43	29	56	0
00:03:44	40	69	0
00:03:45	48	69	0
00:03:46	61	81	0
00:03:47	54	90	0
00:03:48	43	88	0
00:03:49	40	94	0
00:03:50	44	91	0
00:03:51	43	69	0
00:03:52	48	67	0
00:03:53	53	53	0
00:03:54	43	53	0
00:03:55	53	54	0
00:03:57	53	47	0
00:03:58	51	50	0
00:03:59	61	41	0
00:04:00	48	54	0
00:04:01	38	61	0
00:04:02	30	74	0
00:04:03	29	83	0
00:04:04	54	97	0
00:04:05	77	87	0
00:04:06	66	75	0
00:04:07	60	67	0
00:04:08	57	61	0
00:04:09	37	64	0
00:04:10	34	63	0
00:04:11	47	56	0
00:04:12	47	56	0
00:04:13	48	50	0
00:04:14	51	53	0
00:04:15	29	61	0
00:04:16	27	64	0
00:04:17	35	75	0
00:04:18	24	70	0
00:04:19	38	78	0
00:04:20	41	69	0
00:04:21	37	70	0
00:04:22	50	75	0
00:04:23	43	77	0
00:04:24	37	67	0
00:04:25	27	44	0
00:04:26	34	51	0
00:04:27	37	24	0
00:04:28	34	41	0
00:04:29	37	41	0
00:04:30	29	35	0
00:04:31	30	54	0
00:04:33	43	51	0
00:04:34	44	74	0
00:04:35	40	81	0
00:04:36	43	100	0
00:04:37	38	100	0
00:04:38	56	93	0
00:04:39	57	70	0
00:04:40	63	57	0
00:04:41	66	56	0
00:04:42	44	56	0
00:04:43	41	75	0
00:04:44	27	74	0
00:04:45	37	63	0
00:04:46	50	61	0
00:04:47	41	57	0
00:04:48	43	54	0
00:04:49	40	61	0
00:04:50	43	74	0
00:04:51	56	80	0
00:04:52	54	100	0
00:04:53	48	100	0
00:04:54	24	100	0
00:04:55	21	96	0
00:04:56	35	75	0
00:04:57	40	63	0
00:04:58	60	30	0
00:04:59	60	44	0
00:05:00	43	44	0
00:05:01	30	41	0
00:05:02	26	44	0
00:05:03	20	47	0
00:05:04	34	57	0
00:05:05	17	66	0
00:05:06	14	78	0
00:05:08	16	74	0
00:05:09	8	91	0
00:05:10	23	100	0
00:05:11	11	78	0
00:05:12	13	69	0
00:05:13	17	44	0
00:05:14	35	40	0
00:05:15	40	34	0
00:05:16	24	38	0
00:05:17	27	53	0
00:05:18	16	61	0
00:05:19	24	70	0
00:05:20	40	67	0
00:05:21	34	61	0
00:05:22	47	53	0
00:05:23	44	50	0
00:05:24	38	54	0
00:05:25	40	51	0
00:05:26	24	56	0
00:05:27	27	69	0
00:05:28	37	83	0
00:05:29	43	91	0
00:05:30	27	88	0
00:05:31	35	84	0
00:05:32	30	74	0
00:05:33	34	74	0
00:05:34	41	69	0
00:05:35	51	66	0
00:05:36	61	63	0
00:05:37	75	63	0
00:05:38	69	78	0
00:05:39	77	80	0
00:05:40	63	87	0
00:05:41	47	74	0
00:05:43	47	57	0
00:05:44	40	60	0
00:05:45	38	61	0
00:05:46	63	64	0
00:05:47	63	64	0
00:05:48	63	64	0
00:05:49	66	57	0
00:05:50	56	60	0
00:05:51	64	56	0
00:05:52	74	56	0
00:05:53	63	60	0
00:05:54	60	63	0
00:05:55	47	77	0
00:05:56	40	83	0
00:05:57	51	88	0
00:05:58	54	94	0
00:05:59	69	90	0
00:06:00	80	83	0
00:06:01	81	81	0
00:06:02	75	81	0
00:06:03	63	88	0
00:06:04	57	81	0
00:06:05	70	80	0
00:06:06	70	70	0
00:06:07	70	74	0
00:06:08	69	66	0
00:06:09	57	50	0
00:06:10	64	47	0
00:06:11	54	51	0
00:06:12	50	40	0
00:06:13	51	56	0
00:06:14	44	60	0
00:06:15	40	60	0
00:06:16	41	74	0
00:06:18	35	63	0
00:06:19	38	61	0
00:06:20	53	63	0
00:06:21	56	67	0
00:06:22	69	80	0
00:06:23	70	75	0
00:06:24	69	64	0
00:06:25	61	54	0
00:06:26	48	48	0
00:06:27	44	47	0
00:06:28	38	60	0
00:06:29	41	56	0
00:06:30	47	57	0
00:06:31	51	63	0
00:06:32	53	66	0
00:06:33	53	63	0
00:06:34	47	61	0
00:06:35	50	67	0
00:06:36	47	67	0
00:06:37	35	67	0
00:06:38	29	57	0
00:06:39	11	54	0
00:06:40	4	43	0
00:06:41	10	37	0
00:06:42	4	43	0
00:06:43	1	27	0
00:06:44	16	30	0
00:06:45	26	34	0
00:06:46	37	24	0
00:06:47	60	34	0
00:06:48	67	48	0
00:06:49	80	54	0
00:06:50	66	64	0
00:06:51	48	67	0
00:06:53	24	57	0
00:06:54	17	60	0
00:06:55	24	57	0
00:06:56	34	63	0
00:06:57	63	61	0
00:06:58	51	61	0
00:06:59	43	61	0
00:07:00	38	63	0
00:07:01	16	74	0
00:07:02	38	69	0
00:07:03	56	67	0
00:07:04	54	60	0
00:07:05	48	61	0
00:07:06	41	61	0
00:07:07	47	64	0
00:07:08	26	51	0
00:07:09	26	30	0
00:07:10	24	35	0
00:07:11	24	40	0
00:07:12	38	37	0
00:07:13	35	53	0
00:07:14	23	51	0
00:07:15	20	56	0
00:07:16	21	61	0
00:07:17	26	64	0
00:07:18	30	41	0
00:07:19	44	34	0
00:07:20	40	50	0
00:07:21	30	40	0
00:07:22	34	56	0
00:07:23	23	64	0
00:07:24	38	57	0
00:07:25	60	66	0
00:07:26	57	57	0
00:07:28	61	48	0
00:07:29	53	51	0
00:07:30	54	61	0
00:07:31	61	75	0
00:07:32	53	70	0
00:07:33	50	67	0
00:07:34	43	61	0
00:07:35	34	54	0
00:07:36	34	60	0
00:07:37	8	66	0
00:07:38	11	69	0
00:07:39	21	80	0
00:07:40	41	93	0
00:07:41	61	74	0
00:07:42	54	54	0
00:07:43	66	50	0
00:07:44	64	40	0
00:07:45	41	50	0
00:07:46	48	66	0
00:07:47	24	51	0
00:07:48	26	56	0
00:07:49	37	47	0
00:07:50	51	48	0
00:07:51	51	48	0
00:07:52	57	66	0
00:07:53	63	63	0
00:07:54	48	70	0
00:07:55	57	75	0
00:07:56	53	57	0
00:07:57	54	60	0
00:07:58	53	64	0
00:07:59	61	61	0
00:08:00	60	75	0
00:08:01	66	77	0
00:08:03	75	63	0
00:08:04	57	63	0
00:08:05	61	56	0
00:08:06	50	61	0
00:08:07	43	61	0
00:08:08	44	54	0
00:08:09	48	43	0
00:08:10	34	38	0
00:08:11	48	40	0
00:08:12	37	27	0
00:08:13	27	30	0
00:08:14	35	27	0
00:08:15	24	20	0
00:08:16	40	35	0
00:08:17	67	16	0
00:08:18	67	17	0
00:08:19	81	20	0
00:08:20	97	13	0
00:08:21	93	34	0
00:08:22	97	43	0
00:08:23	100	40	0
00:08:24	94	50	0
00:08:25	84	44	0
00:08:26	91	44	0
00:08:27	87	57	0
00:08:28	84	48	0
00:08:29	100	48	0
00:08:30	100	37	0
00:08:31	100	8	0
00:08:32	100	14	0
00:08:33	100	14	0
00:08:34	100	10	0
00:08:35	100	16	0
00:08:36	100	21	0
00:08:37	70	27	0
00:08:38	60	50	0
00:08:40	41	40	0
00:08:41	38	37	0
00:08:42	24	29	0
00:08:43	23	16	0
00:08:44	23	21	0
00:08:45	21	29	0
00:08:46	30	47	0
00:08:47	37	48	0
00:08:48	51	37	0
00:08:49	66	35	0
00:08:50	60	24	0
00:08:51	54	24	0
00:08:52	43	48	0
00:08:53	35	47	0
00:08:54	30	53	0
00:08:55	26	54	0
00:08:56	13	34	0
00:08:57	1	38	0
00:08:58	1	43	0
00:08:59	1	34	0
00:09:00	1	43	0
00:09:01	8	43	0
00:09:02	8	30	0
00:09:03	13	41	0
00:09:04	14	37	0
00:09:05	17	26	0
00:09:06	16	35	0
00:09:07	8	29	0
00:09:08	3	40	0
00:09:09	1	47	0
00:09:10	1	67	0
00:09:11	8	74	0
00:09:12	14	83	0
00:09:13	23	69	0
00:09:14	24	69	0
00:09:15	21	60	0
00:09:17	17	44	0
00:09:18	14	44	0
00:09:19	16	43	0
00:09:20	14	44	0
00:09:21	20	56	0
00:09:22	17	56	0
00:09:23	17	57	0
00:09:24	13	67	0
00:09:25	11	70	0
00:09:26	10	74	0
00:09:27	10	67	0
00:09:28	11	44	0
00:09:29	10	44	0
00:09:30	14	56	0
00:09:31	20	47	0
00:09:32	24	51	0
00:09:33	38	47	0
00:09:34	40	34	0
00:09:35	47	35	0
00:09:36	54	37	0
00:09:37	51	29	0
00:09:38	57	35	0
00:09:39	53	43	0
00:09:40	61	54	0
00:09:41	64	54	0
00:09:42	64	54	26
00:09:43	63	53	0
00:09:44	66	41	0
00:09:45	78	38	0
00:09:46	81	34	0
00:09:47	83	30	0
00:09:48	74	35	0
00:09:49	57	44	0
00:09:51	44	44	0
00:09:52	41	56	0
00:09:53	43	61	0
00:09:54	54	47	0
00:09:55	60	64	0
00:09:56	64	60	0
00:09:57	64	60	26
00:09:58	67	57	0
00:09:59	63	57	0
00:10:00	63	57	26
00:10:01	66	48	0
00:10:02	70	30	0
00:10:03	74	30	0
00:10:04	75	38	0
00:10:05	67	34	0
00:10:06	60	44	0
00:10:07	60	38	0
00:10:08	47	20	0
00:10:09	43	16	0
00:10:10	53	13	0
00:10:11	44	37	0
00:10:12	48	37	0
00:10:13	34	51	0
00:10:14	37	50	0
00:10:15	27	38	0
00:10:16	16	57	0
00:10:17	11	51	0
00:10:18	1	60	0
00:10:19	3	70	0
00:10:20	3	60	0
00:10:21	7	61	0
00:10:22	8	54	0
00:10:23	14	44	0
00:10:24	27	48	0
00:10:25	20	40	0
00:10:27	17	40	0
00:10:28	21	38	0
00:10:29	16	38	0
00:10:30	35	44	0
00:10:31	37	57	0
00:10:32	30	69	0
00:10:33	38	61	0
00:10:34	29	57	0
00:10:35	37	38	0
00:10:36	35	38	0
00:10:37	26	51	0
00:10:38	29	53	0
00:10:39	24	57	0
00:10:40	27	61	0
00:10:41	7	54	0
00:10:42	4	60	0
00:10:43	7	64	0
00:10:44	13	67	0
00:10:45	13	63	0
00:10:46	17	66	0
00:10:47	13	44	0
00:10:48	26	40	0
00:10:49	29	41	0
00:10:50	29	41	0
00:10:51	43	54	0
00:10:52	47	51	0
00:10:53	43	51	0
00:10:54	38	64	0
00:10:55	44	63	0
00:10:56	38	77	0
00:10:57	47	74	0
00:10:58	53	64	0
00:10:59	43	66	0
00:11:00	47	67	0
00:11:02	37	80	0
00:11:03	37	78	0
00:11:04	41	81	0
00:11:05	37	81	0
00:11:06	43	75	0
00:11:07	38	75	0
00:11:08	27	69	0
00:11:09	26	66	0
00:11:10	26	60	0
00:11:11	13	57	0
00:11:12	43	41	0
00:11:13	41	56	0
00:11:14	48	54	0
00:11:15	43	57	0
00:11:16	40	56	0
00:11:17	29	37	0
00:11:18	41	48	0
00:11:19	40	44	0
00:11:20	37	48	0
00:11:21	44	61	0
00:11:22	38	60	0
00:11:23	40	53	0
00:11:24	47	60	0
00:11:25	44	75	0
00:11:26	40	78	0
00:11:27	38	78	0
00:11:28	24	91	0
00:11:29	30	70	0
00:11:30	30	70	0
00:11:31	30	70	0
00:11:32	30	56	0
00:11:33	24	57	0
00:11:34	10	61	0
00:11:35	16	56	0
00:11:36	10	50	0
00:11:38	20	50	0
00:11:39	34	47	0
00:11:40	40	48	0
00:11:41	51	56	0
00:11:42	38	51	0
00:11:43	35	57	0
00:11:44	30	63	0
00:11:45	34	66	0
00:11:46	35	44	0
00:11:47	24	38	0
00:11:48	20	35	0
00:11:49	21	35	0
00:11:50	4	43	0
00:11:51	7	44	0
00:11:52	3	40	0
00:11:53	1	41	0
00:11:54	14	43	0
00:11:55	26	50	0
00:11:56	41	47	0
00:11:57	50	48	0
00:11:58	51	54	0
00:11:59	37	63	0
00:12:00	23	53	0
00:12:01	13	56	0
00:12:02	4	43	0
00:12:03	20	30	0
00:12:04	40	47	0
00:12:05	37	43	0
00:12:06	40	54	0
00:12:07	41	69	0
00:12:08	29	57	0
00:12:09	38	57	0
00:12:10	38	57	0
00:12:12	27	40	0
00:12:13	23	57	0
00:12:14	13	57	0
00:12:15	21	57	0
00:12:16	26	53	0
00:12:17	23	54	0
00:12:18	24	60	0
00:12:19	40	51	0
00:12:20	47	47	0
00:12:21	57	35	0
00:12:22	51	44	0
00:12:23	37	54	0
00:12:24	34	57	0
00:12:25	24	61	0
00:12:26	30	41	0
00:12:27	41	35	0
00:12:28	43	34	0
00:12:29	38	38	0
00:12:30	50	50	0
00:12:31	48	56	0
00:12:32	50	60	0
00:12:33	57	63	0
00:12:34	38	51	0
00:12:35	26	47	0
00:12:36	20	54	0
00:12:37	17	63	0
00:12:38	27	64	0
00:12:39	37	60	0
00:12:40	41	51	0
00:12:41	40	43	0
00:12:42	37	51	0
00:12:43	23	61	0
00:12:44	14	56	0
00:12:46	16	67	0
00:12:47	34	63	0
00:12:48	48	61	0
00:12:49	64	74	0
00:12:50	54	66	0
00:12:51	48	78	0
00:12:52	40	77	0
00:12:53	37	69	0
00:12:54	37	74	0
00:12:55	37	60	0
00:12:56	30	66	0
00:12:57	20	61	0
00:12:58	17	54	0
00:12:59	17	60	0
00:13:00	14	56	0
00:13:01	20	60	0
00:13:02	23	70	0
00:13:03	34	70	0
00:13:04	48	69	0
00:13:05	56	69	0
00:13:06	57	74	0
00:13:07	50	90	0
00:13:08	40	80	0
00:13:09	35	90	0
00:13:10	23	67	0
00:13:11	35	60	0
00:13:12	29	66	0
00:13:13	40	87	0
00:13:14	34	90	0
00:13:15	26	87	0
00:13:16	35	77	0
00:13:17	48	67	0
00:13:18	54	74	0
00:13:20	54	67	0
00:13:21	44	56	0
00:13:22	24	51	0
00:13:23	20	51	0
00:13:24	13	54	0
00:13:25	21	54	0
00:13:26	37	61	0
00:13:27	40	56	0
00:13:28	43	56	0
00:13:29	41	61	0
00:13:30	43	63	0
00:13:31	43	57	0
00:13:32	47	51	0
00:13:33	40	57	0
00:13:34	30	54	0
00:13:35	21	44	0
00:13:36	27	54	0
00:13:37	35	53	0
00:13:38	44	41	0
00:13:39	56	61	0
00:13:40	51	57	0
00:13:41	50	53	0
00:13:42	47	61	0
00:13:43	44	63	0
00:13:44	43	64	0
00:13:45	26	48	0
00:13:46	24	44	0
00:13:47	17	48	0
00:13:48	21	56	0
00:13:49	48	61	0
00:13:50	44	61	0
00:13:51	44	56	0
00:13:52	30	57	0
00:13:53	26	56	0
00:13:55	24	56	0
00:13:56	20	63	0
00:13:57	29	61	0
00:13:58	26	70	0
00:13:59	26	63	0
00:14:00	34	60	0
00:14:01	38	50	0
00:14:02	37	48	0
00:14:03	37	60	0
00:14:04	34	63	0
00:14:05	30	70	0
00:14:06	23	74	0
00:14:07	11	64	0
00:14:08	30	67	0
00:14:09	23	54	0
00:14:10	24	47	0
00:14:11	34	51	0
00:14:12	17	50	0
00:14:13	17	51	0
00:14:14	14	48	0
00:14:15	27	56	0
00:14:16	34	60	0
00:14:17	50	60	0
00:14:18	64	63	0
00:14:19	47	64	0
00:14:20	44	53	0
00:14:21	40	64	0
00:14:22	35	70	0
00:14:23	47	61	0
00:14:24	44	66	0
00:14:25	37	48	0
00:14:26	43	47	0
00:14:27	48	56	0
00:14:28	44	64	0
00:14:29	47	74	0
00:14:31	44	64	0
00:14:32	38	54	0
00:14:33	44	47	0
00:14:34	48	50	0
00:14:35	43	64	0
00:14:36	47	67	0
00:14:37	44	67	0
00:14:38	54	56	0
00:14:39	47	50	0
00:14:40	48	54	0
00:14:41	41	57	0
00:14:42	50	69	0
00:14:43	41	70	0
00:14:44	48	66	0
00:14:45	44	54	0
00:14:46	41	50	0
00:14:47	41	51	0
00:14:48	47	56	0
00:14:49	43	70	0
00:14:50	43	75	0
00:14:51	53	57	0
00:14:52	57	51	0
00:14:53	54	43	0
00:14:54	64	38	0
00:14:55	57	53	0
00:14:56	47	56	0
00:14:57	43	53	0
00:14:58	34	51	0
00:14:59	29	54	0
00:15:00	34	64	0
00:15:01	29	67	0
00:15:02	16	77	0
00:15:03	17	74	0
00:15:04	17	54	0
00:15:06	17	50	0
00:15:07	35	50	0
00:15:08	24	47	0
00:15:09	23	60	0
00:15:10	34	74	0
00:15:11	24	60	0
00:15:12	38	57	0
00:15:13	47	57	0
00:15:14	57	56	0
00:15:15	50	48	0
00:15:16	47	40	0
00:15:17	35	27	0
00:15:18	40	37	0
00:15:19	44	44	0
00:15:20	43	47	0
00:15:21	50	61	0
00:15:22	41	61	0
00:15:23	34	74	0
00:15:24	34	63	0
00:15:25	34	56	0
00:15:26	34	44	0
00:15:27	41	27	0
00:15:28	51	41	0
00:15:29	51	47	0
00:15:30	61	54	0
00:15:31	66	67	0
00:15:32	70	64	0
00:15:33	64	63	0
00:15:34	56	54	0
00:15:35	48	63	0
00:15:36	29	67	0
00:15:37	38	66	0
00:15:38	44	74	0
00:15:40	38	61	0
00:15:41	44	66	0
00:15:42	40	66	0
00:15:43	41	70	0
00:15:44	27	66	0
00:15:45	23	61	0
00:15:46	11	54	0
00:15:47	1	51	0
00:15:48	17	53	0
00:15:49	17	53	0
00:15:50	66	53	0
00:15:51	78	37	0
00:15:52	70	21	0
00:15:53	60	27	0
00:15:54	41	34	0
00:15:55	24	47	0
00:15:56	16	44	0
00:15:57	16	47	0
00:15:58	23	56	0
00:15:59	43	56	0
00:16:00	61	61	0
00:16:01	56	57	0
00:16:02	43	56	0
00:16:03	43	60	0
00:16:04	37	50	0
00:16:05	27	54	0
00:16:06	38	56	0
00:16:07	37	54	0
00:16:08	26	66	0
00:16:09	24	50	0
00:16:10	14	40	0
00:16:11	13	40	0
00:16:12	26	47	0
00:16:14	30	41	0
00:16:15	14	35	0
00:16:16	3	20	0
00:16:17	1	10	0
00:16:18	1	8	0
00:16:19	1	14	0
00:16:20	3	29	0
00:16:21	4	34	0
00:16:22	4	34	25
00:16:23	21	29	0
00:16:24	21	34	0
00:16:25	23	37	0
00:16:26	23	37	27
00:16:27	23	37	25
00:16:28	44	41	0
00:16:29	40	41	0
00:16:30	35	20	0
00:16:31	27	1	0
00:16:32	8	1	0
00:16:33	8	10	0
00:16:34	8	16	0
00:16:35	17	20	0
00:16:36	20	21	0
00:16:37	27	23	0
00:16:38	48	37	0
00:16:39	56	44	0
00:16:40	70	54	0
00:16:41	51	44	0
00:16:42	54	50	0
00:16:43	40	51	0
00:16:44	26	44	0
00:16:45	4	35	0
00:16:46	7	26	0
00:16:47	1	11	0
00:16:48	1	21	0
00:16:49	3	30	0
00:16:51	1	51	0
00:16:52	10	63	0
00:16:53	4	54	0
00:16:54	14	54	0
00:16:55	21	43	0
00:16:56	16	40	0
00:16:57	23	44	0
00:16:58	13	35	0
00:16:59	1	16	0
00:17:00	11	20	0
00:17:01	26	26	0
00:17:02	29	20	0
00:17:03	38	47	0
00:17:04	40	48	0
00:17:05	35	48	0
00:17:06	40	56	0
00:17:07	41	50	0
00:17:08	29	48	0
00:17:09	20	56	0
00:17:10	17	44	0
00:17:11	13	43	0
00:17:12	7	30	0
00:17:13	1	10	0
00:17:14	1	4	0
00:17:15	3	14	0
00:17:16	29	26	0
00:17:17	26	30	0
00:17:18	30	23	0
00:17:19	26	21	0
00:17:20	3	21	0
00:17:21	8	30	0
00:17:22	1	40	0
00:17:23	1	47	0
00:17:24	10	53	0
00:17:25	16	51	0
00:17:26	30	48	0
00:17:28	44	48	0
00:17:29	43	51	0
00:17:30	40	50	0
00:17:31	37	60	0
00:17:32	23	48	0
00:17:33	21	43	0
00:17:34	10	35	0
00:17:35	1	27	0
00:17:36	1	37	0
00:17:37	1	30	0
00:17:38	11	38	0
00:17:39	24	37	0
00:17:40	35	50	0
00:17:41	51	54	0
00:17:42	50	44	0
00:17:43	50	41	0
00:17:44	64	38	0
00:17:45	57	38	0
00:17:46	48	41	0
00:17:47	41	41	0
00:17:48	34	26	0
00:17:49	38	27	0
00:17:50	21	24	0
00:17:51	10	30	0
00:17:52	7	61	0
00:17:53	11	77	0
00:17:54	17	63	0
00:17:55	14	64	0
00:17:56	23	56	0
00:17:57	7	37	0
00:17:58	1	47	0
00:17:59	20	44	0
00:18:00	13	27	0
00:18:01	24	43	0
00:18:02	34	41	0
00:18:03	35	37	0
00:18:05	44	47	0
00:18:06	41	29	0
00:18:07	51	29	0
00:18:08	44	29	0
00:18:09	44	29	0
00:18:10	61	51	0
00:18:11	41	51	0
00:18:12	40	54	0
00:18:13	29	54	0
00:18:14	21	35	0
00:18:15	24	43	0
00:18:16	29	38	0
00:18:17	26	23	0
00:18:18	54	40	0
00:18:19	54	50	0
00:18:20	48	66	0
00:18:21	43	70	0
00:18:22	29	63	0
00:18:23	29	67	0
00:18:24	38	63	0
00:18:25	38	66	0
00:18:26	53	70	0
00:18:27	47	67	0
00:18:28	40	61	0
00:18:29	29	48	0
00:18:30	20	44	0
00:18:31	23	34	0
00:18:32	23	47	0
00:18:33	23	47	26
00:18:34	24	38	0
00:18:35	30	51	0
00:18:36	29	48	0
00:18:37	30	54	0
00:18:38	27	61	0
00:18:39	27	54	0
00:18:41	24	66	0
00:18:42	21	43	0
00:18:43	29	48	0
00:18:44	29	54	0
00:18:45	38	51	0
00:18:46	41	60	0
00:18:47	51	64	0
00:18:48	57	75	0
00:18:49	47	69	0
00:18:50	40	56	0
00:18:51	26	37	0
00:18:52	30	38	0
00:18:53	21	34	0
00:18:54	23	41	0
00:18:55	30	53	0
00:18:56	34	61	0
00:18:57	57	67	0
00:18:58	56	69	0
00:18:59	54	66	0
00:19:00	56	57	0
00:19:01	41	64	0
00:19:02	43	53	0
00:19:03	34	47	0
00:19:04	34	41	0
00:19:05	35	30	0
00:19:06	29	37	0
00:19:07	30	43	0
00:19:08	35	41	0
00:19:09	27	50	0
00:19:10	37	44	0
00:19:11	26	27	0
00:19:12	16	29	0
00:19:13	16	30	0
00:19:14	10	41	0
00:19:16	16	63	0
00:19:17	20	67	0
00:19:18	14	69	0
00:19:19	10	57	0
00:19:20	17	57	0
00:19:21	30	60	0
00:19:22	24	57	0
00:19:23	26	61	0
00:19:24	10	66	0
00:19:25	11	63	0
00:19:26	21	69	0
00:19:27	16	63	0
00:19:28	24	43	0
00:19:29	17	27	0
00:19:30	30	21	0
00:19:31	47	16	0
00:19:32	50	35	0
00:19:33	57	30	0
00:19:34	54	41	0
00:19:35	38	47	0
00:19:36	51	50	0
00:19:37	64	61	0
00:19:38	57	41	0
00:19:39	61	50	0
00:19:40	56	47	0
00:19:41	63	44	0
00:19:42	50	51	0
00:19:43	60	35	0
00:19:44	70	30	0
00:19:45	53	24	0
00:19:46	75	29	0
00:19:47	57	48	0
00:19:48	37	51	0
00:19:49	27	77	0
00:19:50	24	83	0
00:19:51	27	75	0
00:19:53	37	64	0
00:19:54	24	70	0
00:19:55	38	70	0
00:19:56	44	74	0
00:19:57	38	64	0
00:19:58	47	41	0
00:19:59	30	27	0
00:20:00	16	26	0
00:20:01	14	23	0
00:20:02	14	26	0
00:20:03	37	48	0
00:20:04	40	57	0
00:20:05	48	57	0
00:20:06	38	69	0
00:20:07	20	77	0
00:20:08	13	41	0
00:20:09	8	47	0
00:20:10	30	48	0
00:20:11	26	50	0
00:20:12	35	70	0
00:20:13	27	56	0
00:20:14	21	48	0
00:20:15	24	37	0
00:20:16	34	38	0
00:20:17	30	57	0
00:20:18	21	64	0
00:20:19	23	69	0
00:20:20	23	77	0
00:20:21	26	70	0
00:20:22	20	61	0
00:20:23	17	37	0
00:20:24	21	34	0
00:20:25	37	37	0
00:20:26	43	37	0
00:20:27	43	27	0
00:20:28	51	29	0
00:20:30	37	24	0
00:20:31	27	35	0
00:20:32	8	26	0
00:20:33	8	24	0
00:20:34	21	24	0
00:20:35	38	34	0
00:20:36	70	38	0
00:20:37	69	43	0
00:20:38	69	50	0
00:20:39	67	41	0
00:20:40	57	56	0
00:20:41	48	41	0
00:20:42	41	44	0
00:20:43	29	48	0
00:20:44	20	38	0
00:20:45	21	34	0
00:20:46	14	37	0
00:20:47	24	27	0
00:20:48	29	27	0
00:20:49	34	50	0
00:20:50	44	51	0
00:20:51	43	67	0
00:20:52	41	88	0
00:20:53	47	88	0
00:20:54	41	90	0
00:20:55	21	63	0
00:20:56	13	67	0
00:20:57	23	66	0
00:20:58	37	61	0
00:20:59	38	53	0
00:21:00	41	54	0
00:21:01	34	47	0
00:21:02	24	56	0
00:21:03	34	75	0
00:21:04	30	60	0
00:21:05	30	57	0
00:21:07	37	34	0
00:21:08	38	16	0
00:21:09	41	11	0
00:21:10	50	16	0
00:21:11	70	29	0
00:21:12	64	43	0
00:21:13	64	48	0
00:21:14	43	40	0
00:21:15	24	38	0
00:21:16	27	53	0
00:21:17	24	54	0
00:21:18	34	70	0
00:21:19	20	75	0
00:21:20	16	43	0
00:21:21	3	37	0
00:21:22	1	23	0
00:21:23	11	29	0
00:21:24	7	27	0
00:21:25	20	30	0
00:21:26	37	34	0
00:21:27	51	53	0
00:21:28	53	61	0
00:21:29	41	60	0
00:21:30	38	38	0
00:21:31	35	41	0
00:21:32	41	35	0
00:21:33	50	40	0
00:21:34	53	50	0
00:21:35	48	44	0
00:21:36	35	47	0
00:21:37	29	54	0
00:21:38	24	66	0
00:21:39	35	60	0
00:21:40	38	74	0
00:21:41	37	66	0
00:21:43	38	74	0
00:21:44	37	94	0
00:21:45	43	90	0
00:21:46	51	90	0
00:21:47	41	83	0
00:21:48	35	74	0
00:21:49	38	61	0
00:21:50	23	66	0
00:21:51	37	81	0
00:21:52	37	80	0
00:21:53	24	91	0
00:21:54	26	91	0
00:21:55	29	77	0
00:21:56	23	77	0
00:21:57	20	74	0
00:21:58	16	75	0
00:21:59	23	87	0
00:22:00	29	90	0
00:22:01	23	100	0
00:22:02	30	100	0
00:22:03	30	84	0
00:22:04	17	70	0
00:22:05	24	56	0
00:22:06	23	40	0
00:22:07	23	40	0
00:22:08	17	30	0
00:22:09	23	34	0
00:22:10	23	56	0
00:22:11	21	67	0
00:22:12	30	80	0
00:22:13	35	78	0
00:22:14	37	67	0
00:22:15	37	60	0
00:22:16	43	51	0
00:22:17	37	54	0
00:22:19	20	44	0
00:22:20	29	50	0
00:22:21	29	56	0
00:22:22	38	51	0
00:22:23	50	63	0
00:22:24	37	48	0
00:22:25	29	48	0
00:22:26	24	40	0
00:22:27	16	51	0
00:22:28	24	64	0
00:22:29	23	67	0
00:22:30	26	69	0
00:22:31	27	69	0
00:22:32	21	70	0
00:22:33	35	57	0
00:22:34	41	41	0
00:22:35	57	38	0
00:22:36	74	29	0
00:22:37	61	50	0
00:22:38	60	57	0
00:22:39	40	50	0
00:22:40	30	56	0
00:22:41	24	51	0
00:22:42	14	66	0
00:22:43	26	77	0
00:22:44	17	67	0
00:22:45	30	48	0
00:22:46	27	50	0
00:22:47	21	43	0
00:22:48	27	60	0
00:22:49	21	83	0
00:22:50	35	81	0
00:22:51	41	87	0
00:22:52	50	77	0
00:22:53	53	69	0
00:22:54	44	61	0
00:22:56	41	53	0
00:22:57	27	47	0
00:22:58	26	51	0
00:22:59	27	50	0
00:23:00	24	53	0
00:23:01	29	69	0
00:23:02	29	75	0
00:23:03	24	78	0
00:23:04	20	74	0
00:23:05	27	47	0
00:23:06	30	27	0
00:23:07	37	16	0
00:23:08	37	20	0
00:23:09	37	27	0
00:23:10	24	34	0
00:23:11	23	48	0
00:23:12	24	57	0
00:23:13	16	56	0
00:23:14	35	54	0
00:23:15	37	44	0
00:23:16	29	44	0
00:23:17	44	56	0
00:23:18	30	60	0
00:23:19	41	69	0
00:23:20	40	48	0
00:23:21	29	48	0
00:23:22	35	47	0
00:23:23	41	40	0
00:23:24	40	51	0
00:23:25	48	61	0
00:23:26	54	64	0
00:23:27	29	54	0
00:23:28	29	56	0
00:23:29	20	47	0
00:23:30	10	40	0
00:23:31	20	50	0
00:23:33	27	47	0
00:23:34	41	37	0
00:23:35	35	35	0
00:23:36	37	17	0
00:23:37	43	24	0
00:23:38	41	38	0
00:23:39	60	34	0
00:23:40	60	44	0
00:23:41	51	34	0
00:23:42	41	35	0
00:23:43	30	35	0
00:23:44	34	30	0
00:23:45	34	47	0
00:23:46	30	57	0
00:23:47	21	57	0
00:23:48	10	63	0
00:23:49	14	60	0
00:23:50	11	47	0
00:23:51	24	57	0
00:23:52	37	57	0
00:23:53	37	56	0
00:23:54	47	64	0
00:23:55	51	61	0
00:23:56	47	60	0
00:23:57	34	43	0
00:23:58	23	47	0
00:23:59	8	50	0
00:24:00	16	51	0
00:24:01	34	66	0
00:24:02	54	43	0
00:24:03	40	20	0
00:24:04	29	20	0
00:24:05	13	30	0
00:24:06	29	29	0
00:24:08	35	41	0
00:24:09	44	43	0
00:24:10	43	54	0
00:24:11	44	60	0
00:24:12	27	74	0
00:24:13	16	66	0
00:24:14	27	66	0
00:24:15	20	70	0
00:24:16	38	66	0
00:24:17	37	78	0
00:24:18	21	75	0
00:24:19	14	70	0
00:24:20	20	60	0
00:24:21	40	51	0
00:24:22	63	48	0
00:24:23	75	48	0
00:24:24	61	56	0
00:24:25	48	63	0
00:24:26	43	60	0
00:24:27	43	53	0
00:24:28	44	60	0
00:24:29	40	60	0
00:24:30	37	66	0
00:24:31	40	78	0
00:24:32	50	74	0
00:24:33	56	70	0
00:24:34	54	75	0
00:24:35	50	63	0
00:24:36	48	67	0
00:24:37	50	61	0
00:24:38	51	43	0
00:24:39	51	44	0
00:24:40	51	43	0
00:24:41	61	41	0
00:24:42	63	48	0
00:24:44	64	50	0
00:24:45	60	47	0
00:24:46	61	54	0
00:24:47	53	50	0
00:24:48	60	48	0
00:24:49	56	43	0
00:24:50	54	37	0
00:24:51	64	40	0
00:24:52	60	40	0
00:24:53	80	41	0
00:24:54	78	48	0
00:24:55	81	57	0
00:24:56	83	66	0
00:24:57	66	57	0
00:24:58	67	48	0
00:24:59	43	37	0
00:25:00	43	21	0
00:25:01	38	35	0
00:25:02	43	43	0
00:25:03	51	47	0
00:25:04	51	57	0
00:25:05	30	48	0
00:25:06	40	51	0
00:25:07	29	53	0
00:25:08	23	56	0
00:25:09	27	80	0
00:25:10	17	78	0
00:25:11	17	77	0
00:25:12	27	64	0
00:25:13	30	54	0
00:25:14	27	63	0
00:25:15	20	63	0
00:25:16	20	60	0
00:25:17	20	61	0
00:25:18	27	57	0
00:25:19	40	56	0
00:25:21	30	77	0
00:25:22	41	77	0
00:25:23	30	80	0
00:25:24	20	87	0
00:25:25	20	67	0
00:25:26	14	74	0
00:25:27	26	74	0
00:25:28	37	70	0
00:25:29	43	70	0
00:25:30	34	77	0
00:25:31	13	61	0
00:25:32	13	66	0
00:25:33	8	75	0
00:25:34	21	66	0
00:25:35	41	75	0
00:25:36	43	75	0
00:25:37	47	60	0
00:25:38	44	54	0
00:25:39	53	47	0
00:25:40	50	56	0
00:25:41	57	44	0
00:25:42	57	40	0
00:25:43	56	37	0
00:25:44	64	30	0
00:25:45	57	24	0
00:25:46	57	24	0
00:25:47	50	40	0
00:25:48	44	40	0
00:25:49	51	64	0
00:25:50	75	50	0
00:25:51	80	53	0
00:25:52	88	60	0
00:25:53	83	47	0
00:25:54	81	53	0
00:25:55	81	40	0
00:25:57	77	24	0
00:25:58	70	37	0
00:25:59	66	30	0
00:26:00	64	40	0
00:26:01	51	56	0
00:26:02	66	50	0
00:26:03	61	53	0
00:26:04	41	48	0
00:26:05	34	41	0
00:26:06	16	34	0
00:26:07	1	17	0
00:26:08	23	30	0
00:26:09	26	38	0
00:26:10	38	61	0
00:26:11	47	69	0
00:26:12	51	70	0
00:26:13	57	75	0
00:26:14	63	70	0
00:26:15	69	69	0
00:26:16	56	54	0
00:26:17	40	44	0
00:26:18	29	47	0
00:26:19	23	51	0
00:26:20	26	60	0
00:26:21	43	60	0
00:26:22	29	41	0
00:26:23	37	38	0
00:26:24	30	30	0
00:26:25	16	23	0
00:26:26	20	34	0
00:26:27	10	41	0
00:26:28	10	38	0
00:26:29	11	27	0
00:26:30	30	41	0
00:26:31	35	21	0
00:26:33	41	23	0
00:26:34	51	41	0
00:26:35	53	21	0
00:26:36	51	24	0
00:26:37	51	23	0
00:26:38	60	14	0
00:26:39	38	51	0
00:26:40	38	67	0
00:26:41	23	74	0
00:26:42	29	57	0
00:26:43	44	41	0
00:26:44	41	34	0
00:26:45	40	35	0
00:26:46	40	35	0
00:26:47	40	56	0
00:26:48	40	60	0
00:26:49	40	66	0
00:26:50	48	74	0
00:26:51	48	64	0
00:26:52	56	57	0
00:26:53	67	54	0
00:26:54	69	43	0
00:26:55	63	37	0
00:26:56	57	35	0
00:26:57	51	41	0
00:26:58	48	53	0
00:26:59	47	50	0
00:27:00	44	43	0
00:27:01	48	47	0
00:27:02	35	21	0
00:27:03	50	23	0
00:27:04	51	34	0
00:27:05	56	35	0
00:27:06	69	50	0
00:27:07	56	50	0
00:27:08	54	48	0
00:27:10	53	37	0
00:27:11	60	51	0
00:27:12	69	61	0
00:27:13	63	77	0
00:27:14	67	78	0
00:27:15	56	66	0
00:27:16	47	80	0
00:27:17	48	69	0
00:27:18	40	64	0
00:27:19	38	78	0
00:27:20	38	54	0
00:27:21	30	37	0
00:27:22	23	26	0
00:27:23	47	11	0
00:27:24	57	21	0
00:27:25	78	37	0
00:27:26	91	53	0
00:27:27	78	56	0
00:27:28	74	53	0
00:27:29	54	35	0
00:27:30	51	21	0
00:27:31	64	27	0
00:27:32	64	29	0
00:27:33	70	41	0
00:27:34	80	43	0
00:27:35	74	41	0
00:27:36	57	43	0
00:27:37	44	44	0
00:27:38	35	38	0
00:27:39	30	37	0
00:27:40	41	29	0
00:27:41	56	37	0
00:27:42	50	34	0
00:27:43	44	29	0
00:27:45	35	34	0
00:27:46	29	30	0
00:27:47	30	40	0
00:27:48	27	48	0
00:27:49	40	53	0
00:27:50	44	51	0
00:27:51	43	43	0
00:27:52	53	38	0
00:27:53	43	29	0
00:27:54	48	35	0
00:27:55	54	47	0
00:27:56	53	54	0
00:27:57	63	57	0
00:27:58	53	41	0
00:27:59	50	26	0
00:28:00	48	29	0
00:28:01	40	23	0
00:28:02	43	35	0
00:28:03	48	57	0
00:28:04	51	47	0
00:28:05	50	47	0
00:28:06	41	50	0
00:28:07	34	34	0
00:28:08	23	40	0
00:28:09	21	54	0
00:28:10	14	61	0
00:28:11	20	67	0
00:28:12	23	60	0
00:28:13	40	53	0
00:28:14	41	57	0
00:28:15	54	60	0
00:28:16	50	61	0
00:28:17	47	60	0
00:28:18	51	43	0
00:28:20	67	34	0
00:28:21	84	26	0
00:28:22	87	24	0
00:28:23	91	34	0
00:28:24	77	41	0
00:28:25	57	35	0
00:28:26	50	34	0
00:28:27	43	21	0
00:28:28	38	24	0
00:28:29	51	26	0
00:28:30	47	17	0
00:28:31	41	24	0
00:28:32	29	11	0
00:28:33	20	20	0
00:28:34	14	16	0
00:28:35	17	8	0
00:28:36	35	24	0
00:28:37	37	23	0
00:28:38	53	38	0
00:28:39	40	41	0
00:28:40	34	27	0
00:28:41	13	41	0
00:28:42	11	41	0
00:28:43	8	60	0
00:28:44	14	66	0
00:28:45	27	57	0
00:28:46	43	54	0
00:28:47	41	48	0
00:28:48	38	26	0
00:28:49	43	43	0
00:28:50	50	57	0
00:28:51	57	61	0
00:28:52	51	84	0
00:28:54	35	64	0
00:28:55	26	50	0
00:28:56	20	40	0
00:28:57	20	35	0
00:28:58	26	38	0
00:28:59	10	47	0
00:29:00	11	38	0
00:29:01	40	34	0
00:29:02	44	43	0
00:29:03	50	35	0
00:29:04	54	30	0
00:29:05	35	34	0
00:29:06	35	34	0
00:29:07	40	21	0
00:29:08	50	30	0
00:29:09	56	34	0
00:29:10	56	30	0
00:29:11	53	35	0
00:29:12	51	38	0
00:29:13	61	40	0
00:29:14	67	56	0
00:29:15	66	60	0
00:29:16	50	34	0
00:29:17	35	21	0
00:29:18	14	11	0
00:29:19	14	16	0
00:29:20	17	16	0
00:29:21	17	30	0
00:29:22	17	26	0
00:29:23	13	11	0
00:29:24	13	16	0
00:29:25	11	8	0
00:29:26	13	7	0
00:29:27	14	17	0
00:29:28	24	24	0
00:29:30	38	27	0
00:29:31	37	35	0
00:29:32	48	37	0
00:29:33	43	41	0
00:29:34	41	43	0
00:29:35	50	50	0
00:29:36	41	47	0
00:29:37	38	51	0
00:29:38	37	50	0
00:29:39	21	38	0
00:29:40	11	23	0
00:29:41	23	10	0
00:29:42	27	13	0
00:29:43	51	27	0
00:29:44	43	43	0
00:29:45	54	44	0
00:29:46	64	51	0
00:29:47	51	41	0
00:29:48	56	34	0
00:29:49	41	50	0
00:29:50	47	54	0
00:29:51	54	66	0
00:29:52	53	67	0
00:29:53	44	51	0
00:29:54	44	56	0
00:29:55	40	67	0
00:29:56	27	63	0
00:29:57	47	63	0
00:29:58	48	57	0
00:29:59	57	57	0
00:30:00	74	66	0
00:30:01	67	66	0
00:30:02	64	69	0
00:30:03	56	57	0
00:30:04	57	57	0
00:30:06	50	63	0
00:30:07	50	54	0
00:30:08	47	63	0
00:30:09	47	67	0
00:30:10	51	69	0
00:30:11	38	66	0
00:30:12	44	61	0
00:30:13	50	56	0
00:30:14	67	56	0
00:30:15	75	61	0
00:30:16	75	53	0
00:30:17	69	60	0
00:30:18	74	63	0
00:30:19	56	50	0
00:30:20	51	41	0
00:30:21	40	21	0
00:30:22	26	7	0
00:30:23	23	4	0
00:30:24	21	27	0
00:30:25	35	50	0
00:30:26	56	64	0
00:30:27	69	80	0
00:30:28	64	77	0
00:30:29	64	75	0
00:30:30	61	75	0
00:30:31	61	66	0
00:30:32	69	67	0
00:30:33	66	70	0
00:30:34	53	67	0
00:30:35	47	74	0
00:30:36	50	60	0
00:30:37	50	50	0
00:30:38	56	57	0
00:30:39	54	54	0
00:30:41	53	61	0
00:30:42	54	63	0
00:30:43	57	43	0
00:30:44	50	23	0
00:30:45	47	29	0
00:30:46	41	50	0
00:30:47	57	67	0
00:30:48	57	69	0
00:30:49	61	70	0
00:30:50	60	69	0
00:30:51	48	61	0
00:30:52	44	69	0
00:30:53	47	66	0
00:30:54	47	56	0
00:30:55	53	57	0
00:30:56	66	61	0
00:30:57	51	44	0
00:30:58	43	51	0
00:30:59	40	43	0
00:31:00	30	41	0
00:31:01	48	53	0
00:31:02	57	57	0
00:31:03	75	64	0
00:31:04	78	53	0
00:31:05	78	61	0
00:31:06	83	48	0
00:31:07	75	35	0
00:31:08	78	53	0
00:31:09	67	38	0
00:31:10	67	44	0
00:31:11	60	63	0
00:31:12	50	56	0
00:31:13	53	63	0
00:31:14	48	44	0
00:31:15	40	47	0
00:31:17	24	34	0
00:31:18	4	27	0
00:31:19	11	40	0
00:31:20	16	44	0
00:31:21	14	43	0
00:31:22	14	43	51
00:31:23	35	51	0
00:31:24	43	53	0
00:31:25	43	53	0
00:31:26	48	38	0
00:31:27	44	35	0
00:31:28	50	26	0
00:31:29	66	37	0
00:31:30	64	27	0
00:31:31	66	38	0
00:31:32	63	30	0
00:31:33	53	48	0
00:31:34	37	56	0
00:31:35	30	44	0
00:31:36	26	64	0
00:31:37	21	30	0
00:31:38	40	48	0
00:31:39	21	48	0
00:31:40	17	27	0
00:31:41	21	47	0
00:31:42	23	50	0
00:31:43	43	51	0
00:31:44	56	63	0
00:31:45	67	67	0
00:31:46	37	50	0
00:31:47	26	61	0
00:31:48	11	51	0
00:31:49	27	61	0
00:31:50	35	66	0
00:31:51	38	50	0
00:31:53	63	54	0
00:31:54	61	54	0
00:31:55	67	47	0
00:31:56	74	57	0
00:31:57	63	56	0
00:31:58	47	41	0
00:31:59	48	43	0
00:32:00	48	38	0
00:32:01	54	40	0
00:32:02	74	56	0
00:32:03	74	61	0
00:32:04	75	60	0
00:32:05	56	51	0
00:32:06	38	66	0
00:32:07	43	63	0
00:32:08	27	74	0
00:32:09	35	81	0
00:32:10	51	74	0
00:32:11	35	77	0
00:32:12	47	64	0
00:32:13	51	74	0
00:32:14	44	75	0
00:32:15	53	77	0
00:32:16	51	81	0
00:32:17	51	83	0
00:32:18	51	84	0
00:32:19	51	90	0
00:32:20	43	88	0
00:32:21	37	78	0
00:32:22	34	75	0
00:32:23	29	74	0
00:32:24	40	77	0
00:32:25	60	81	0
00:32:26	57	80	0
00:32:28	61	83	0
00:32:29	53	63	0
00:32:30	44	61	0
00:32:31	51	61	0
00:32:32	48	51	0
00:32:33	47	51	0
00:32:34	48	47	0
00:32:35	41	57	0
00:32:36	44	54	0
00:32:37	43	74	0
00:32:38	40	75	0
00:32:39	41	64	0
00:32:40	40	67	0
00:32:41	51	64	0
00:32:42	50	84	0
00:32:43	53	88	0
00:32:44	47	69	0
00:32:45	40	56	0
00:32:46	44	34	0
00:32:47	44	24	0
00:32:48	67	56	0
00:32:49	66	69	0
00:32:50	57	78	0
00:32:51	57	78	0
00:32:52	40	77	0
00:32:53	41	63	0
00:32:54	57	53	0
00:32:55	57	51	0
00:32:56	57	44	0
00:32:57	51	50	0
00:32:58	47	63	0
00:32:59	50	53	0
00:33:00	56	63	0
00:33:01	57	77	0
00:33:02	63	67	0
00:33:03	57	87	0
00:33:05	66	74	0
00:33:06	66	48	0
00:33:07	64	47	0
00:33:08	66	26	0
00:33:09	48	41	0
00:33:10	43	40	0
00:33:11	34	44	0
00:33:12	17	54	0
00:33:13	29	38	0
00:33:14	48	48	0
00:33:15	56	54	0
00:33:16	75	54	0
00:33:17	74	74	0
00:33:18	60	74	0
00:33:19	51	61	0
00:33:20	51	56	0
00:33:21	64	51	0
00:33:22	66	74	0
00:33:23	57	56	0
00:33:24	70	53	0
00:33:25	63	56	0
00:33:26	57	41	0
00:33:27	60	57	0
00:33:28	43	57	0
00:33:29	43	66	0
00:33:30	48	69	0
00:33:31	50	60	0
00:33:32	57	69	0
00:33:33	57	67	0
00:33:34	57	63	0
00:33:35	60	78	0
00:33:36	51	61	0
00:33:37	54	63	0
00:33:38	53	67	0
00:33:39	51	67	0
00:33:40	57	74	0
00:33:42	53	53	0
00:33:43	54	48	0
00:33:44	51	37	0
00:33:45	53	29	0
00:33:46	35	40	0
00:33:47	30	37	0
00:33:48	30	40	0
00:33:49	24	51	0
00:33:50	41	67	0
00:33:51	40	88	0
00:33:52	51	81	0
00:33:53	51	83	0
00:33:54	48	80	0
00:33:55	40	74	0
00:33:56	37	74	0
00:33:57	40	69	0
00:33:58	50	60	0
00:33:59	69	63	0
00:34:00	63	53	0
00:34:01	66	40	0
00:34:02	50	26	0
00:34:03	41	23	0
00:34:04	41	41	0
00:34:05	29	57	0
00:34:06	30	74	0
00:34:07	35	70	0
00:34:08	41	67	0
00:34:09	47	57	0
00:34:10	53	47	0
00:34:11	47	51	0
00:34:12	38	44	0
00:34:13	43	34	0
00:34:14	48	53	0
00:34:15	44	50	0
00:34:17	38	38	0
00:34:18	41	44	0
00:34:19	48	41	0
00:34:20	61	41	0
00:34:21	80	56	0
00:34:22	81	61	0
00:34:23	80	54	0
00:34:24	80	56	0
00:34:25	83	50	0
00:34:26	75	44	0
00:34:27	60	50	0
00:34:28	50	60	0
00:34:29	37	50	0
00:34:30	23	40	0
00:34:31	23	20	0
00:34:32	20	17	0
00:34:33	21	23	0
00:34:34	27	43	0
00:34:35	40	63	0
00:34:36	57	51	0
00:34:37	66	63	0
00:34:38	74	48	0
00:34:39	63	61	0
00:34:40	50	61	0
00:34:41	47	44	0
00:34:42	48	56	0
00:34:43	50	54	0
00:34:44	51	53	0
00:34:45	57	74	0
00:34:46	57	70	0
00:34:47	54	61	0
00:34:48	37	69	0
00:34:49	20	51	0
00:34:50	23	61	0
00:34:51	24	44	0
00:34:53	47	30	0
00:34:54	57	29	0
00:34:55	60	44	0
00:34:56	61	53	0
00:34:57	64	44	0
00:34:58	75	54	0
00:34:59	84	61	0
00:35:00	84	64	0
00:35:01	75	70	0
00:35:02	90	67	0
00:35:03	90	64	0
00:35:04	90	64	0
00:35:05	74	44	0
00:35:06	53	44	0
00:35:07	51	44	0
00:35:08	60	57	0
00:35:09	63	61	0
00:35:10	61	60	0
00:35:11	56	61	0
00:35:12	51	53	0
00:35:13	34	47	0
00:35:14	47	47	0
00:35:15	51	51	0
00:35:16	51	51	0
00:35:17	66	60	0
00:35:18	63	67	0
00:35:19	61	66	0
00:35:20	77	70	0
00:35:21	81	78	0
00:35:22	69	75	0
00:35:23	44	57	0
00:35:24	44	48	0
00:35:25	61	41	0
00:35:26	51	35	0
00:35:27	61	61	0
00:35:29	69	66	0
00:35:30	66	74	0
00:35:31	80	80	0
00:35:32	78	69	0
00:35:33	61	74	0
00:35:34	51	69	0
00:35:35	47	63	0
00:35:36	50	64	0
00:35:37	53	63	0
00:35:38	53	57	0
00:35:39	38	51	0
00:35:40	35	44	0
00:35:41	27	34	0
00:35:42	34	38	0
00:35:43	34	47	0
00:35:44	23	38	0
00:35:45	27	53	0
00:35:46	21	66	0
00:35:47	38	64	0
00:35:48	48	80	0
00:35:49	60	78	0
00:35:50	56	63	0
00:35:51	37	50	0
00:35:52	41	54	0
00:35:53	34	54	0
00:35:54	35	57	0
00:35:55	26	57	0
00:35:56	21	51	0
00:35:57	26	51	0
00:35:58	30	53	0
00:35:59	43	70	0
00:36:00	57	77	0
