1395724769.7	257420	116485	11836	31105	49299	26413	5245	11072
1395724770.7	257420	116485	11836	31105	49299	26413	5245	11072
1395724771.7	257420	116485	11836	31105	49299	26413	5245	11072
1395724772.7	257420	116485	11836	31105	49299	26413	5245	11072
1395724773.7	257420	116485	11836	31105	49299	26413	5245	11072
1395724774.71	257420	116485	11836	31105	49299	26413	5245	11072
1395724775.71	257420	116485	11836	31105	49299	26413	5245	11072
1395724776.71	257420	116485	11836	31105	49299	26413	5245	11072
1395724777.72	257420	116485	11836	31105	49299	26413	5245	11072
1395724778.72	257420	116485	11836	31105	49299	26413	5245	11072
1395724779.72	257420	116485	11836	31105	49299	26413	5245	11072
1395724780.72	257420	116485	11836	31105	49299	26413	5245	11072
1395724781.72	257420	116485	11836	31105	49299	26413	5245	11072
1395724782.73	257420	116485	11836	31105	49299	26413	5245	11072
1395724783.73	257420	116485	11836	31105	49299	26413	5245	11072
1395724784.73	257420	116485	11836	31105	49299	26413	5245	11072
1395724785.73	257420	116485	11836	31105	49299	26413	5245	11072
1395724786.73	257420	116485	11836	31105	49299	26413	5245	11072
1395724787.74	257420	116485	11836	31105	49299	26413	5245	11072
1395724788.74	257420	116485	11836	31105	49299	26413	5245	11072
1395724789.74	257420	116485	11836	31105	49299	26413	5245	11072
1395724790.75	257420	116485	11836	31105	49299	26413	5245	11072
1395724791.75	257420	116485	11836	31105	49299	26413	5245	11072
1395724792.75	257420	116485	11836	31105	49299	26413	5245	11072
1395724793.75	257420	116485	11836	31105	49299	26413	5245	11072
1395724794.76	257420	116485	11836	31105	49299	26413	5245	11072
1395724795.76	257420	116485	11836	31105	49299	26413	5245	11072
1395724796.76	257420	116485	11836	31105	49299	26413	5245	11072
1395724797.76	257420	116485	11836	31105	49299	26413	5245	11072
1395724798.77	257420	116485	11836	31105	49299	26413	5245	11072
1395724799.77	257420	116485	11836	31105	49299	26413	5245	11072
1395724800.77	257420	116485	11836	31105	49299	26413	5245	11072
1395724801.77	257420	116485	11836	31105	49299	26413	5245	11072
1395724802.78	257420	116485	11836	31105	49299	26413	5245	11072
1395724803.78	257420	116485	11836	31105	49299	26413	5245	11072
1395724804.78	257420	116485	11836	31105	49299	26413	5245	11072
1395724805.78	257420	116485	11836	31105	49299	26413	5245	11072
1395724806.79	257420	116485	11836	31105	49299	26413	5245	11072
1395724807.79	257420	116485	11836	31105	49299	26413	5245	11072
1395724808.79	257420	116485	11836	31105	49299	26413	5245	11072
1395724809.79	257420	116485	11836	31105	49299	26413	5245	11072
1395724810.8	257420	116485	11836	31105	49299	26413	5245	11072
1395724811.8	257420	116485	11836	31105	49299	26413	5245	11072
1395724812.8	257420	116485	11836	31105	49299	26413	5245	11072
1395724813.8	257420	116485	11836	31105	49299	26413	5245	11072
1395724814.81	257420	116485	11836	31105	49299	26413	5245	11072
1395724815.81	257420	116485	11836	31105	49299	26413	5245	11072
1395724816.81	257420	116485	11836	31105	49299	26413	5245	11072
1395724817.81	257420	116485	11836	31105	49299	26413	5245	11072
1395724818.82	257420	116485	11836	31105	49299	26413	5245	11072
1395724819.82	257420	116485	11836	31105	49299	26413	5245	11072
1395724820.82	257420	116485	11836	31105	49299	26413	5245	11072
1395724821.82	257420	116485	11836	31105	49299	26413	5245	11072
1395724822.82	257420	116485	11836	31105	49299	26413	5245	11072
1395724823.83	257420	116485	11836	31105	49299	26413	5245	11072
1395724824.83	257420	116485	11836	31105	49299	26413	5245	11072
1395724825.83	257420	116485	11836	31105	49299	26413	5245	11072
1395724826.83	257420	116485	11836	31105	49299	26413	5245	11072
1395724827.84	257420	116485	11836	31105	49299	26413	5245	11072
1395724828.84	257420	116485	11836	31105	49299	26413	5245	11072
1395724829.84	257420	116485	11836	31105	49299	26413	5245	11072
1395724830.84	257420	116485	11836	31105	49299	26413	5245	11072
1395724831.85	257420	116485	11836	31105	49299	26413	5245	11072
1395724832.85	257420	116485	11836	31105	49299	26413	5245	11072
1395724833.85	257420	116485	11836	31105	49299	26413	5245	11072
1395724834.85	257420	116485	11836	31105	49299	26413	5245	11072
1395724835.86	257420	116485	11836	31105	49299	26413	5245	11072
1395724836.86	257420	116485	11836	31105	49299	26413	5245	11072
1395724837.86	257420	116485	11836	31105	49299	26413	5245	11072
1395724838.86	257420	116485	11836	31105	49299	26413	5245	11072
1395724839.87	257420	116485	11836	31105	49299	26413	5245	11072
1395724840.87	257420	116485	11836	31105	49299	26413	5245	11072
1395724841.87	257420	116485	11836	31105	49299	26413	5245	11072
1395724842.87	257420	116485	11836	31105	49299	26413	5245	11072
1395724843.88	257420	116485	11836	31105	49299	26413	5245	11072
1395724844.88	257420	116485	11836	31105	49299	26413	5245	11072
1395724845.88	257420	116485	11836	31105	49299	26413	5245	11072
1395724846.89	257420	116485	11836	31105	49299	26413	5245	11072
1395724847.89	257420	116485	11836	31105	49299	26413	5245	11072
1395724848.89	257420	116485	11836	31105	49299	26413	5245	11072
1395724849.89	257420	116485	11836	31105	49299	26413	5245	11072
1395724850.9	257420	116485	11836	31105	49299	26413	5245	11072
1395724851.9	257420	116485	11836	31105	49299	26413	5245	11072
1395724852.9	257420	116485	11836	31105	49299	26413	5245	11072
1395724853.9	257420	116485	11836	31105	49299	26413	5245	11072
1395724854.9	257420	116485	11836	31105	49299	26413	5245	11072
1395724855.91	257420	116485	11836	31105	49299	26413	5245	11072
1395724856.91	257420	116485	11836	31105	49299	26413	5245	11072
1395724857.91	257420	116485	11836	31105	49299	26413	5245	11072
1395724858.91	257420	116485	11836	31105	49299	26413	5245	11072
1395724859.92	257420	116485	11836	31105	49299	26413	5245	11072
1395724860.92	257420	116485	11836	31105	49299	26413	5245	11072
1395724861.92	257420	116485	11836	31105	49299	26413	5245	11072
1395724862.93	257420	116485	11836	31105	49299	26413	5245	11072
1395724863.93	257420	116485	11836	31105	49299	26413	5245	11072
1395724864.93	257420	116485	11836	31105	49299	26413	5245	11072
1395724865.93	257420	116485	11836	31105	49299	26413	5245	11072
1395724866.94	257420	116485	11836	31105	49299	26413	5245	11072
1395724867.94	257420	116485	11836	31105	49299	26413	5245	11072
1395724868.94	257420	116485	11836	31105	49299	26413	5245	11072
1395724869.94	257420	116485	11836	31105	49299	26413	5245	11072
1395724870.95	257420	116485	11836	31105	49299	26413	5245	11072
1395724871.95	257420	116485	11836	31105	49299	26413	5245	11072
1395724872.95	257420	116485	11836	31105	49299	26413	5245	11072
1395724873.95	257420	116485	11836	31105	49299	26413	5245	11072
1395724874.96	257420	116485	11836	31105	49299	26413	5245	11072
1395724875.96	257420	116485	11836	31105	49299	26413	5245	11072
1395724876.96	257420	116485	11836	31105	49299	26413	5245	11072
1395724877.96	257420	116485	11836	31105	49299	26413	5245	11072
1395724878.97	257420	116485	11836	31105	49299	26413	5245	11072
1395724879.97	257420	116485	11836	31105	49299	26413	5245	11072
1395724880.97	257420	116485	11836	31105	49299	26413	5245	11072
1395724881.98	257420	116485	11836	31105	49299	26413	5245	11072
1395724882.98	257420	116485	11836	31105	49299	26413	5245	11072
1395724883.98	257420	116485	11836	31105	49299	26413	5245	11072
1395724884.98	257420	116485	11836	31105	49299	26413	5245	11072
1395724885.98	257420	116485	11836	31105	49299	26413	5245	11072
1395724886.99	257420	116485	11836	31105	49299	26413	5245	11072
1395724887.99	257420	116485	11836	31105	49299	26413	5245	11072
1395724888.99	257420	116485	11836	31105	49299	26413	5245	11072
1395724889.99	257420	116485	11836	31105	49299	26413	5245	11072
1395724891.0	257420	116485	11836	31105	49299	26413	5245	11072
1395724892.0	257420	116485	11836	31105	49299	26413	5245	11072
1395724893.0	257420	116485	11836	31105	49299	26413	5245	11072
1395724894.0	257420	116485	11836	31105	49299	26413	5245	11072
1395724895.0	257420	116485	11836	31105	49299	26413	5245	11072
1395724896.01	257420	116485	11836	31105	49299	26413	5245	11072
1395724897.01	257420	116485	11836	31105	49299	26413	5245	11072
1395724898.01	257420	116485	11836	31105	49299	26413	5245	11072
1395724899.01	257420	116485	11836	31105	49299	26413	5245	11072
1395724900.01	257420	116485	11836	31105	49299	26413	5245	11072
1395724901.02	257420	116485	11836	31105	49299	26413	5245	11072
1395724902.02	257420	116485	11836	31105	49299	26413	5245	11072
1395724903.02	257420	116485	11836	31105	49299	26413	5245	11072
1395724904.02	257420	116485	11836	31105	49299	26413	5245	11072
1395724905.02	257420	116485	11836	31105	49299	26413	5245	11072
1395724906.03	257420	116485	11836	31105	49299	26413	5245	11072
1395724907.03	257420	116485	11836	31105	49299	26413	5245	11072
1395724908.03	257420	116485	11836	31105	49299	26413	5245	11072
1395724909.03	257420	116485	11836	31105	49299	26413	5245	11072
