May 09, 2014 05:28:46	30	38	0
May 09, 2014 05:28:47	37	30	0
May 09, 2014 05:28:48	24	10	0
May 09, 2014 05:28:49	50	43	0
May 09, 2014 05:28:50	43	44	0
May 09, 2014 05:28:52	74	69	0
May 09, 2014 05:28:53	70	69	0
May 09, 2014 05:28:54	48	63	0
May 09, 2014 05:28:55	48	64	0
May 09, 2014 05:28:56	47	60	0
May 09, 2014 05:28:57	60	48	0
May 09, 2014 05:28:58	84	48	0
May 09, 2014 05:28:59	84	48	0
May 09, 2014 05:29:00	74	57	0
May 09, 2014 05:29:01	67	67	0
May 09, 2014 05:29:02	57	77	0
May 09, 2014 05:29:03	63	83	0
May 09, 2014 05:29:04	63	70	0
May 09, 2014 05:29:05	43	63	0
May 09, 2014 05:29:06	44	69	0
May 09, 2014 05:29:07	50	64	0
May 09, 2014 05:29:08	60	64	0
May 09, 2014 05:29:09	54	67	0
May 09, 2014 05:29:10	60	60	0
May 09, 2014 05:29:11	56	51	0
May 09, 2014 05:29:12	54	61	0
May 09, 2014 05:29:13	77	63	0
May 09, 2014 05:29:14	69	77	0
May 09, 2014 05:29:15	64	83	0
May 09, 2014 05:29:16	64	81	0
May 09, 2014 05:29:17	60	91	0
May 09, 2014 05:29:18	61	83	0
May 09, 2014 05:29:19	54	88	0
May 09, 2014 05:29:20	43	67	0
May 09, 2014 05:29:21	44	69	0
May 09, 2014 05:29:22	50	63	0
May 09, 2014 05:29:23	75	54	0
May 09, 2014 05:29:24	80	56	0
May 09, 2014 05:29:26	64	48	0
May 09, 2014 05:29:27	69	40	0
May 09, 2014 05:29:28	41	40	0
May 09, 2014 05:29:29	35	37	0
May 09, 2014 05:29:30	43	44	0
May 09, 2014 05:29:31	35	53	0
May 09, 2014 05:29:32	64	57	0
May 09, 2014 05:29:33	69	61	0
May 09, 2014 05:29:34	74	60	0
May 09, 2014 05:29:35	87	51	0
May 09, 2014 05:29:36	67	53	0
May 09, 2014 05:29:37	70	56	0
May 09, 2014 05:29:38	69	51	0
May 09, 2014 05:29:39	64	61	0
May 09, 2014 05:29:40	64	61	0
May 09, 2014 05:29:41	50	54	0
May 09, 2014 05:29:42	48	53	0
May 09, 2014 05:29:43	40	51	0
May 09, 2014 05:29:44	43	51	0
May 09, 2014 05:29:45	47	60	0
May 09, 2014 05:29:46	51	66	0
May 09, 2014 05:29:47	56	70	0
May 09, 2014 05:29:48	69	77	0
May 09, 2014 05:29:49	74	70	0
May 09, 2014 05:29:50	83	64	0
May 09, 2014 05:29:51	77	67	0
May 09, 2014 05:29:52	75	53	0
May 09, 2014 05:29:53	78	54	0
May 09, 2014 05:29:54	74	47	0
May 09, 2014 05:29:55	84	43	0
May 09, 2014 05:29:56	83	54	0
May 09, 2014 05:29:58	83	60	0
May 09, 2014 05:29:59	78	70	0
May 09, 2014 05:30:00	78	70	0
May 09, 2014 05:30:01	77	69	0
May 09, 2014 05:30:02	69	67	0
May 09, 2014 05:30:03	74	69	0
May 09, 2014 05:30:04	47	74	0
May 09, 2014 05:30:05	43	77	0
May 09, 2014 05:30:06	56	74	0
May 09, 2014 05:30:07	51	63	0
May 09, 2014 05:30:08	70	74	0
May 09, 2014 05:30:09	77	64	0
May 09, 2014 05:30:10	43	63	0
May 09, 2014 05:30:11	44	74	0
May 09, 2014 05:30:12	44	70	0
May 09, 2014 05:30:13	44	80	0
May 09, 2014 05:30:14	57	83	0
May 09, 2014 05:30:15	64	78	0
May 09, 2014 05:30:16	30	63	0
May 09, 2014 05:30:17	47	63	0
May 09, 2014 05:30:18	35	53	0
May 09, 2014 05:30:19	35	53	0
May 09, 2014 05:30:20	57	77	0
May 09, 2014 05:30:21	56	67	0
May 09, 2014 05:30:22	60	70	0
May 09, 2014 05:30:23	74	60	0
May 09, 2014 05:30:24	87	35	0
May 09, 2014 05:30:25	80	38	0
May 09, 2014 05:30:26	80	34	0
May 09, 2014 05:30:27	53	24	0
May 09, 2014 05:30:28	50	34	0
May 09, 2014 05:30:29	48	40	0
May 09, 2014 05:30:31	44	51	0
May 09, 2014 05:30:32	40	51	0
May 09, 2014 05:30:33	30	54	0
May 09, 2014 05:30:34	16	35	0
May 09, 2014 05:30:35	29	26	0
May 09, 2014 05:30:36	56	38	0
May 09, 2014 05:30:37	48	14	0
May 09, 2014 05:30:38	75	40	0
May 09, 2014 05:30:39	81	35	0
May 09, 2014 05:30:40	91	24	0
May 09, 2014 05:30:41	100	53	0
May 09, 2014 05:30:42	83	34	0
May 09, 2014 05:30:43	60	53	0
May 09, 2014 05:30:44	44	48	0
May 09, 2014 05:30:45	57	50	0
May 09, 2014 05:30:46	67	41	0
May 09, 2014 05:30:47	69	50	0
May 09, 2014 05:30:48	75	38	0
May 09, 2014 05:30:49	94	41	0
May 09, 2014 05:30:50	100	35	0
May 09, 2014 05:30:51	100	40	0
May 09, 2014 05:30:52	83	57	0
May 09, 2014 05:30:53	74	61	0
May 09, 2014 05:30:54	54	70	0
May 09, 2014 05:30:55	43	78	0
May 09, 2014 05:30:56	57	64	0
May 09, 2014 05:30:57	47	64	0
May 09, 2014 05:30:58	38	60	0
May 09, 2014 05:30:59	56	53	0
May 09, 2014 05:31:00	43	61	0
May 09, 2014 05:31:02	40	56	0
May 09, 2014 05:31:03	34	60	0
May 09, 2014 05:31:04	23	51	0
May 09, 2014 05:31:05	17	57	0
May 09, 2014 05:31:06	13	54	0
May 09, 2014 05:31:07	35	60	0
May 09, 2014 05:31:08	43	60	0
May 09, 2014 05:31:09	69	41	0
May 09, 2014 05:31:10	84	43	0
May 09, 2014 05:31:11	66	29	0
May 09, 2014 05:31:12	35	54	0
May 09, 2014 05:31:13	13	51	0
May 09, 2014 05:31:14	24	60	0
May 09, 2014 05:31:15	11	56	0
May 09, 2014 05:31:16	8	64	0
May 09, 2014 05:31:17	1	69	0
May 09, 2014 05:31:18	1	75	0
May 09, 2014 05:31:19	10	77	0
May 09, 2014 05:31:20	8	74	0
May 09, 2014 05:31:21	35	70	0
May 09, 2014 05:31:22	30	51	0
May 09, 2014 05:31:23	24	54	0
May 09, 2014 05:31:24	27	47	0
May 09, 2014 05:31:25	21	60	0
May 09, 2014 05:31:26	21	74	0
May 09, 2014 05:31:27	29	54	0
May 09, 2014 05:31:28	30	57	0
May 09, 2014 05:31:29	23	53	0
May 09, 2014 05:31:30	26	63	0
May 09, 2014 05:31:31	41	70	0
May 09, 2014 05:31:32	57	78	0
May 09, 2014 05:31:34	66	78	0
May 09, 2014 05:31:35	74	70	0
May 09, 2014 05:31:36	41	69	0
May 09, 2014 05:31:37	27	61	0
May 09, 2014 05:31:38	24	61	0
May 09, 2014 05:31:39	21	53	0
May 09, 2014 05:31:40	40	51	0
May 09, 2014 05:31:41	47	56	0
May 09, 2014 05:31:42	38	57	0
May 09, 2014 05:31:43	41	57	0
May 09, 2014 05:31:44	50	53	0
May 09, 2014 05:31:45	48	47	0
May 09, 2014 05:31:46	64	47	0
May 09, 2014 05:31:47	69	50	0
May 09, 2014 05:31:48	60	51	0
May 09, 2014 05:31:49	60	63	0
May 09, 2014 05:31:50	67	57	0
May 09, 2014 05:31:51	75	60	0
May 09, 2014 05:31:52	75	51	0
May 09, 2014 05:31:53	67	47	0
May 09, 2014 05:31:54	53	56	0
May 09, 2014 05:31:55	38	50	0
May 09, 2014 05:31:56	23	61	0
May 09, 2014 05:31:57	35	56	0
May 09, 2014 05:31:58	27	51	0
May 09, 2014 05:31:59	26	60	0
May 09, 2014 05:32:00	35	56	0
May 09, 2014 05:32:01	30	56	0
May 09, 2014 05:32:02	34	60	0
May 09, 2014 05:32:03	23	57	0
May 09, 2014 05:32:04	29	63	0
May 09, 2014 05:32:05	24	69	0
May 09, 2014 05:32:06	20	70	0
May 09, 2014 05:32:08	29	67	0
May 09, 2014 05:32:09	29	64	0
May 09, 2014 05:32:10	35	61	0
May 09, 2014 05:32:11	34	63	0
May 09, 2014 05:32:12	27	60	0
May 09, 2014 05:32:13	30	56	0
May 09, 2014 05:32:14	17	57	0
May 09, 2014 05:32:15	35	47	0
May 09, 2014 05:32:16	35	48	0
May 09, 2014 05:32:17	35	51	0
May 09, 2014 05:32:18	51	54	0
May 09, 2014 05:32:19	57	56	0
May 09, 2014 05:32:20	63	64	0
May 09, 2014 05:32:21	54	63	0
May 09, 2014 05:32:22	44	60	0
May 09, 2014 05:32:23	40	75	0
May 09, 2014 05:32:24	30	57	0
May 09, 2014 05:32:25	29	56	0
May 09, 2014 05:32:26	37	54	0
May 09, 2014 05:32:27	24	54	0
May 09, 2014 05:32:28	27	64	0
May 09, 2014 05:32:29	27	70	0
May 09, 2014 05:32:30	17	78	0
May 09, 2014 05:32:31	24	75	0
May 09, 2014 05:32:32	24	69	0
May 09, 2014 05:32:33	27	61	0
May 09, 2014 05:32:34	27	60	0
May 09, 2014 05:32:35	35	60	0
May 09, 2014 05:32:36	47	80	0
May 09, 2014 05:32:37	63	83	0
May 09, 2014 05:32:38	70	81	0
May 09, 2014 05:32:39	51	56	0
May 09, 2014 05:32:41	35	66	0
May 09, 2014 05:32:42	30	75	0
May 09, 2014 05:32:43	40	70	0
May 09, 2014 05:32:44	43	70	0
May 09, 2014 05:32:45	53	60	0
May 09, 2014 05:32:46	56	54	0
May 09, 2014 05:32:47	38	51	0
May 09, 2014 05:32:48	57	60	0
May 09, 2014 05:32:49	35	54	0
May 09, 2014 05:32:50	21	53	0
May 09, 2014 05:32:51	29	57	0
May 09, 2014 05:32:52	16	77	0
May 09, 2014 05:32:53	24	70	0
May 09, 2014 05:32:54	43	80	0
May 09, 2014 05:32:55	27	57	0
May 09, 2014 05:32:56	34	34	0
May 09, 2014 05:32:57	21	41	0
May 09, 2014 05:32:58	14	40	0
May 09, 2014 05:32:59	30	50	0
May 09, 2014 05:33:00	21	64	0
May 09, 2014 05:33:01	29	54	0
May 09, 2014 05:33:02	11	43	0
May 09, 2014 05:33:03	1	43	0
May 09, 2014 05:33:04	3	38	0
May 09, 2014 05:33:05	4	48	0
May 09, 2014 05:33:06	30	54	0
May 09, 2014 05:33:07	47	63	0
May 09, 2014 05:33:08	44	60	0
May 09, 2014 05:33:09	38	60	0
May 09, 2014 05:33:10	41	60	0
May 09, 2014 05:33:11	23	51	0
May 09, 2014 05:33:12	29	48	0
May 09, 2014 05:33:14	8	44	0
May 09, 2014 05:33:15	16	54	0
May 09, 2014 05:33:16	10	38	0
May 09, 2014 05:33:17	1	23	0
May 09, 2014 05:33:18	1	14	0
May 09, 2014 05:33:19	1	14	0
May 09, 2014 05:33:20	1	13	0
May 09, 2014 05:33:21	23	43	0
May 09, 2014 05:33:22	38	61	0
May 09, 2014 05:33:23	47	63	0
May 09, 2014 05:33:24	43	69	0
May 09, 2014 05:33:25	37	56	0
May 09, 2014 05:33:26	24	43	0
May 09, 2014 05:33:27	10	38	0
May 09, 2014 05:33:28	8	17	0
May 09, 2014 05:33:29	1	3	0
May 09, 2014 05:33:30	14	17	0
May 09, 2014 05:33:31	26	23	0
May 09, 2014 05:33:32	51	43	0
May 09, 2014 05:33:33	56	74	0
May 09, 2014 05:33:34	41	74	0
May 09, 2014 05:33:35	44	66	0
May 09, 2014 05:33:36	41	83	0
May 09, 2014 05:33:37	38	88	0
May 09, 2014 05:33:38	38	100	0
May 09, 2014 05:33:39	21	75	0
May 09, 2014 05:33:40	26	78	0
May 09, 2014 05:33:41	30	70	0
May 09, 2014 05:33:42	30	80	0
May 09, 2014 05:33:43	30	94	0
May 09, 2014 05:33:44	26	78	0
May 09, 2014 05:33:45	17	69	0
May 09, 2014 05:33:47	13	47	0
May 09, 2014 05:33:48	13	23	0
May 09, 2014 05:33:49	17	29	0
May 09, 2014 05:33:50	40	35	0
May 09, 2014 05:33:51	43	56	0
May 09, 2014 05:33:52	54	74	0
May 09, 2014 05:33:53	57	83	0
May 09, 2014 05:33:54	54	93	0
May 09, 2014 05:33:55	43	83	0
May 09, 2014 05:33:56	26	94	0
May 09, 2014 05:33:57	20	70	0
May 09, 2014 05:33:58	1	54	0
May 09, 2014 05:33:59	1	54	0
May 09, 2014 05:34:00	8	29	0
May 09, 2014 05:34:01	7	30	0
May 09, 2014 05:34:02	24	47	0
May 09, 2014 05:34:03	16	34	0
May 09, 2014 05:34:04	27	69	0
May 09, 2014 05:34:05	34	87	0
May 09, 2014 05:34:06	43	100	0
May 09, 2014 05:34:07	47	87	0
May 09, 2014 05:34:08	41	81	0
May 09, 2014 05:34:09	35	78	0
May 09, 2014 05:34:10	37	80	0
May 09, 2014 05:34:11	34	80	0
May 09, 2014 05:34:12	37	83	0
May 09, 2014 05:34:13	47	87	0
May 09, 2014 05:34:14	44	81	0
May 09, 2014 05:34:15	60	87	0
May 09, 2014 05:34:16	60	83	0
May 09, 2014 05:34:17	67	74	0
May 09, 2014 05:34:18	77	74	0
May 09, 2014 05:34:20	60	78	0
May 09, 2014 05:34:21	51	53	0
May 09, 2014 05:34:22	41	43	0
May 09, 2014 05:34:23	41	40	0
May 09, 2014 05:34:24	47	27	0
May 09, 2014 05:34:25	66	51	0
May 09, 2014 05:34:26	54	54	0
May 09, 2014 05:34:27	38	48	0
May 09, 2014 05:34:28	43	41	0
May 09, 2014 05:34:29	26	40	0
May 09, 2014 05:34:30	51	44	0
May 09, 2014 05:34:31	60	60	0
May 09, 2014 05:34:32	61	77	0
May 09, 2014 05:34:33	66	75	0
May 09, 2014 05:34:34	51	67	0
May 09, 2014 05:34:35	40	64	0
May 09, 2014 05:34:36	41	75	0
May 09, 2014 05:34:37	54	84	0
May 09, 2014 05:34:38	54	84	0
May 09, 2014 05:34:39	53	91	0
May 09, 2014 05:34:40	61	87	0
May 09, 2014 05:34:41	43	74	0
May 09, 2014 05:34:42	40	75	0
May 09, 2014 05:34:43	24	78	0
May 09, 2014 05:34:44	11	87	0
May 09, 2014 05:34:45	26	83	0
May 09, 2014 05:34:46	26	70	0
May 09, 2014 05:34:47	48	70	0
May 09, 2014 05:34:48	44	53	0
May 09, 2014 05:34:49	44	60	0
May 09, 2014 05:34:50	48	66	0
May 09, 2014 05:34:51	53	70	0
May 09, 2014 05:34:53	67	77	0
May 09, 2014 05:34:54	53	57	0
May 09, 2014 05:34:55	38	48	0
May 09, 2014 05:34:56	26	43	0
May 09, 2014 05:34:57	20	44	0
May 09, 2014 05:34:58	38	70	0
May 09, 2014 05:34:59	50	88	0
May 09, 2014 05:35:00	51	63	0
May 09, 2014 05:35:01	50	56	0
May 09, 2014 05:35:02	61	40	0
May 09, 2014 05:35:03	57	61	0
May 09, 2014 05:35:04	56	74	0
May 09, 2014 05:35:05	23	84	0
May 09, 2014 05:35:06	20	77	0
May 09, 2014 05:35:07	27	80	0
May 09, 2014 05:35:08	48	67	0
May 09, 2014 05:35:09	64	69	0
May 09, 2014 05:35:10	75	74	0
May 09, 2014 05:35:11	87	63	0
May 09, 2014 05:35:12	64	67	0
May 09, 2014 05:35:13	75	60	0
May 09, 2014 05:35:14	77	57	0
May 09, 2014 05:35:15	60	67	0
May 09, 2014 05:35:16	67	70	0
May 09, 2014 05:35:17	57	78	0
May 09, 2014 05:35:18	57	78	0
May 09, 2014 05:35:19	35	64	0
May 09, 2014 05:35:20	44	47	0
May 09, 2014 05:35:21	51	35	0
May 09, 2014 05:35:22	61	37	0
May 09, 2014 05:35:23	75	41	0
May 09, 2014 05:35:24	56	47	0
May 09, 2014 05:35:25	60	50	0
May 09, 2014 05:35:26	61	51	0
May 09, 2014 05:35:28	66	43	0
May 09, 2014 05:35:29	64	56	0
May 09, 2014 05:35:30	64	61	0
May 09, 2014 05:35:31	66	54	0
May 09, 2014 05:35:32	63	60	0
May 09, 2014 05:35:33	54	43	0
May 09, 2014 05:35:34	47	44	0
May 09, 2014 05:35:35	35	34	0
May 09, 2014 05:35:36	41	30	0
May 09, 2014 05:35:37	29	41	0
May 09, 2014 05:35:38	38	44	0
May 09, 2014 05:35:39	63	53	0
May 09, 2014 05:35:40	74	48	0
May 09, 2014 05:35:41	100	37	0
May 09, 2014 05:35:42	100	37	0
May 09, 2014 05:35:43	96	34	0
May 09, 2014 05:35:44	96	34	0
May 09, 2014 05:35:45	80	38	0
May 09, 2014 05:35:46	60	37	0
May 09, 2014 05:35:47	43	43	0
May 09, 2014 05:35:48	23	38	0
May 09, 2014 05:35:49	21	30	0
May 09, 2014 05:35:50	47	26	0
May 09, 2014 05:35:51	44	17	0
May 09, 2014 05:35:52	64	24	0
May 09, 2014 05:35:53	75	43	0
May 09, 2014 05:35:54	67	53	0
May 09, 2014 05:35:55	81	60	0
May 09, 2014 05:35:56	75	63	0
May 09, 2014 05:35:57	78	54	0
May 09, 2014 05:35:58	87	48	0
May 09, 2014 05:35:59	93	48	0
May 09, 2014 05:36:00	100	44	0
May 09, 2014 05:36:02	87	44	0
May 09, 2014 05:36:03	77	38	0
May 09, 2014 05:36:04	63	37	0
May 09, 2014 05:36:05	56	53	0
May 09, 2014 05:36:06	48	51	0
May 09, 2014 05:36:07	41	57	0
May 09, 2014 05:36:08	54	53	0
May 09, 2014 05:36:09	51	40	0
May 09, 2014 05:36:10	63	44	0
May 09, 2014 05:36:11	56	56	0
May 09, 2014 05:36:12	47	66	0
May 09, 2014 05:36:13	64	75	0
May 09, 2014 05:36:14	56	77	0
May 09, 2014 05:36:15	47	69	0
May 09, 2014 05:36:16	35	63	0
May 09, 2014 05:36:17	23	54	0
May 09, 2014 05:36:18	21	50	0
May 09, 2014 05:36:19	29	41	0
May 09, 2014 05:36:20	35	44	0
May 09, 2014 05:36:21	37	51	0
May 09, 2014 05:36:22	47	56	0
May 09, 2014 05:36:23	57	66	0
May 09, 2014 05:36:24	53	66	0
May 09, 2014 05:36:25	53	64	0
May 09, 2014 05:36:26	38	67	0
May 09, 2014 05:36:27	17	50	0
May 09, 2014 05:36:28	27	34	0
May 09, 2014 05:36:29	37	40	0
May 09, 2014 05:36:30	51	37	0
May 09, 2014 05:36:31	61	51	0
May 09, 2014 05:36:32	61	51	0
May 09, 2014 05:36:33	56	44	0
May 09, 2014 05:36:34	67	48	0
May 09, 2014 05:36:35	78	41	0
May 09, 2014 05:36:37	66	34	0
May 09, 2014 05:36:38	66	34	0
May 09, 2014 05:36:39	50	30	0
May 09, 2014 05:36:40	47	37	0
May 09, 2014 05:36:41	35	48	0
May 09, 2014 05:36:42	34	50	0
May 09, 2014 05:36:43	29	48	0
May 09, 2014 05:36:44	23	41	0
May 09, 2014 05:36:45	37	44	0
May 09, 2014 05:36:46	43	37	0
May 09, 2014 05:36:47	57	44	0
May 09, 2014 05:36:48	60	50	0
May 09, 2014 05:36:49	56	37	0
May 09, 2014 05:36:50	56	48	0
May 09, 2014 05:36:51	43	47	0
May 09, 2014 05:36:52	41	53	0
May 09, 2014 05:36:53	41	70	0
May 09, 2014 05:36:54	41	60	0
May 09, 2014 05:36:55	35	78	0
May 09, 2014 05:36:56	44	66	0
May 09, 2014 05:36:57	56	61	0
May 09, 2014 05:36:58	57	69	0
May 09, 2014 05:36:59	69	63	0
May 09, 2014 05:37:00	69	70	0
May 09, 2014 05:37:01	40	56	0
May 09, 2014 05:37:02	27	47	0
May 09, 2014 05:37:03	17	37	0
May 09, 2014 05:37:04	34	54	0
May 09, 2014 05:37:05	35	44	0
May 09, 2014 05:37:06	44	61	0
May 09, 2014 05:37:07	57	69	0
May 09, 2014 05:37:09	48	57	0
May 09, 2014 05:37:10	64	56	0
May 09, 2014 05:37:11	54	43	0
May 09, 2014 05:37:12	57	40	0
May 09, 2014 05:37:13	70	50	0
May 09, 2014 05:37:14	51	57	0
May 09, 2014 05:37:15	50	54	0
May 09, 2014 05:37:16	23	50	0
May 09, 2014 05:37:17	14	44	0
May 09, 2014 05:37:18	8	44	0
May 09, 2014 05:37:19	13	44	0
May 09, 2014 05:37:20	21	54	0
May 09, 2014 05:37:21	37	60	0
May 09, 2014 05:37:22	54	66	0
May 09, 2014 05:37:23	54	66	0
May 09, 2014 05:37:24	47	57	0
May 09, 2014 05:37:25	38	51	0
May 09, 2014 05:37:26	24	54	0
May 09, 2014 05:37:27	30	53	0
May 09, 2014 05:37:28	35	51	0
May 09, 2014 05:37:29	27	30	0
May 09, 2014 05:37:30	29	43	0
May 09, 2014 05:37:31	34	51	0
May 09, 2014 05:37:32	40	53	0
May 09, 2014 05:37:33	40	78	0
May 09, 2014 05:37:34	43	64	0
May 09, 2014 05:37:35	44	57	0
May 09, 2014 05:37:36	53	61	0
May 09, 2014 05:37:37	56	43	0
May 09, 2014 05:37:38	54	53	0
May 09, 2014 05:37:39	67	64	0
May 09, 2014 05:37:40	75	60	0
May 09, 2014 05:37:42	88	74	0
May 09, 2014 05:37:43	69	64	0
May 09, 2014 05:37:44	54	56	0
May 09, 2014 05:37:45	40	63	0
May 09, 2014 05:37:46	29	69	0
May 09, 2014 05:37:47	51	78	0
May 09, 2014 05:37:48	56	81	0
May 09, 2014 05:37:49	53	67	0
May 09, 2014 05:37:50	43	56	0
May 09, 2014 05:37:51	40	50	0
May 09, 2014 05:37:52	48	40	0
May 09, 2014 05:37:53	54	57	0
May 09, 2014 05:37:54	54	53	0
May 09, 2014 05:37:55	38	53	0
May 09, 2014 05:37:56	27	69	0
May 09, 2014 05:37:57	13	61	0
May 09, 2014 05:37:58	26	47	0
May 09, 2014 05:37:59	21	30	0
May 09, 2014 05:38:00	30	43	0
May 09, 2014 05:38:01	27	64	0
May 09, 2014 05:38:02	17	66	0
May 09, 2014 05:38:03	27	74	0
May 09, 2014 05:38:04	27	78	0
May 09, 2014 05:38:05	29	70	0
May 09, 2014 05:38:06	38	75	0
May 09, 2014 05:38:07	24	70	0
May 09, 2014 05:38:08	16	66	0
May 09, 2014 05:38:09	14	57	0
May 09, 2014 05:38:10	10	69	0
May 09, 2014 05:38:11	11	70	0
May 09, 2014 05:38:12	14	64	0
May 09, 2014 05:38:14	23	70	0
May 09, 2014 05:38:15	17	54	0
May 09, 2014 05:38:16	20	57	0
May 09, 2014 05:38:17	14	61	0
May 09, 2014 05:38:18	24	63	0
May 09, 2014 05:38:19	23	69	0
May 09, 2014 05:38:20	34	66	0
May 09, 2014 05:38:21	50	63	0
May 09, 2014 05:38:22	35	60	0
May 09, 2014 05:38:23	44	56	0
May 09, 2014 05:38:24	34	51	0
May 09, 2014 05:38:25	35	54	0
May 09, 2014 05:38:26	53	60	0
May 09, 2014 05:38:27	63	74	0
May 09, 2014 05:38:28	35	57	0
May 09, 2014 05:38:29	29	53	0
May 09, 2014 05:38:30	26	43	0
May 09, 2014 05:38:31	16	27	0
May 09, 2014 05:38:32	38	47	0
May 09, 2014 05:38:33	27	44	0
May 09, 2014 05:38:34	34	60	0
May 09, 2014 05:38:35	53	80	0
May 09, 2014 05:38:36	47	69	0
May 09, 2014 05:38:37	54	80	0
May 09, 2014 05:38:38	50	80	0
May 09, 2014 05:38:39	34	74	0
May 09, 2014 05:38:40	54	67	0
May 09, 2014 05:38:41	40	69	0
May 09, 2014 05:38:42	38	78	0
May 09, 2014 05:38:43	41	70	0
May 09, 2014 05:38:44	29	83	0
May 09, 2014 05:38:45	41	75	0
May 09, 2014 05:38:47	53	70	0
May 09, 2014 05:38:48	61	77	0
May 09, 2014 05:38:49	51	64	0
May 09, 2014 05:38:50	44	69	0
May 09, 2014 05:38:51	38	57	0
May 09, 2014 05:38:52	34	53	0
May 09, 2014 05:38:53	43	61	0
May 09, 2014 05:38:54	56	47	0
May 09, 2014 05:38:55	51	43	0
May 09, 2014 05:38:56	41	44	0
May 09, 2014 05:38:57	21	60	0
May 09, 2014 05:38:58	1	57	0
May 09, 2014 05:38:59	1	57	0
May 09, 2014 05:39:00	17	63	0
May 09, 2014 05:39:01	51	56	0
May 09, 2014 05:39:02	69	60	0
May 09, 2014 05:39:03	78	54	0
May 09, 2014 05:39:04	70	50	0
May 09, 2014 05:39:05	50	53	0
May 09, 2014 05:39:06	51	60	0
May 09, 2014 05:39:07	54	53	0
May 09, 2014 05:39:08	56	63	0
May 09, 2014 05:39:09	61	60	0
May 09, 2014 05:39:10	69	57	0
May 09, 2014 05:39:11	61	81	0
May 09, 2014 05:39:12	47	57	0
May 09, 2014 05:39:13	40	50	0
May 09, 2014 05:39:14	29	61	0
May 09, 2014 05:39:15	43	43	0
May 09, 2014 05:39:16	40	60	0
May 09, 2014 05:39:17	37	66	0
May 09, 2014 05:39:19	44	60	0
May 09, 2014 05:39:20	37	63	0
May 09, 2014 05:39:21	43	53	0
May 09, 2014 05:39:22	50	41	0
May 09, 2014 05:39:23	53	47	0
May 09, 2014 05:39:24	61	56	0
May 09, 2014 05:39:25	38	70	0
May 09, 2014 05:39:26	37	84	0
May 09, 2014 05:39:27	24	93	0
May 09, 2014 05:39:28	17	88	0
May 09, 2014 05:39:29	37	81	0
May 09, 2014 05:39:30	26	81	0
May 09, 2014 05:39:31	40	74	0
May 09, 2014 05:39:32	40	66	0
May 09, 2014 05:39:33	35	53	0
May 09, 2014 05:39:34	48	51	0
May 09, 2014 05:39:35	41	48	0
May 09, 2014 05:39:36	37	74	0
May 09, 2014 05:39:37	41	77	0
May 09, 2014 05:39:38	40	74	0
May 09, 2014 05:39:39	48	77	0
May 09, 2014 05:39:40	60	60	0
May 09, 2014 05:39:41	57	63	0
May 09, 2014 05:39:42	56	64	0
May 09, 2014 05:39:43	66	64	0
May 09, 2014 05:39:44	67	67	0
May 09, 2014 05:39:45	80	75	0
May 09, 2014 05:39:46	93	67	0
May 09, 2014 05:39:47	69	70	0
May 09, 2014 05:39:48	56	67	0
May 09, 2014 05:39:49	50	66	0
May 09, 2014 05:39:50	60	74	0
May 09, 2014 05:39:52	74	66	0
May 09, 2014 05:39:53	56	66	0
May 09, 2014 05:39:54	54	61	0
May 09, 2014 05:39:55	57	51	0
May 09, 2014 05:39:56	63	53	0
May 09, 2014 05:39:57	56	43	0
May 09, 2014 05:39:58	60	44	0
May 09, 2014 05:39:59	47	57	0
May 09, 2014 05:40:00	43	67	0
May 09, 2014 05:40:01	51	75	0
May 09, 2014 05:40:02	66	83	0
May 09, 2014 05:40:03	88	64	0
May 09, 2014 05:40:04	88	51	0
May 09, 2014 05:40:05	100	43	0
May 09, 2014 05:40:06	83	53	0
May 09, 2014 05:40:07	66	60	0
May 09, 2014 05:40:08	61	74	0
May 09, 2014 05:40:09	35	83	0
May 09, 2014 05:40:10	37	80	0
May 09, 2014 05:40:11	37	77	0
May 09, 2014 05:40:12	30	70	0
May 09, 2014 05:40:13	50	66	0
May 09, 2014 05:40:14	44	40	0
May 09, 2014 05:40:15	35	50	0
May 09, 2014 05:40:16	23	57	0
May 09, 2014 05:40:17	14	69	0
May 09, 2014 05:40:18	20	83	0
May 09, 2014 05:40:19	23	66	0
May 09, 2014 05:40:20	27	60	0
May 09, 2014 05:40:21	21	57	0
May 09, 2014 05:40:22	17	54	0
May 09, 2014 05:40:24	10	51	0
May 09, 2014 05:40:25	13	53	0
May 09, 2014 05:40:26	24	48	0
May 09, 2014 05:40:27	40	64	0
May 09, 2014 05:40:28	51	77	0
May 09, 2014 05:40:29	63	70	0
May 09, 2014 05:40:30	70	64	0
May 09, 2014 05:40:31	74	64	0
May 09, 2014 05:40:32	83	60	0
May 09, 2014 05:40:33	57	57	0
May 09, 2014 05:40:34	53	74	0
May 09, 2014 05:40:35	41	80	0
May 09, 2014 05:40:36	37	80	0
May 09, 2014 05:40:37	53	80	0
May 09, 2014 05:40:38	57	64	0
May 09, 2014 05:40:39	57	64	0
May 09, 2014 05:40:40	53	60	0
May 09, 2014 05:40:41	26	57	0
May 09, 2014 05:40:42	16	57	0
May 09, 2014 05:40:43	14	57	0
May 09, 2014 05:40:44	20	56	0
May 09, 2014 05:40:45	27	74	0
May 09, 2014 05:40:46	27	81	0
May 09, 2014 05:40:47	24	81	0
May 09, 2014 05:40:48	34	74	0
May 09, 2014 05:40:49	40	60	0
May 09, 2014 05:40:50	37	60	0
May 09, 2014 05:40:51	34	48	0
May 09, 2014 05:40:52	40	61	0
May 09, 2014 05:40:53	30	74	0
May 09, 2014 05:40:54	44	80	0
May 09, 2014 05:40:55	43	90	0
May 09, 2014 05:40:56	43	90	0
May 09, 2014 05:40:58	64	77	0
May 09, 2014 05:40:59	51	75	0
May 09, 2014 05:41:00	64	75	0
May 09, 2014 05:41:01	60	69	0
May 09, 2014 05:41:02	44	61	0
May 09, 2014 05:41:03	60	51	0
May 09, 2014 05:41:04	43	48	0
May 09, 2014 05:41:05	30	47	0
May 09, 2014 05:41:06	29	53	0
May 09, 2014 05:41:07	27	56	0
May 09, 2014 05:41:08	34	53	0
May 09, 2014 05:41:09	48	51	0
May 09, 2014 05:41:10	51	57	0
May 09, 2014 05:41:11	35	60	0
May 09, 2014 05:41:12	34	56	0
May 09, 2014 05:41:13	29	64	0
May 09, 2014 05:41:14	38	60	0
May 09, 2014 05:41:15	53	54	0
May 09, 2014 05:41:16	50	56	0
May 09, 2014 05:41:17	50	56	0
May 09, 2014 05:41:18	34	50	0
May 09, 2014 05:41:19	47	60	0
May 09, 2014 05:41:20	50	57	0
May 09, 2014 05:41:21	60	57	0
May 09, 2014 05:41:22	66	54	0
May 09, 2014 05:41:23	50	47	0
May 09, 2014 05:41:24	41	47	0
May 09, 2014 05:41:25	35	70	0
May 09, 2014 05:41:26	21	80	0
May 09, 2014 05:41:27	34	93	0
May 09, 2014 05:41:28	50	100	0
May 09, 2014 05:41:29	43	78	0
May 09, 2014 05:41:30	40	69	0
May 09, 2014 05:41:32	34	64	0
May 09, 2014 05:41:33	20	56	0
May 09, 2014 05:41:34	17	66	0
May 09, 2014 05:41:35	27	57	0
May 09, 2014 05:41:36	24	50	0
May 09, 2014 05:41:37	35	51	0
May 09, 2014 05:41:38	35	53	0
May 09, 2014 05:41:39	41	57	0
May 09, 2014 05:41:40	51	56	0
May 09, 2014 05:41:41	40	66	0
May 09, 2014 05:41:42	35	57	0
May 09, 2014 05:41:43	21	57	0
May 09, 2014 05:41:44	26	66	0
May 09, 2014 05:41:45	40	56	0
May 09, 2014 05:41:46	63	69	0
May 09, 2014 05:41:47	50	83	0
May 09, 2014 05:41:48	48	88	0
May 09, 2014 05:41:49	43	83	0
May 09, 2014 05:41:50	30	80	0
May 09, 2014 05:41:51	35	57	0
May 09, 2014 05:41:52	24	61	0
May 09, 2014 05:41:53	27	60	0
May 09, 2014 05:41:54	30	60	0
May 09, 2014 05:41:55	34	63	0
May 09, 2014 05:41:56	40	57	0
May 09, 2014 05:41:57	48	63	0
May 09, 2014 05:41:58	50	51	0
May 09, 2014 05:41:59	50	64	0
May 09, 2014 05:42:00	48	66	0
May 09, 2014 05:42:01	43	61	0
May 09, 2014 05:42:02	27	69	0
May 09, 2014 05:42:03	29	56	0
May 09, 2014 05:42:05	23	56	0
May 09, 2014 05:42:06	17	61	0
May 09, 2014 05:42:07	26	70	0
May 09, 2014 05:42:08	27	78	0
May 09, 2014 05:42:09	41	83	0
May 09, 2014 05:42:10	47	77	0
May 09, 2014 05:42:11	66	53	0
May 09, 2014 05:42:12	57	51	0
May 09, 2014 05:42:13	41	41	0
May 09, 2014 05:42:14	38	34	0
May 09, 2014 05:42:15	38	50	0
May 09, 2014 05:42:16	38	51	0
May 09, 2014 05:42:17	23	48	0
May 09, 2014 05:42:18	26	50	0
May 09, 2014 05:42:19	16	47	0
May 09, 2014 05:42:20	20	53	0
May 09, 2014 05:42:21	41	84	0
May 09, 2014 05:42:22	21	80	0
May 09, 2014 05:42:23	26	80	0
May 09, 2014 05:42:24	26	75	0
May 09, 2014 05:42:25	13	66	0
May 09, 2014 05:42:26	10	57	0
May 09, 2014 05:42:27	26	56	0
May 09, 2014 05:42:28	17	50	0
May 09, 2014 05:42:29	21	38	0
May 09, 2014 05:42:30	35	41	0
May 09, 2014 05:42:31	24	57	0
May 09, 2014 05:42:32	37	63	0
May 09, 2014 05:42:33	38	80	0
May 09, 2014 05:42:34	35	88	0
May 09, 2014 05:42:35	34	83	0
May 09, 2014 05:42:36	27	88	0
May 09, 2014 05:42:37	27	78	0
May 09, 2014 05:42:39	30	81	0
May 09, 2014 05:42:40	30	81	0
May 09, 2014 05:42:41	24	83	0
May 09, 2014 05:42:42	23	88	0
May 09, 2014 05:42:43	14	91	0
May 09, 2014 05:42:44	20	90	0
May 09, 2014 05:42:45	41	67	0
May 09, 2014 05:42:46	54	66	0
May 09, 2014 05:42:47	40	48	0
May 09, 2014 05:42:48	34	48	0
May 09, 2014 05:42:49	27	60	0
May 09, 2014 05:42:50	23	53	0
May 09, 2014 05:42:51	35	66	0
May 09, 2014 05:42:52	29	57	0
May 09, 2014 05:42:53	43	51	0
May 09, 2014 05:42:54	40	63	0
May 09, 2014 05:42:55	43	56	0
May 09, 2014 05:42:56	47	57	0
May 09, 2014 05:42:57	27	56	0
May 09, 2014 05:42:58	23	43	0
May 09, 2014 05:42:59	30	48	0
May 09, 2014 05:43:00	40	48	0
May 09, 2014 05:43:01	43	57	0
May 09, 2014 05:43:02	44	61	0
May 09, 2014 05:43:03	26	66	0
May 09, 2014 05:43:04	21	67	0
May 09, 2014 05:43:05	30	66	0
May 09, 2014 05:43:06	34	60	0
May 09, 2014 05:43:07	27	64	0
May 09, 2014 05:43:08	35	78	0
May 09, 2014 05:43:09	34	66	0
May 09, 2014 05:43:11	26	63	0
May 09, 2014 05:43:12	24	54	0
May 09, 2014 05:43:13	1	48	0
May 09, 2014 05:43:14	3	54	0
May 09, 2014 05:43:15	20	66	0
May 09, 2014 05:43:16	24	83	0
May 09, 2014 05:43:17	24	84	0
May 09, 2014 05:43:18	37	83	0
May 09, 2014 05:43:19	40	77	0
May 09, 2014 05:43:20	63	53	0
May 09, 2014 05:43:21	78	54	0
May 09, 2014 05:43:22	69	66	0
May 09, 2014 05:43:23	56	60	0
May 09, 2014 05:43:24	53	70	0
May 09, 2014 05:43:25	54	66	0
May 09, 2014 05:43:26	56	66	0
May 09, 2014 05:43:27	69	70	0
May 09, 2014 05:43:28	56	83	0
May 09, 2014 05:43:29	63	80	0
May 09, 2014 05:43:30	60	70	0
May 09, 2014 05:43:31	63	78	0
May 09, 2014 05:43:32	61	69	0
May 09, 2014 05:43:33	29	66	0
May 09, 2014 05:43:34	7	57	0
May 09, 2014 05:43:35	3	56	0
May 09, 2014 05:43:36	4	56	0
May 09, 2014 05:43:37	27	66	0
May 09, 2014 05:43:38	37	77	0
May 09, 2014 05:43:39	29	64	0
May 09, 2014 05:43:40	37	44	0
May 09, 2014 05:43:41	53	53	0
May 09, 2014 05:43:42	47	48	0
May 09, 2014 05:43:44	44	77	0
May 09, 2014 05:43:45	40	75	0
May 09, 2014 05:43:46	35	63	0
May 09, 2014 05:43:47	44	84	0
May 09, 2014 05:43:48	40	74	0
May 09, 2014 05:43:49	38	64	0
May 09, 2014 05:43:50	29	54	0
May 09, 2014 05:43:51	24	40	0
May 09, 2014 05:43:52	26	44	0
May 09, 2014 05:43:53	30	51	0
May 09, 2014 05:43:54	35	67	0
May 09, 2014 05:43:55	43	81	0
May 09, 2014 05:43:56	43	81	0
May 09, 2014 05:43:57	27	47	0
May 09, 2014 05:43:58	26	44	0
May 09, 2014 05:43:59	40	30	0
May 09, 2014 05:44:00	44	43	0
May 09, 2014 05:44:01	70	54	0
May 09, 2014 05:44:02	70	53	0
May 09, 2014 05:44:03	47	56	0
May 09, 2014 05:44:04	48	67	0
May 09, 2014 05:44:05	37	70	0
May 09, 2014 05:44:06	56	78	0
May 09, 2014 05:44:07	63	69	0
May 09, 2014 05:44:08	64	64	0
May 09, 2014 05:44:09	60	60	0
May 09, 2014 05:44:10	54	74	0
May 09, 2014 05:44:11	54	75	0
May 09, 2014 05:44:12	63	83	0
May 09, 2014 05:44:13	64	80	0
May 09, 2014 05:44:14	67	70	0
May 09, 2014 05:44:15	64	77	0
May 09, 2014 05:44:17	64	69	0
May 09, 2014 05:44:18	61	66	0
May 09, 2014 05:44:19	41	48	0
May 09, 2014 05:44:20	29	23	0
May 09, 2014 05:44:21	34	21	0
May 09, 2014 05:44:22	41	29	0
May 09, 2014 05:44:23	54	57	0
May 09, 2014 05:44:24	70	80	0
May 09, 2014 05:44:25	70	80	0
May 09, 2014 05:44:26	60	75	0
May 09, 2014 05:44:27	57	53	0
May 09, 2014 05:44:28	54	47	0
May 09, 2014 05:44:29	34	44	0
May 09, 2014 05:44:30	53	48	0
May 09, 2014 05:44:31	48	51	0
May 09, 2014 05:44:32	53	41	0
May 09, 2014 05:44:33	64	53	0
May 09, 2014 05:44:34	60	61	0
May 09, 2014 05:44:35	78	64	0
May 09, 2014 05:44:36	78	64	0
May 09, 2014 05:44:37	83	54	0
May 09, 2014 05:44:38	81	48	0
May 09, 2014 05:44:39	66	66	0
May 09, 2014 05:44:40	57	74	0
May 09, 2014 05:44:41	57	77	0
May 09, 2014 05:44:42	44	60	0
May 09, 2014 05:44:43	51	64	0
May 09, 2014 05:44:44	41	60	0
May 09, 2014 05:44:45	40	64	0
May 09, 2014 05:44:46	50	67	0
May 09, 2014 05:44:48	47	60	0
May 09, 2014 05:44:49	61	50	0
May 09, 2014 05:44:50	51	30	0
May 09, 2014 05:44:51	60	41	0
May 09, 2014 05:44:52	75	47	0
May 09, 2014 05:44:53	78	53	0
May 09, 2014 05:44:54	94	64	0
May 09, 2014 05:44:55	75	48	0
May 09, 2014 05:44:56	66	67	0
May 09, 2014 05:44:57	56	70	0
May 09, 2014 05:44:58	51	83	0
May 09, 2014 05:44:59	66	93	0
May 09, 2014 05:45:00	66	70	0
May 09, 2014 05:45:01	61	69	0
May 09, 2014 05:45:02	57	64	0
May 09, 2014 05:45:03	54	64	0
May 09, 2014 05:45:04	57	61	0
May 09, 2014 05:45:05	74	67	0
May 09, 2014 05:45:06	77	63	0
May 09, 2014 05:45:07	64	67	0
May 09, 2014 05:45:08	61	67	0
May 09, 2014 05:45:09	44	51	0
May 09, 2014 05:45:10	47	54	0
May 09, 2014 05:45:11	43	56	0
May 09, 2014 05:45:12	44	50	0
May 09, 2014 05:45:13	50	74	0
May 09, 2014 05:45:14	56	80	0
May 09, 2014 05:45:15	66	81	0
May 09, 2014 05:45:16	61	78	0
May 09, 2014 05:45:17	57	77	0
May 09, 2014 05:45:18	64	63	0
May 09, 2014 05:45:19	63	64	0
May 09, 2014 05:45:20	53	67	0
May 09, 2014 05:45:21	56	78	0
May 09, 2014 05:45:22	44	96	0
May 09, 2014 05:45:24	38	93	0
May 09, 2014 05:45:25	50	100	0
May 09, 2014 05:45:26	60	81	0
May 09, 2014 05:45:27	51	69	0
May 09, 2014 05:45:28	51	61	0
May 09, 2014 05:45:29	51	66	0
May 09, 2014 05:45:30	56	63	0
May 09, 2014 05:45:31	69	56	0
May 09, 2014 05:45:32	66	63	0
May 09, 2014 05:45:33	69	61	0
May 09, 2014 05:45:34	56	70	0
May 09, 2014 05:45:35	63	60	0
May 09, 2014 05:45:36	64	63	0
May 09, 2014 05:45:37	64	60	0
May 09, 2014 05:45:38	51	74	0
May 09, 2014 05:45:39	50	70	0
May 09, 2014 05:45:40	41	56	0
May 09, 2014 05:45:41	34	47	0
May 09, 2014 05:45:42	48	38	0
May 09, 2014 05:45:43	63	35	0
May 09, 2014 05:45:44	77	48	0
May 09, 2014 05:45:45	87	54	0
May 09, 2014 05:45:46	74	67	0
May 09, 2014 05:45:47	75	61	0
May 09, 2014 05:45:48	57	61	0
May 09, 2014 05:45:49	51	61	0
May 09, 2014 05:45:50	61	51	0
May 09, 2014 05:45:51	41	56	0
May 09, 2014 05:45:52	44	61	0
May 09, 2014 05:45:53	57	61	0
May 09, 2014 05:45:54	50	66	0
May 09, 2014 05:45:55	50	66	0
May 09, 2014 05:45:56	61	61	0
May 09, 2014 05:45:57	44	60	0
May 09, 2014 05:45:58	43	70	0
May 09, 2014 05:46:00	37	70	0
May 09, 2014 05:46:01	53	69	0
May 09, 2014 05:46:02	57	67	0
May 09, 2014 05:46:03	69	56	0
May 09, 2014 05:46:04	77	66	0
May 09, 2014 05:46:05	69	74	0
May 09, 2014 05:46:06	53	74	0
May 09, 2014 05:46:07	40	67	0
May 09, 2014 05:46:08	27	47	0
May 09, 2014 05:46:09	54	47	0
May 09, 2014 05:46:10	60	51	0
May 09, 2014 05:46:11	69	66	0
May 09, 2014 05:46:12	63	63	0
May 09, 2014 05:46:13	56	64	0
May 09, 2014 05:46:14	60	57	0
May 09, 2014 05:46:15	61	47	0
May 09, 2014 05:46:16	74	53	0
May 09, 2014 05:46:17	64	56	0
May 09, 2014 05:46:18	60	56	0
May 09, 2014 05:46:19	61	61	0
May 09, 2014 05:46:20	51	63	0
May 09, 2014 05:46:21	50	74	0
May 09, 2014 05:46:22	50	94	0
May 09, 2014 05:46:23	43	84	0
May 09, 2014 05:46:24	54	83	0
May 09, 2014 05:46:25	64	67	0
May 09, 2014 05:46:26	70	48	0
May 09, 2014 05:46:27	88	47	0
May 09, 2014 05:46:28	94	38	0
May 09, 2014 05:46:29	100	47	0
May 09, 2014 05:46:30	100	47	0
May 09, 2014 05:46:31	88	34	0
May 09, 2014 05:46:32	80	43	0
May 09, 2014 05:46:33	75	34	0
May 09, 2014 05:46:35	67	48	0
May 09, 2014 05:46:36	53	78	0
May 09, 2014 05:46:37	50	66	0
May 09, 2014 05:46:38	51	66	0
May 09, 2014 05:46:39	43	41	0
May 09, 2014 05:46:40	34	43	0
May 09, 2014 05:46:41	30	48	0
May 09, 2014 05:46:42	35	51	0
May 09, 2014 05:46:43	37	37	0
May 09, 2014 05:46:44	40	53	0
May 09, 2014 05:46:45	38	48	0
May 09, 2014 05:46:46	37	57	0
May 09, 2014 05:46:47	44	60	0
May 09, 2014 05:46:48	48	48	0
May 09, 2014 05:46:49	41	50	0
May 09, 2014 05:46:50	37	35	0
May 09, 2014 05:46:51	37	35	26
May 09, 2014 05:46:52	29	41	0
May 09, 2014 05:46:53	30	40	0
May 09, 2014 05:46:54	40	37	0
May 09, 2014 05:46:55	48	48	0
May 09, 2014 05:46:56	60	37	0
May 09, 2014 05:46:57	63	37	0
May 09, 2014 05:46:58	64	51	0
May 09, 2014 05:46:59	64	47	0
May 09, 2014 05:47:00	63	57	0
May 09, 2014 05:47:01	67	60	0
May 09, 2014 05:47:02	61	48	0
May 09, 2014 05:47:03	66	53	0
May 09, 2014 05:47:04	57	50	0
May 09, 2014 05:47:05	57	57	0
May 09, 2014 05:47:06	75	69	0
May 09, 2014 05:47:07	75	77	0
May 09, 2014 05:47:08	70	93	0
May 09, 2014 05:47:09	70	93	80
May 09, 2014 05:47:11	70	93	80
May 09, 2014 05:47:12	70	93	80
May 09, 2014 05:47:13	70	93	54
May 09, 2014 05:47:14	0	0	200
May 09, 2014 05:47:15	0	0	200
May 09, 2014 05:47:16	0	0	200
May 09, 2014 05:47:17	0	0	200
May 09, 2014 05:47:18	0	0	200
May 09, 2014 05:47:19	0	0	200
May 09, 2014 05:47:20	0	0	200
May 09, 2014 05:47:21	0	0	200
May 09, 2014 05:47:22	0	0	200
May 09, 2014 05:47:23	0	0	200
May 09, 2014 05:47:24	0	0	200
May 09, 2014 05:47:25	0	0	200
May 09, 2014 05:47:26	0	0	200
May 09, 2014 05:47:27	0	0	200
May 09, 2014 05:47:28	0	0	200
May 09, 2014 05:47:29	0	0	200
May 09, 2014 05:47:30	0	0	200
May 09, 2014 05:47:31	0	0	200
May 09, 2014 05:47:32	0	0	200
May 09, 2014 05:47:33	0	0	200
May 09, 2014 05:47:34	0	0	200
May 09, 2014 05:47:35	0	0	200
May 09, 2014 05:47:36	0	0	200
May 09, 2014 05:47:37	0	0	200
May 09, 2014 05:47:38	0	0	200
May 09, 2014 05:47:39	0	0	200
May 09, 2014 05:47:40	0	0	200
May 09, 2014 05:47:41	0	0	200
May 09, 2014 05:47:42	0	0	200
May 09, 2014 05:47:43	0	0	200
May 09, 2014 05:47:44	0	0	200
May 09, 2014 05:47:45	0	0	200
May 09, 2014 05:47:46	0	0	200
May 09, 2014 05:47:47	0	0	200
May 09, 2014 05:47:48	0	0	200
May 09, 2014 05:47:49	0	0	200
May 09, 2014 05:47:50	0	0	200
May 09, 2014 05:47:51	0	0	200
May 09, 2014 05:47:52	0	0	200
May 09, 2014 05:47:53	0	0	200
May 09, 2014 05:47:54	0	0	200
May 09, 2014 05:47:55	0	0	200
May 09, 2014 05:47:56	0	0	200
May 09, 2014 05:47:57	0	0	200
May 09, 2014 05:47:58	0	0	200
May 09, 2014 05:47:59	0	0	200
May 09, 2014 05:48:00	0	0	200
May 09, 2014 05:48:01	0	0	200
May 09, 2014 05:48:02	0	0	200
May 09, 2014 05:48:03	0	0	200
May 09, 2014 05:48:04	0	0	200
May 09, 2014 05:48:05	0	0	200
May 09, 2014 05:48:06	0	0	200
May 09, 2014 05:48:07	0	0	200
May 09, 2014 05:48:08	0	0	200
May 09, 2014 05:48:09	0	0	200
May 09, 2014 05:48:10	0	0	200
May 09, 2014 05:48:11	0	0	200
May 09, 2014 05:48:12	0	0	200
May 09, 2014 05:48:13	0	0	200
May 09, 2014 05:48:14	0	0	200
May 09, 2014 05:48:15	0	0	200
May 09, 2014 05:48:16	0	0	200
May 09, 2014 05:48:17	0	0	200
May 09, 2014 05:48:18	0	0	200
May 09, 2014 05:48:19	0	0	200
May 09, 2014 05:48:20	0	0	200
May 09, 2014 05:48:21	0	0	200
May 09, 2014 05:48:22	0	0	200
May 09, 2014 05:48:23	0	0	200
May 09, 2014 05:48:24	0	0	200
May 09, 2014 05:48:25	0	0	200
May 09, 2014 05:48:26	0	0	200
May 09, 2014 05:48:27	0	0	200
May 09, 2014 05:48:28	0	0	200
May 09, 2014 05:48:29	0	0	200
May 09, 2014 05:48:30	0	0	200
May 09, 2014 05:48:31	0	0	200
May 09, 2014 05:48:32	0	0	200
May 09, 2014 05:48:33	0	0	200
May 09, 2014 05:48:34	0	0	200
May 09, 2014 05:48:35	0	0	200
May 09, 2014 05:48:36	0	0	200
May 09, 2014 05:48:37	0	0	200
May 09, 2014 05:48:38	0	0	200
May 09, 2014 05:48:39	0	0	200
May 09, 2014 05:48:40	0	0	200
May 09, 2014 05:48:41	0	0	200
May 09, 2014 05:48:42	0	0	200
May 09, 2014 05:48:43	0	0	200
May 09, 2014 05:48:45	0	0	200
May 09, 2014 05:48:46	0	0	200
May 09, 2014 05:48:47	0	0	200
May 09, 2014 05:48:48	0	0	200
May 09, 2014 05:48:49	0	0	200
May 09, 2014 05:48:50	0	0	200
May 09, 2014 05:48:51	0	0	200
May 09, 2014 05:48:52	0	0	200
May 09, 2014 05:48:53	0	0	200
May 09, 2014 05:48:54	0	0	200
May 09, 2014 05:48:55	0	0	200
May 09, 2014 05:48:56	0	0	200
May 09, 2014 05:48:57	0	0	200
May 09, 2014 05:48:58	0	0	200
May 09, 2014 05:48:59	0	0	200
May 09, 2014 05:49:00	0	0	200
May 09, 2014 05:49:01	0	0	200
May 09, 2014 05:49:02	0	0	200
May 09, 2014 05:49:03	0	0	200
May 09, 2014 05:49:04	0	0	200
May 09, 2014 05:49:05	0	0	200
May 09, 2014 05:49:06	0	0	200
May 09, 2014 05:49:07	0	0	200
May 09, 2014 05:49:08	0	0	200
May 09, 2014 05:49:09	0	0	200
May 09, 2014 05:49:10	0	0	200
May 09, 2014 05:49:11	0	0	200
May 09, 2014 05:49:12	0	0	200
May 09, 2014 05:49:13	0	0	200
May 09, 2014 05:49:14	0	0	200
May 09, 2014 05:49:15	0	0	200
May 09, 2014 05:49:16	0	0	200
May 09, 2014 05:49:17	0	0	200
May 09, 2014 05:49:18	0	0	200
May 09, 2014 05:49:19	0	0	200
May 09, 2014 05:49:20	0	0	200
May 09, 2014 05:49:21	0	0	200
May 09, 2014 05:49:22	0	0	200
May 09, 2014 05:49:23	0	0	200
May 09, 2014 05:49:24	0	0	200
May 09, 2014 05:49:25	0	0	200
May 09, 2014 05:49:26	0	0	200
May 09, 2014 05:49:27	0	0	200
May 09, 2014 05:49:28	0	0	200
May 09, 2014 05:49:29	0	0	200
May 09, 2014 05:49:30	0	0	200
May 09, 2014 05:49:31	0	0	200
May 09, 2014 05:49:32	0	0	200
May 09, 2014 05:49:33	0	0	200
May 09, 2014 05:49:34	0	0	200
May 09, 2014 05:49:35	0	0	200
May 09, 2014 05:49:36	0	0	200
May 09, 2014 05:49:37	0	0	200
May 09, 2014 05:49:38	0	0	200
May 09, 2014 05:49:39	0	0	200
May 09, 2014 05:49:40	0	0	200
May 09, 2014 05:49:41	0	0	200
May 09, 2014 05:49:42	0	0	200
May 09, 2014 05:49:43	0	0	200
May 09, 2014 05:49:44	0	0	200
May 09, 2014 05:49:45	0	0	200
May 09, 2014 05:49:46	0	0	200
May 09, 2014 05:49:47	0	0	200
May 09, 2014 05:49:48	0	0	200
May 09, 2014 05:49:49	0	0	200
May 09, 2014 05:49:50	0	0	200
May 09, 2014 05:49:51	0	0	200
May 09, 2014 05:49:52	0	0	200
May 09, 2014 05:49:53	0	0	200
May 09, 2014 05:49:54	0	0	200
May 09, 2014 05:49:55	0	0	200
May 09, 2014 05:49:56	0	0	200
May 09, 2014 05:49:57	0	0	200
May 09, 2014 05:49:58	0	0	200
May 09, 2014 05:49:59	0	0	200
May 09, 2014 05:50:00	0	0	200
May 09, 2014 05:50:01	0	0	200
May 09, 2014 05:50:02	0	0	200
May 09, 2014 05:50:03	0	0	200
May 09, 2014 05:50:04	0	0	200
May 09, 2014 05:50:05	0	0	200
May 09, 2014 05:50:06	0	0	200
May 09, 2014 05:50:07	0	0	200
May 09, 2014 05:50:08	0	0	200
May 09, 2014 05:50:09	0	0	200
May 09, 2014 05:50:10	0	0	200
May 09, 2014 05:50:11	0	0	200
May 09, 2014 05:50:12	0	0	200
May 09, 2014 05:50:13	0	0	200
May 09, 2014 05:50:14	0	0	200
May 09, 2014 05:50:15	0	0	200
May 09, 2014 05:50:16	0	0	200
May 09, 2014 05:50:17	0	0	200
May 09, 2014 05:50:18	0	0	200
May 09, 2014 05:50:19	0	0	200
May 09, 2014 05:50:20	0	0	200
May 09, 2014 05:50:21	0	0	200
May 09, 2014 05:50:22	0	0	200
May 09, 2014 05:50:23	0	0	200
May 09, 2014 05:50:24	0	0	200
May 09, 2014 05:50:25	0	0	200
May 09, 2014 05:50:26	0	0	200
May 09, 2014 05:50:27	0	0	200
May 09, 2014 05:50:28	0	0	200
May 09, 2014 05:50:29	0	0	200
May 09, 2014 05:50:30	0	0	200
May 09, 2014 05:50:31	0	0	200
May 09, 2014 05:50:32	0	0	200
May 09, 2014 05:50:33	0	0	200
May 09, 2014 05:50:34	0	0	200
May 09, 2014 05:50:35	0	0	200
May 09, 2014 05:50:36	0	0	200
May 09, 2014 05:50:37	0	0	200
May 09, 2014 05:50:38	0	0	200
May 09, 2014 05:50:39	0	0	200
May 09, 2014 05:50:40	0	0	200
May 09, 2014 05:50:41	0	0	200
May 09, 2014 05:50:42	0	0	200
May 09, 2014 05:50:43	0	0	200
May 09, 2014 05:50:44	0	0	200
May 09, 2014 05:50:45	0	0	200
May 09, 2014 05:50:46	0	0	200
May 09, 2014 05:50:47	0	0	200
May 09, 2014 05:50:48	0	0	200
May 09, 2014 05:50:49	0	0	200
May 09, 2014 05:50:50	0	0	200
May 09, 2014 05:50:51	0	0	200
May 09, 2014 05:50:52	0	0	200
May 09, 2014 05:50:53	0	0	200
May 09, 2014 05:50:54	0	0	200
May 09, 2014 05:50:55	0	0	200
May 09, 2014 05:50:56	0	0	200
May 09, 2014 05:50:57	0	0	200
May 09, 2014 05:50:58	0	0	200
May 09, 2014 05:50:59	0	0	200
May 09, 2014 05:51:00	0	0	200
May 09, 2014 05:51:01	0	0	200
May 09, 2014 05:51:02	0	0	200
May 09, 2014 05:51:03	0	0	200
May 09, 2014 05:51:04	0	0	200
May 09, 2014 05:51:05	0	0	200
May 09, 2014 05:51:06	0	0	200
May 09, 2014 05:51:07	0	0	200
May 09, 2014 05:51:08	0	0	200
May 09, 2014 05:51:09	0	0	200
May 09, 2014 05:51:10	0	0	200
May 09, 2014 05:51:11	0	0	200
May 09, 2014 05:51:12	0	0	200
May 09, 2014 05:51:13	0	0	200
May 09, 2014 05:51:14	0	0	200
May 09, 2014 05:51:15	0	0	200
May 09, 2014 05:51:16	0	0	200
May 09, 2014 05:51:17	0	0	200
May 09, 2014 05:51:18	0	0	200
May 09, 2014 05:51:19	0	0	200
May 09, 2014 05:51:20	0	0	200
May 09, 2014 05:51:21	0	0	200
May 09, 2014 05:51:22	0	0	200
May 09, 2014 05:51:23	0	0	200
May 09, 2014 05:51:24	0	0	200
May 09, 2014 05:51:25	0	0	200
May 09, 2014 05:51:26	0	0	200
May 09, 2014 05:51:27	0	0	200
May 09, 2014 05:51:28	0	0	200
May 09, 2014 05:51:29	0	0	200
May 09, 2014 05:51:30	0	0	200
May 09, 2014 05:51:31	0	0	200
May 09, 2014 05:51:32	0	0	200
May 09, 2014 05:51:33	0	0	200
May 09, 2014 05:51:34	0	0	200
May 09, 2014 05:51:35	0	0	200
May 09, 2014 05:51:36	0	0	200
May 09, 2014 05:51:37	0	0	200
May 09, 2014 05:51:38	0	0	200
May 09, 2014 05:51:39	0	0	200
May 09, 2014 05:51:40	0	0	200
May 09, 2014 05:51:41	0	0	200
May 09, 2014 05:51:42	0	0	200
May 09, 2014 05:51:43	0	0	200
May 09, 2014 05:51:44	0	0	200
May 09, 2014 05:51:45	0	0	200
May 09, 2014 05:51:46	0	0	200
May 09, 2014 05:51:47	0	0	200
May 09, 2014 05:51:48	0	0	200
May 09, 2014 05:51:49	0	0	200
May 09, 2014 05:51:50	0	0	200
May 09, 2014 05:51:51	0	0	200
May 09, 2014 05:51:52	0	0	200
May 09, 2014 05:51:53	0	0	200
May 09, 2014 05:51:54	0	0	200
May 09, 2014 05:51:55	0	0	200
May 09, 2014 05:51:56	0	0	200
May 09, 2014 05:51:57	0	0	200
May 09, 2014 05:51:58	0	0	200
May 09, 2014 05:51:59	0	0	200
May 09, 2014 05:52:00	0	0	200
May 09, 2014 05:52:01	0	0	200
May 09, 2014 05:52:02	0	0	200
May 09, 2014 05:52:03	0	0	200
May 09, 2014 05:52:04	0	0	200
May 09, 2014 05:52:05	0	0	200
May 09, 2014 05:52:06	0	0	200
May 09, 2014 05:52:07	0	0	200
May 09, 2014 05:52:08	0	0	200
May 09, 2014 05:52:09	0	0	200
May 09, 2014 05:52:10	0	0	200
May 09, 2014 05:52:11	0	0	200
May 09, 2014 05:52:12	0	0	200
May 09, 2014 05:52:13	0	0	200
May 09, 2014 05:52:14	0	0	200
May 09, 2014 05:52:15	0	0	200
May 09, 2014 05:52:16	0	0	200
May 09, 2014 05:52:17	0	0	200
May 09, 2014 05:52:18	0	0	200
May 09, 2014 05:52:19	0	0	200
May 09, 2014 05:52:20	0	0	200
May 09, 2014 05:52:21	0	0	200
May 09, 2014 05:52:22	0	0	200
May 09, 2014 05:52:23	0	0	200
May 09, 2014 05:52:24	0	0	200
May 09, 2014 05:52:25	0	0	200
May 09, 2014 05:52:26	0	0	200
May 09, 2014 05:52:27	0	0	200
May 09, 2014 05:52:28	0	0	200
May 09, 2014 05:52:29	0	0	200
May 09, 2014 05:52:30	0	0	200
May 09, 2014 05:52:31	0	0	200
May 09, 2014 05:52:32	0	0	200
May 09, 2014 05:52:33	0	0	200
May 09, 2014 05:52:34	0	0	200
May 09, 2014 05:52:35	0	0	200
May 09, 2014 05:52:36	0	0	200
May 09, 2014 05:52:37	0	0	200
May 09, 2014 05:52:38	0	0	200
May 09, 2014 05:52:39	0	0	200
May 09, 2014 05:52:40	0	0	200
May 09, 2014 05:52:41	0	0	200
May 09, 2014 05:52:42	0	0	200
May 09, 2014 05:52:43	0	0	200
May 09, 2014 05:52:44	0	0	200
May 09, 2014 05:52:45	0	0	200
May 09, 2014 05:52:46	0	0	200
May 09, 2014 05:52:47	0	0	200
May 09, 2014 05:52:48	0	0	200
May 09, 2014 05:52:49	0	0	200
May 09, 2014 05:52:50	0	0	200
May 09, 2014 05:52:51	0	0	200
May 09, 2014 05:52:52	0	0	200
May 09, 2014 05:52:53	0	0	200
May 09, 2014 05:52:54	0	0	200
May 09, 2014 05:52:55	0	0	200
May 09, 2014 05:52:56	0	0	200
May 09, 2014 05:52:57	0	0	200
May 09, 2014 05:52:58	0	0	200
May 09, 2014 05:52:59	0	0	200
May 09, 2014 05:53:00	0	0	200
May 09, 2014 05:53:01	0	0	200
May 09, 2014 05:53:02	0	0	200
May 09, 2014 05:53:03	0	0	200
May 09, 2014 05:53:04	0	0	200
May 09, 2014 05:53:05	0	0	200
May 09, 2014 05:53:06	0	0	200
May 09, 2014 05:53:07	0	0	200
May 09, 2014 05:53:08	0	0	200
May 09, 2014 05:53:09	0	0	200
May 09, 2014 05:53:10	0	0	200
May 09, 2014 05:53:11	0	0	200
May 09, 2014 05:53:12	0	0	200
May 09, 2014 05:53:13	0	0	200
May 09, 2014 05:53:14	0	0	200
May 09, 2014 05:53:15	0	0	200
May 09, 2014 05:53:16	0	0	200
May 09, 2014 05:53:17	0	0	200
May 09, 2014 05:53:18	0	0	200
May 09, 2014 05:53:19	0	0	200
May 09, 2014 05:53:20	0	0	200
May 09, 2014 05:53:21	0	0	200
May 09, 2014 05:53:22	0	0	200
May 09, 2014 05:53:23	0	0	200
May 09, 2014 05:53:24	0	0	200
May 09, 2014 05:53:25	0	0	200
May 09, 2014 05:53:26	0	0	200
May 09, 2014 05:53:27	0	0	200
May 09, 2014 05:53:28	0	0	200
May 09, 2014 05:53:29	0	0	200
May 09, 2014 05:53:30	0	0	200
May 09, 2014 05:53:31	0	0	200
May 09, 2014 05:53:32	0	0	200
May 09, 2014 05:53:33	0	0	200
May 09, 2014 05:53:34	0	0	200
May 09, 2014 05:53:35	0	0	200
May 09, 2014 05:53:36	0	0	200
May 09, 2014 05:53:37	0	0	200
May 09, 2014 05:53:38	0	0	200
May 09, 2014 05:53:39	0	0	200
May 09, 2014 05:53:40	0	0	200
May 09, 2014 05:53:41	0	0	200
May 09, 2014 05:53:42	0	0	200
May 09, 2014 05:53:43	0	0	200
May 09, 2014 05:53:44	0	0	200
May 09, 2014 05:53:45	0	0	200
May 09, 2014 05:53:46	0	0	200
May 09, 2014 05:53:47	0	0	200
May 09, 2014 05:53:48	0	0	200
May 09, 2014 05:53:49	0	0	200
May 09, 2014 05:53:50	0	0	200
May 09, 2014 05:53:51	0	0	200
May 09, 2014 05:53:52	0	0	200
May 09, 2014 05:53:53	0	0	200
May 09, 2014 05:53:54	0	0	200
May 09, 2014 05:53:55	0	0	200
May 09, 2014 05:53:56	0	0	200
May 09, 2014 05:53:57	0	0	200
May 09, 2014 05:53:58	0	0	200
May 09, 2014 05:53:59	0	0	200
May 09, 2014 05:54:00	0	0	200
May 09, 2014 05:54:01	0	0	200
May 09, 2014 05:54:02	0	0	200
May 09, 2014 05:54:03	0	0	200
May 09, 2014 05:54:04	0	0	200
May 09, 2014 05:54:05	0	0	200
May 09, 2014 05:54:06	0	0	200
May 09, 2014 05:54:07	0	0	200
May 09, 2014 05:54:08	0	0	200
May 09, 2014 05:54:09	0	0	200
May 09, 2014 05:54:10	0	0	200
May 09, 2014 05:54:11	0	0	200
May 09, 2014 05:54:12	0	0	200
May 09, 2014 05:54:13	0	0	200
May 09, 2014 05:54:14	0	0	200
May 09, 2014 05:54:15	0	0	200
May 09, 2014 05:54:16	0	0	200
May 09, 2014 05:54:17	0	0	200
May 09, 2014 05:54:18	0	0	200
May 09, 2014 05:54:19	0	0	200
May 09, 2014 05:54:20	0	0	200
May 09, 2014 05:54:21	0	0	200
May 09, 2014 05:54:22	0	0	200
May 09, 2014 05:54:23	0	0	200
May 09, 2014 05:54:24	0	0	200
May 09, 2014 05:54:25	0	0	200
May 09, 2014 05:54:26	0	0	200
May 09, 2014 05:54:27	0	0	200
May 09, 2014 05:54:28	0	0	200
May 09, 2014 05:54:29	0	0	200
May 09, 2014 05:54:30	0	0	200
May 09, 2014 05:54:31	0	0	200
May 09, 2014 05:54:32	0	0	200
May 09, 2014 05:54:33	0	0	200
May 09, 2014 05:54:34	0	0	200
May 09, 2014 05:54:35	0	0	200
May 09, 2014 05:54:36	0	0	200
May 09, 2014 05:54:37	0	0	200
May 09, 2014 05:54:38	0	0	200
May 09, 2014 05:54:39	0	0	200
May 09, 2014 05:54:40	0	0	200
May 09, 2014 05:54:41	0	0	200
May 09, 2014 05:54:42	0	0	200
May 09, 2014 05:54:43	0	0	200
May 09, 2014 05:54:44	0	0	200
May 09, 2014 05:54:45	0	0	200
May 09, 2014 05:54:46	0	0	200
May 09, 2014 05:54:47	0	0	200
May 09, 2014 05:54:48	0	0	200
May 09, 2014 05:54:49	0	0	200
May 09, 2014 05:54:50	0	0	200
May 09, 2014 05:54:51	0	0	200
May 09, 2014 05:54:52	0	0	200
May 09, 2014 05:54:53	0	0	200
May 09, 2014 05:54:54	0	0	200
May 09, 2014 05:54:55	0	0	200
May 09, 2014 05:54:56	0	0	200
May 09, 2014 05:54:57	0	0	200
May 09, 2014 05:54:58	0	0	200
May 09, 2014 05:54:59	0	0	200
May 09, 2014 05:55:00	0	0	200
May 09, 2014 05:55:01	0	0	200
May 09, 2014 05:55:02	0	0	200
May 09, 2014 05:55:03	0	0	200
May 09, 2014 05:55:04	0	0	200
May 09, 2014 05:55:05	0	0	200
May 09, 2014 05:55:06	0	0	200
May 09, 2014 05:55:07	0	0	200
May 09, 2014 05:55:08	0	0	200
May 09, 2014 05:55:09	0	0	200
May 09, 2014 05:55:10	0	0	200
May 09, 2014 05:55:11	0	0	200
May 09, 2014 05:55:12	0	0	200
May 09, 2014 05:55:13	0	0	200
May 09, 2014 05:55:14	0	0	200
May 09, 2014 05:55:15	0	0	200
May 09, 2014 05:55:16	0	0	200
May 09, 2014 05:55:17	0	0	200
May 09, 2014 05:55:18	0	0	200
May 09, 2014 05:55:19	0	0	200
May 09, 2014 05:55:20	0	0	200
May 09, 2014 05:55:21	0	0	200
May 09, 2014 05:55:22	0	0	200
May 09, 2014 05:55:23	0	0	200
May 09, 2014 05:55:24	0	0	200
May 09, 2014 05:55:25	0	0	200
May 09, 2014 05:55:26	0	0	200
May 09, 2014 05:55:27	0	0	200
May 09, 2014 05:55:28	0	0	200
May 09, 2014 05:55:29	0	0	200
May 09, 2014 05:55:30	0	0	200
May 09, 2014 05:55:31	0	0	200
May 09, 2014 05:55:32	0	0	200
May 09, 2014 05:55:33	0	0	200
May 09, 2014 05:55:34	0	0	200
May 09, 2014 05:55:35	0	0	200
May 09, 2014 05:55:36	0	0	200
May 09, 2014 05:55:37	0	0	200
May 09, 2014 05:55:38	0	0	200
May 09, 2014 05:55:39	0	0	200
May 09, 2014 05:55:40	0	0	200
May 09, 2014 05:55:41	0	0	200
May 09, 2014 05:55:42	0	0	200
May 09, 2014 05:55:43	0	0	200
May 09, 2014 05:55:44	0	0	200
May 09, 2014 05:55:45	0	0	200
May 09, 2014 05:55:46	0	0	200
May 09, 2014 05:55:47	0	0	200
May 09, 2014 05:55:48	0	0	200
May 09, 2014 05:55:49	0	0	200
May 09, 2014 05:55:50	0	0	200
May 09, 2014 05:55:51	0	0	200
May 09, 2014 05:55:52	0	0	200
May 09, 2014 05:55:53	0	0	200
May 09, 2014 05:55:54	0	0	200
May 09, 2014 05:55:55	0	0	200
May 09, 2014 05:55:56	0	0	200
May 09, 2014 05:55:57	0	0	200
May 09, 2014 05:55:58	0	0	200
May 09, 2014 05:55:59	0	0	200
May 09, 2014 05:56:00	0	0	200
May 09, 2014 05:56:01	0	0	200
May 09, 2014 05:56:02	0	0	200
May 09, 2014 05:56:03	0	0	200
May 09, 2014 05:56:04	0	0	200
May 09, 2014 05:56:05	0	0	200
May 09, 2014 05:56:06	0	0	200
May 09, 2014 05:56:07	0	0	200
May 09, 2014 05:56:08	0	0	200
May 09, 2014 05:56:09	0	0	200
May 09, 2014 05:56:10	0	0	200
May 09, 2014 05:56:11	0	0	200
May 09, 2014 05:56:12	0	0	200
May 09, 2014 05:56:13	0	0	200
May 09, 2014 05:56:14	0	0	200
May 09, 2014 05:56:15	0	0	200
May 09, 2014 05:56:16	0	0	200
May 09, 2014 05:56:17	0	0	200
May 09, 2014 05:56:18	0	0	200
May 09, 2014 05:56:19	0	0	200
May 09, 2014 05:56:20	0	0	200
May 09, 2014 05:56:21	0	0	200
May 09, 2014 05:56:22	0	0	200
May 09, 2014 05:56:23	0	0	200
May 09, 2014 05:56:24	0	0	200
May 09, 2014 05:56:25	0	0	200
May 09, 2014 05:56:26	0	0	200
May 09, 2014 05:56:27	0	0	200
May 09, 2014 05:56:28	0	0	200
May 09, 2014 05:56:29	0	0	200
May 09, 2014 05:56:30	0	0	200
May 09, 2014 05:56:31	0	0	200
May 09, 2014 05:56:32	0	0	200
May 09, 2014 05:56:33	0	0	200
May 09, 2014 05:56:34	0	0	200
May 09, 2014 05:56:36	0	0	200
May 09, 2014 05:56:37	0	0	200
May 09, 2014 05:56:38	0	0	200
May 09, 2014 05:56:39	0	0	200
May 09, 2014 05:56:40	0	0	200
May 09, 2014 05:56:41	0	0	200
May 09, 2014 05:56:42	0	0	200
May 09, 2014 05:56:43	0	0	200
May 09, 2014 05:56:44	0	0	200
May 09, 2014 05:56:45	0	0	200
May 09, 2014 05:56:46	0	0	200
