Apr 18, 2014 13:03:37	34	38	0
Apr 18, 2014 13:03:38	21	38	0
Apr 18, 2014 13:03:39	23	38	0
Apr 18, 2014 13:03:40	24	26	0
Apr 18, 2014 13:03:41	26	17	0
Apr 18, 2014 13:03:42	40	24	0
Apr 18, 2014 13:03:43	29	17	0
Apr 18, 2014 13:03:44	37	29	0
Apr 18, 2014 13:03:45	47	47	0
Apr 18, 2014 13:03:46	41	50	0
Apr 18, 2014 13:03:47	56	64	0
Apr 18, 2014 13:03:48	60	64	0
Apr 18, 2014 13:03:49	50	66	0
Apr 18, 2014 13:03:50	50	63	0
Apr 18, 2014 13:03:51	40	64	0
Apr 18, 2014 13:03:52	37	69	0
Apr 18, 2014 13:03:53	53	75	0
Apr 18, 2014 13:03:54	63	83	0
Apr 18, 2014 13:03:55	67	87	0
Apr 18, 2014 13:03:56	78	80	0
Apr 18, 2014 13:03:57	67	91	0
Apr 18, 2014 13:03:58	48	83	0
Apr 18, 2014 13:04:00	43	87	0
Apr 18, 2014 13:04:01	20	100	0
Apr 18, 2014 13:04:02	26	94	0
Apr 18, 2014 13:04:03	37	100	0
Apr 18, 2014 13:04:04	41	100	0
Apr 18, 2014 13:04:05	53	91	0
Apr 18, 2014 13:04:06	63	80	0
Apr 18, 2014 13:04:07	74	77	0
Apr 18, 2014 13:04:08	83	81	0
Apr 18, 2014 13:04:09	88	87	0
Apr 18, 2014 13:04:10	75	93	0
Apr 18, 2014 13:04:11	75	84	0
Apr 18, 2014 13:04:12	84	64	0
Apr 18, 2014 13:04:13	93	63	0
Apr 18, 2014 13:04:14	90	51	0
Apr 18, 2014 13:04:15	70	50	0
Apr 18, 2014 13:04:16	61	67	0
Apr 18, 2014 13:04:17	44	63	0
Apr 18, 2014 13:04:18	41	66	0
Apr 18, 2014 13:04:19	50	70	0
Apr 18, 2014 13:04:20	37	57	0
Apr 18, 2014 13:04:21	30	67	0
Apr 18, 2014 13:04:22	35	80	0
Apr 18, 2014 13:04:23	26	83	0
Apr 18, 2014 13:04:24	13	83	0
Apr 18, 2014 13:04:25	10	74	0
Apr 18, 2014 13:04:26	26	70	0
Apr 18, 2014 13:04:27	43	64	0
Apr 18, 2014 13:04:28	66	75	0
Apr 18, 2014 13:04:29	83	78	0
Apr 18, 2014 13:04:30	80	63	0
Apr 18, 2014 13:04:31	77	66	0
Apr 18, 2014 13:04:32	83	64	0
Apr 18, 2014 13:04:33	77	66	0
Apr 18, 2014 13:04:34	77	78	0
Apr 18, 2014 13:04:36	56	90	0
Apr 18, 2014 13:04:37	60	94	0
Apr 18, 2014 13:04:38	48	100	0
Apr 18, 2014 13:04:39	44	100	0
Apr 18, 2014 13:04:40	54	96	0
Apr 18, 2014 13:04:41	54	96	0
Apr 18, 2014 13:04:42	57	87	0
Apr 18, 2014 13:04:43	75	77	0
Apr 18, 2014 13:04:44	70	83	0
Apr 18, 2014 13:04:45	67	67	0
Apr 18, 2014 13:04:46	77	66	0
Apr 18, 2014 13:04:47	60	69	0
Apr 18, 2014 13:04:48	66	64	0
Apr 18, 2014 13:04:49	56	77	0
Apr 18, 2014 13:04:50	67	78	0
Apr 18, 2014 13:04:51	78	77	0
Apr 18, 2014 13:04:52	83	74	0
Apr 18, 2014 13:04:53	94	69	0
Apr 18, 2014 13:04:54	78	83	0
Apr 18, 2014 13:04:55	75	83	0
Apr 18, 2014 13:04:56	56	100	0
Apr 18, 2014 13:04:57	50	100	0
Apr 18, 2014 13:04:58	47	88	0
Apr 18, 2014 13:04:59	37	84	0
Apr 18, 2014 13:05:00	47	54	0
Apr 18, 2014 13:05:01	44	50	0
Apr 18, 2014 13:05:02	57	57	0
Apr 18, 2014 13:05:03	81	54	0
Apr 18, 2014 13:05:04	81	70	0
Apr 18, 2014 13:05:05	75	75	0
Apr 18, 2014 13:05:06	53	83	0
Apr 18, 2014 13:05:07	53	75	0
Apr 18, 2014 13:05:08	54	74	0
Apr 18, 2014 13:05:10	60	67	0
Apr 18, 2014 13:05:11	66	70	0
Apr 18, 2014 13:05:12	60	93	0
Apr 18, 2014 13:05:13	50	100	0
Apr 18, 2014 13:05:14	43	96	0
Apr 18, 2014 13:05:15	50	78	0
Apr 18, 2014 13:05:16	56	74	0
Apr 18, 2014 13:05:17	53	81	0
Apr 18, 2014 13:05:18	67	87	0
Apr 18, 2014 13:05:19	51	94	0
Apr 18, 2014 13:05:20	41	93	0
Apr 18, 2014 13:05:21	57	83	0
Apr 18, 2014 13:05:22	53	84	0
Apr 18, 2014 13:05:23	61	96	0
Apr 18, 2014 13:05:24	70	91	0
Apr 18, 2014 13:05:25	63	91	0
Apr 18, 2014 13:05:26	57	96	0
Apr 18, 2014 13:05:27	50	87	0
Apr 18, 2014 13:05:28	47	87	0
Apr 18, 2014 13:05:29	41	90	0
Apr 18, 2014 13:05:30	30	90	0
Apr 18, 2014 13:05:31	40	94	0
Apr 18, 2014 13:05:32	40	96	0
Apr 18, 2014 13:05:33	50	90	0
Apr 18, 2014 13:05:34	56	77	0
Apr 18, 2014 13:05:35	44	75	0
Apr 18, 2014 13:05:36	27	63	0
Apr 18, 2014 13:05:37	35	74	0
Apr 18, 2014 13:05:38	30	63	0
Apr 18, 2014 13:05:39	44	61	0
Apr 18, 2014 13:05:40	63	69	0
Apr 18, 2014 13:05:41	77	70	0
Apr 18, 2014 13:05:42	84	83	0
Apr 18, 2014 13:05:43	64	91	0
Apr 18, 2014 13:05:45	50	90	0
Apr 18, 2014 13:05:46	44	80	0
Apr 18, 2014 13:05:47	60	69	0
Apr 18, 2014 13:05:48	69	67	0
Apr 18, 2014 13:05:49	69	78	0
Apr 18, 2014 13:05:50	56	77	0
Apr 18, 2014 13:05:51	41	87	0
Apr 18, 2014 13:05:52	35	90	0
Apr 18, 2014 13:05:53	38	67	0
Apr 18, 2014 13:05:54	43	78	0
Apr 18, 2014 13:05:55	54	63	0
Apr 18, 2014 13:05:56	57	63	0
Apr 18, 2014 13:05:57	57	69	0
Apr 18, 2014 13:05:58	67	78	0
Apr 18, 2014 13:05:59	61	88	0
Apr 18, 2014 13:06:00	41	69	0
Apr 18, 2014 13:06:01	29	81	0
Apr 18, 2014 13:06:02	1	69	0
Apr 18, 2014 13:06:03	1	64	0
Apr 18, 2014 13:06:04	3	75	0
Apr 18, 2014 13:06:05	17	70	0
Apr 18, 2014 13:06:06	48	69	0
Apr 18, 2014 13:06:07	69	74	0
Apr 18, 2014 13:06:08	56	66	0
Apr 18, 2014 13:06:09	56	66	0
Apr 18, 2014 13:06:10	29	69	0
Apr 18, 2014 13:06:11	20	77	0
Apr 18, 2014 13:06:12	26	75	0
Apr 18, 2014 13:06:13	34	74	0
Apr 18, 2014 13:06:14	44	78	0
Apr 18, 2014 13:06:15	53	78	0
Apr 18, 2014 13:06:16	61	84	0
Apr 18, 2014 13:06:17	50	90	0
Apr 18, 2014 13:06:18	43	88	0
Apr 18, 2014 13:06:19	47	83	0
Apr 18, 2014 13:06:21	53	83	0
Apr 18, 2014 13:06:22	69	67	0
Apr 18, 2014 13:06:23	67	74	0
Apr 18, 2014 13:06:24	63	60	0
Apr 18, 2014 13:06:25	50	63	0
Apr 18, 2014 13:06:26	35	70	0
Apr 18, 2014 13:06:27	38	67	0
Apr 18, 2014 13:06:28	44	80	0
Apr 18, 2014 13:06:29	64	75	0
Apr 18, 2014 13:06:30	69	81	0
Apr 18, 2014 13:06:31	61	75	0
Apr 18, 2014 13:06:32	41	77	0
Apr 18, 2014 13:06:33	27	64	0
Apr 18, 2014 13:06:34	41	56	0
Apr 18, 2014 13:06:35	54	60	0
Apr 18, 2014 13:06:36	70	63	0
Apr 18, 2014 13:06:37	80	75	0
Apr 18, 2014 13:06:38	57	67	0
Apr 18, 2014 13:06:39	47	61	0
Apr 18, 2014 13:06:40	51	57	0
Apr 18, 2014 13:06:41	56	67	0
Apr 18, 2014 13:06:42	88	66	0
Apr 18, 2014 13:06:43	97	69	0
Apr 18, 2014 13:06:44	94	81	0
Apr 18, 2014 13:06:45	100	77	0
Apr 18, 2014 13:06:46	81	81	0
Apr 18, 2014 13:06:47	84	77	0
Apr 18, 2014 13:06:48	91	69	0
Apr 18, 2014 13:06:49	83	74	0
Apr 18, 2014 13:06:50	91	69	0
Apr 18, 2014 13:06:51	87	70	0
Apr 18, 2014 13:06:52	78	63	0
Apr 18, 2014 13:06:53	67	66	0
Apr 18, 2014 13:06:54	57	80	0
Apr 18, 2014 13:06:55	56	77	0
Apr 18, 2014 13:06:57	51	96	0
Apr 18, 2014 13:06:58	57	88	0
Apr 18, 2014 13:06:59	50	80	0
Apr 18, 2014 13:07:00	27	69	0
Apr 18, 2014 13:07:01	20	66	0
Apr 18, 2014 13:07:02	23	64	0
Apr 18, 2014 13:07:03	30	53	0
Apr 18, 2014 13:07:04	47	70	0
Apr 18, 2014 13:07:05	54	61	0
Apr 18, 2014 13:07:06	44	74	0
Apr 18, 2014 13:07:07	44	78	0
Apr 18, 2014 13:07:08	38	75	0
Apr 18, 2014 13:07:09	51	75	0
Apr 18, 2014 13:07:10	50	83	0
Apr 18, 2014 13:07:11	56	80	0
Apr 18, 2014 13:07:12	54	84	0
Apr 18, 2014 13:07:13	63	66	0
Apr 18, 2014 13:07:14	69	50	0
Apr 18, 2014 13:07:15	80	44	0
Apr 18, 2014 13:07:16	80	43	0
Apr 18, 2014 13:07:17	69	44	0
Apr 18, 2014 13:07:18	51	57	0
Apr 18, 2014 13:07:19	37	61	0
Apr 18, 2014 13:07:20	29	56	0
Apr 18, 2014 13:07:21	40	69	0
Apr 18, 2014 13:07:22	48	69	0
Apr 18, 2014 13:07:23	61	81	0
Apr 18, 2014 13:07:24	54	90	0
Apr 18, 2014 13:07:25	43	88	0
Apr 18, 2014 13:07:26	40	94	0
Apr 18, 2014 13:07:27	44	91	0
Apr 18, 2014 13:07:28	43	69	0
Apr 18, 2014 13:07:29	48	67	0
Apr 18, 2014 13:07:30	53	53	0
Apr 18, 2014 13:07:31	43	53	0
Apr 18, 2014 13:07:32	53	54	0
Apr 18, 2014 13:07:34	53	47	0
Apr 18, 2014 13:07:35	51	50	0
Apr 18, 2014 13:07:36	61	41	0
Apr 18, 2014 13:07:37	48	54	0
Apr 18, 2014 13:07:38	38	61	0
Apr 18, 2014 13:07:39	30	74	0
Apr 18, 2014 13:07:40	29	83	0
Apr 18, 2014 13:07:41	54	97	0
Apr 18, 2014 13:07:42	77	87	0
Apr 18, 2014 13:07:43	66	75	0
Apr 18, 2014 13:07:44	60	67	0
Apr 18, 2014 13:07:45	57	61	0
Apr 18, 2014 13:07:46	37	64	0
Apr 18, 2014 13:07:47	34	63	0
Apr 18, 2014 13:07:48	47	56	0
Apr 18, 2014 13:07:49	47	56	0
Apr 18, 2014 13:07:50	48	50	0
Apr 18, 2014 13:07:51	51	53	0
Apr 18, 2014 13:07:52	29	61	0
Apr 18, 2014 13:07:53	27	64	0
Apr 18, 2014 13:07:54	35	75	0
Apr 18, 2014 13:07:55	24	70	0
Apr 18, 2014 13:07:56	38	78	0
Apr 18, 2014 13:07:57	41	69	0
Apr 18, 2014 13:07:58	37	70	0
Apr 18, 2014 13:07:59	50	75	0
Apr 18, 2014 13:08:00	43	77	0
Apr 18, 2014 13:08:01	37	67	0
Apr 18, 2014 13:08:02	27	44	0
Apr 18, 2014 13:08:03	34	51	0
Apr 18, 2014 13:08:04	37	24	0
Apr 18, 2014 13:08:05	34	41	0
Apr 18, 2014 13:08:06	37	41	0
Apr 18, 2014 13:08:07	29	35	0
Apr 18, 2014 13:08:08	30	54	0
Apr 18, 2014 13:08:10	43	51	0
Apr 18, 2014 13:08:11	44	74	0
Apr 18, 2014 13:08:12	40	81	0
Apr 18, 2014 13:08:13	43	100	0
Apr 18, 2014 13:08:14	38	100	0
Apr 18, 2014 13:08:15	56	93	0
Apr 18, 2014 13:08:16	57	70	0
Apr 18, 2014 13:08:17	63	57	0
Apr 18, 2014 13:08:18	66	56	0
Apr 18, 2014 13:08:19	44	56	0
Apr 18, 2014 13:08:20	41	75	0
Apr 18, 2014 13:08:21	27	74	0
Apr 18, 2014 13:08:22	37	63	0
Apr 18, 2014 13:08:23	50	61	0
Apr 18, 2014 13:08:24	41	57	0
Apr 18, 2014 13:08:25	43	54	0
Apr 18, 2014 13:08:26	40	61	0
Apr 18, 2014 13:08:27	43	74	0
Apr 18, 2014 13:08:28	56	80	0
Apr 18, 2014 13:08:29	54	100	0
Apr 18, 2014 13:08:30	48	100	0
Apr 18, 2014 13:08:31	24	100	0
Apr 18, 2014 13:08:32	21	96	0
Apr 18, 2014 13:08:33	35	75	0
Apr 18, 2014 13:08:34	40	63	0
Apr 18, 2014 13:08:35	60	30	0
Apr 18, 2014 13:08:36	60	44	0
Apr 18, 2014 13:08:37	43	44	0
Apr 18, 2014 13:08:38	30	41	0
Apr 18, 2014 13:08:39	26	44	0
Apr 18, 2014 13:08:40	20	47	0
Apr 18, 2014 13:08:41	34	57	0
Apr 18, 2014 13:08:42	17	66	0
Apr 18, 2014 13:08:43	14	78	0
Apr 18, 2014 13:08:45	16	74	0
Apr 18, 2014 13:08:46	8	91	0
Apr 18, 2014 13:08:47	23	100	0
Apr 18, 2014 13:08:48	11	78	0
Apr 18, 2014 13:08:49	13	69	0
Apr 18, 2014 13:08:50	17	44	0
Apr 18, 2014 13:08:51	35	40	0
Apr 18, 2014 13:08:52	40	34	0
Apr 18, 2014 13:08:53	24	38	0
Apr 18, 2014 13:08:54	27	53	0
Apr 18, 2014 13:08:55	16	61	0
Apr 18, 2014 13:08:56	24	70	0
Apr 18, 2014 13:08:57	40	67	0
Apr 18, 2014 13:08:58	34	61	0
Apr 18, 2014 13:08:59	47	53	0
Apr 18, 2014 13:09:00	44	50	0
Apr 18, 2014 13:09:01	38	54	0
Apr 18, 2014 13:09:02	40	51	0
Apr 18, 2014 13:09:03	24	56	0
Apr 18, 2014 13:09:04	27	69	0
Apr 18, 2014 13:09:05	37	83	0
Apr 18, 2014 13:09:06	43	91	0
Apr 18, 2014 13:09:07	27	88	0
Apr 18, 2014 13:09:08	35	84	0
Apr 18, 2014 13:09:09	30	74	0
Apr 18, 2014 13:09:10	34	74	0
Apr 18, 2014 13:09:11	41	69	0
Apr 18, 2014 13:09:12	51	66	0
Apr 18, 2014 13:09:13	61	63	0
Apr 18, 2014 13:09:14	75	63	0
Apr 18, 2014 13:09:15	69	78	0
Apr 18, 2014 13:09:16	77	80	0
Apr 18, 2014 13:09:17	63	87	0
Apr 18, 2014 13:09:18	47	74	0
Apr 18, 2014 13:09:20	47	57	0
Apr 18, 2014 13:09:21	40	60	0
Apr 18, 2014 13:09:22	38	61	0
Apr 18, 2014 13:09:23	63	64	0
Apr 18, 2014 13:09:24	63	64	0
Apr 18, 2014 13:09:25	63	64	0
Apr 18, 2014 13:09:26	66	57	0
Apr 18, 2014 13:09:27	56	60	0
Apr 18, 2014 13:09:28	64	56	0
Apr 18, 2014 13:09:29	74	56	0
Apr 18, 2014 13:09:30	63	60	0
Apr 18, 2014 13:09:31	60	63	0
Apr 18, 2014 13:09:32	47	77	0
Apr 18, 2014 13:09:33	40	83	0
Apr 18, 2014 13:09:34	51	88	0
Apr 18, 2014 13:09:35	54	94	0
Apr 18, 2014 13:09:36	69	90	0
Apr 18, 2014 13:09:37	80	83	0
Apr 18, 2014 13:09:38	81	81	0
Apr 18, 2014 13:09:39	75	81	0
Apr 18, 2014 13:09:40	63	88	0
Apr 18, 2014 13:09:41	57	81	0
Apr 18, 2014 13:09:42	70	80	0
Apr 18, 2014 13:09:43	70	70	0
Apr 18, 2014 13:09:44	70	74	0
Apr 18, 2014 13:09:45	69	66	0
Apr 18, 2014 13:09:46	57	50	0
Apr 18, 2014 13:09:47	64	47	0
Apr 18, 2014 13:09:48	54	51	0
Apr 18, 2014 13:09:49	50	40	0
Apr 18, 2014 13:09:50	51	56	0
Apr 18, 2014 13:09:51	44	60	0
Apr 18, 2014 13:09:52	40	60	0
Apr 18, 2014 13:09:53	41	74	0
Apr 18, 2014 13:09:55	35	63	0
Apr 18, 2014 13:09:56	38	61	0
Apr 18, 2014 13:09:57	53	63	0
Apr 18, 2014 13:09:58	56	67	0
Apr 18, 2014 13:09:59	69	80	0
Apr 18, 2014 13:10:00	70	75	0
Apr 18, 2014 13:10:01	69	64	0
Apr 18, 2014 13:10:02	61	54	0
Apr 18, 2014 13:10:03	48	48	0
Apr 18, 2014 13:10:04	44	47	0
Apr 18, 2014 13:10:05	38	60	0
Apr 18, 2014 13:10:06	41	56	0
Apr 18, 2014 13:10:07	47	57	0
Apr 18, 2014 13:10:08	51	63	0
Apr 18, 2014 13:10:09	53	66	0
Apr 18, 2014 13:10:10	53	63	0
Apr 18, 2014 13:10:11	47	61	0
Apr 18, 2014 13:10:12	50	67	0
Apr 18, 2014 13:10:13	47	67	0
Apr 18, 2014 13:10:14	35	67	0
Apr 18, 2014 13:10:15	29	57	0
Apr 18, 2014 13:10:16	11	54	0
Apr 18, 2014 13:10:17	4	43	0
Apr 18, 2014 13:10:18	10	37	0
Apr 18, 2014 13:10:19	4	43	0
Apr 18, 2014 13:10:20	1	27	0
Apr 18, 2014 13:10:21	16	30	0
Apr 18, 2014 13:10:22	26	34	0
Apr 18, 2014 13:10:23	37	24	0
Apr 18, 2014 13:10:24	60	34	0
Apr 18, 2014 13:10:25	67	48	0
Apr 18, 2014 13:10:26	80	54	0
Apr 18, 2014 13:10:27	66	64	0
Apr 18, 2014 13:10:28	48	67	0
Apr 18, 2014 13:10:30	24	57	0
Apr 18, 2014 13:10:31	17	60	0
Apr 18, 2014 13:10:32	24	57	0
Apr 18, 2014 13:10:33	34	63	0
Apr 18, 2014 13:10:34	63	61	0
Apr 18, 2014 13:10:35	51	61	0
Apr 18, 2014 13:10:36	43	61	0
Apr 18, 2014 13:10:37	38	63	0
Apr 18, 2014 13:10:38	16	74	0
Apr 18, 2014 13:10:39	38	69	0
Apr 18, 2014 13:10:40	56	67	0
Apr 18, 2014 13:10:41	54	60	0
Apr 18, 2014 13:10:42	48	61	0
Apr 18, 2014 13:10:43	41	61	0
Apr 18, 2014 13:10:44	47	64	0
Apr 18, 2014 13:10:45	26	51	0
Apr 18, 2014 13:10:46	26	30	0
Apr 18, 2014 13:10:47	24	35	0
Apr 18, 2014 13:10:48	24	40	0
Apr 18, 2014 13:10:49	38	37	0
Apr 18, 2014 13:10:50	35	53	0
Apr 18, 2014 13:10:51	23	51	0
Apr 18, 2014 13:10:52	20	56	0
Apr 18, 2014 13:10:53	21	61	0
Apr 18, 2014 13:10:54	26	64	0
Apr 18, 2014 13:10:55	30	41	0
Apr 18, 2014 13:10:56	44	34	0
Apr 18, 2014 13:10:57	40	50	0
Apr 18, 2014 13:10:58	30	40	0
Apr 18, 2014 13:10:59	34	56	0
Apr 18, 2014 13:11:00	23	64	0
Apr 18, 2014 13:11:01	38	57	0
Apr 18, 2014 13:11:02	60	66	0
Apr 18, 2014 13:11:03	57	57	0
Apr 18, 2014 13:11:05	61	48	0
Apr 18, 2014 13:11:06	53	51	0
Apr 18, 2014 13:11:07	54	61	0
Apr 18, 2014 13:11:08	61	75	0
Apr 18, 2014 13:11:09	53	70	0
Apr 18, 2014 13:11:10	50	67	0
Apr 18, 2014 13:11:11	43	61	0
Apr 18, 2014 13:11:12	34	54	0
Apr 18, 2014 13:11:13	34	60	0
Apr 18, 2014 13:11:14	8	66	0
Apr 18, 2014 13:11:15	11	69	0
Apr 18, 2014 13:11:16	21	80	0
Apr 18, 2014 13:11:17	41	93	0
Apr 18, 2014 13:11:18	61	74	0
Apr 18, 2014 13:11:19	54	54	0
Apr 18, 2014 13:11:20	66	50	0
Apr 18, 2014 13:11:21	64	40	0
Apr 18, 2014 13:11:22	41	50	0
Apr 18, 2014 13:11:23	48	66	0
Apr 18, 2014 13:11:24	24	51	0
Apr 18, 2014 13:11:25	26	56	0
Apr 18, 2014 13:11:26	37	47	0
Apr 18, 2014 13:11:27	51	48	0
Apr 18, 2014 13:11:28	51	48	0
Apr 18, 2014 13:11:29	57	66	0
Apr 18, 2014 13:11:30	63	63	0
Apr 18, 2014 13:11:31	48	70	0
Apr 18, 2014 13:11:32	57	75	0
Apr 18, 2014 13:11:33	53	57	0
Apr 18, 2014 13:11:34	54	60	0
Apr 18, 2014 13:11:35	53	64	0
Apr 18, 2014 13:11:36	61	61	0
Apr 18, 2014 13:11:37	60	75	0
Apr 18, 2014 13:11:38	66	77	0
Apr 18, 2014 13:11:40	75	63	0
Apr 18, 2014 13:11:41	57	63	0
Apr 18, 2014 13:11:42	61	56	0
Apr 18, 2014 13:11:43	50	61	0
Apr 18, 2014 13:11:44	43	61	0
Apr 18, 2014 13:11:45	44	54	0
Apr 18, 2014 13:11:46	48	43	0
Apr 18, 2014 13:11:47	34	38	0
Apr 18, 2014 13:11:48	48	40	0
Apr 18, 2014 13:11:49	37	27	0
Apr 18, 2014 13:11:50	27	30	0
Apr 18, 2014 13:11:51	35	27	0
Apr 18, 2014 13:11:52	24	20	0
Apr 18, 2014 13:11:53	40	35	0
Apr 18, 2014 13:11:54	67	16	0
Apr 18, 2014 13:11:55	67	17	0
Apr 18, 2014 13:11:56	81	20	0
Apr 18, 2014 13:11:57	97	13	0
Apr 18, 2014 13:11:58	93	34	0
Apr 18, 2014 13:11:59	97	43	0
Apr 18, 2014 13:12:00	100	40	0
Apr 18, 2014 13:12:01	94	50	0
Apr 18, 2014 13:12:02	84	44	0
Apr 18, 2014 13:12:03	91	44	0
Apr 18, 2014 13:12:04	87	57	0
Apr 18, 2014 13:12:05	84	48	0
Apr 18, 2014 13:12:06	100	48	0
Apr 18, 2014 13:12:07	100	37	0
Apr 18, 2014 13:12:08	100	8	0
Apr 18, 2014 13:12:09	100	14	0
Apr 18, 2014 13:12:10	100	14	0
Apr 18, 2014 13:12:11	100	10	0
Apr 18, 2014 13:12:12	100	16	0
Apr 18, 2014 13:12:13	100	21	0
Apr 18, 2014 13:12:14	70	27	0
Apr 18, 2014 13:12:15	60	50	0
Apr 18, 2014 13:12:17	41	40	0
Apr 18, 2014 13:12:18	38	37	0
Apr 18, 2014 13:12:19	24	29	0
Apr 18, 2014 13:12:20	23	16	0
Apr 18, 2014 13:12:21	23	21	0
Apr 18, 2014 13:12:22	21	29	0
Apr 18, 2014 13:12:23	30	47	0
Apr 18, 2014 13:12:24	37	48	0
Apr 18, 2014 13:12:25	51	37	0
Apr 18, 2014 13:12:26	66	35	0
Apr 18, 2014 13:12:27	60	24	0
Apr 18, 2014 13:12:28	54	24	0
Apr 18, 2014 13:12:29	43	48	0
Apr 18, 2014 13:12:30	35	47	0
Apr 18, 2014 13:12:31	30	53	0
Apr 18, 2014 13:12:32	26	54	0
Apr 18, 2014 13:12:33	13	34	0
Apr 18, 2014 13:12:34	1	38	0
Apr 18, 2014 13:12:35	1	43	0
Apr 18, 2014 13:12:36	1	34	0
Apr 18, 2014 13:12:37	1	43	0
Apr 18, 2014 13:12:38	8	43	0
Apr 18, 2014 13:12:39	8	30	0
Apr 18, 2014 13:12:40	13	41	0
Apr 18, 2014 13:12:41	14	37	0
Apr 18, 2014 13:12:42	17	26	0
Apr 18, 2014 13:12:43	16	35	0
Apr 18, 2014 13:12:44	8	29	0
Apr 18, 2014 13:12:45	3	40	0
Apr 18, 2014 13:12:46	1	47	0
Apr 18, 2014 13:12:47	1	67	0
Apr 18, 2014 13:12:48	8	74	0
Apr 18, 2014 13:12:49	14	83	0
Apr 18, 2014 13:12:50	23	69	0
Apr 18, 2014 13:12:51	24	69	0
Apr 18, 2014 13:12:52	21	60	0
Apr 18, 2014 13:12:54	17	44	0
Apr 18, 2014 13:12:55	14	44	0
Apr 18, 2014 13:12:56	16	43	0
Apr 18, 2014 13:12:57	14	44	0
Apr 18, 2014 13:12:58	20	56	0
Apr 18, 2014 13:12:59	17	56	0
Apr 18, 2014 13:13:00	17	57	0
Apr 18, 2014 13:13:01	13	67	0
Apr 18, 2014 13:13:02	11	70	0
Apr 18, 2014 13:13:03	10	74	0
Apr 18, 2014 13:13:04	10	67	0
Apr 18, 2014 13:13:05	11	44	0
Apr 18, 2014 13:13:06	10	44	0
Apr 18, 2014 13:13:07	14	56	0
Apr 18, 2014 13:13:08	20	47	0
Apr 18, 2014 13:13:09	24	51	0
Apr 18, 2014 13:13:10	38	47	0
Apr 18, 2014 13:13:11	40	34	0
Apr 18, 2014 13:13:12	47	35	0
Apr 18, 2014 13:13:13	54	37	0
Apr 18, 2014 13:13:14	51	29	0
Apr 18, 2014 13:13:15	57	35	0
Apr 18, 2014 13:13:16	53	43	0
Apr 18, 2014 13:13:17	61	54	0
Apr 18, 2014 13:13:18	64	54	0
Apr 18, 2014 13:13:19	64	54	26
Apr 18, 2014 13:13:20	63	53	0
Apr 18, 2014 13:13:21	66	41	0
Apr 18, 2014 13:13:22	78	38	0
Apr 18, 2014 13:13:23	81	34	0
Apr 18, 2014 13:13:24	83	30	0
Apr 18, 2014 13:13:25	74	35	0
Apr 18, 2014 13:13:26	57	44	0
Apr 18, 2014 13:13:28	44	44	0
Apr 18, 2014 13:13:29	41	56	0
Apr 18, 2014 13:13:30	43	61	0
Apr 18, 2014 13:13:31	54	47	0
Apr 18, 2014 13:13:32	60	64	0
Apr 18, 2014 13:13:33	64	60	0
Apr 18, 2014 13:13:34	64	60	26
Apr 18, 2014 13:13:35	67	57	0
Apr 18, 2014 13:13:36	63	57	0
Apr 18, 2014 13:13:37	63	57	26
Apr 18, 2014 13:13:38	66	48	0
Apr 18, 2014 13:13:39	70	30	0
Apr 18, 2014 13:13:40	74	30	0
Apr 18, 2014 13:13:41	75	38	0
Apr 18, 2014 13:13:42	67	34	0
Apr 18, 2014 13:13:43	60	44	0
Apr 18, 2014 13:13:44	60	38	0
Apr 18, 2014 13:13:45	47	20	0
Apr 18, 2014 13:13:46	43	16	0
Apr 18, 2014 13:13:47	53	13	0
Apr 18, 2014 13:13:48	44	37	0
Apr 18, 2014 13:13:49	48	37	0
Apr 18, 2014 13:13:50	34	51	0
Apr 18, 2014 13:13:51	37	50	0
Apr 18, 2014 13:13:52	27	38	0
Apr 18, 2014 13:13:53	16	57	0
Apr 18, 2014 13:13:54	11	51	0
Apr 18, 2014 13:13:55	1	60	0
Apr 18, 2014 13:13:56	3	70	0
Apr 18, 2014 13:13:57	3	60	0
Apr 18, 2014 13:13:58	7	61	0
Apr 18, 2014 13:13:59	8	54	0
Apr 18, 2014 13:14:00	14	44	0
Apr 18, 2014 13:14:01	27	48	0
Apr 18, 2014 13:14:02	20	40	0
Apr 18, 2014 13:14:04	17	40	0
Apr 18, 2014 13:14:05	21	38	0
Apr 18, 2014 13:14:06	16	38	0
Apr 18, 2014 13:14:07	35	44	0
Apr 18, 2014 13:14:08	37	57	0
Apr 18, 2014 13:14:09	30	69	0
Apr 18, 2014 13:14:10	38	61	0
Apr 18, 2014 13:14:11	29	57	0
Apr 18, 2014 13:14:12	37	38	0
Apr 18, 2014 13:14:13	35	38	0
Apr 18, 2014 13:14:14	26	51	0
Apr 18, 2014 13:14:15	29	53	0
Apr 18, 2014 13:14:16	24	57	0
Apr 18, 2014 13:14:17	27	61	0
Apr 18, 2014 13:14:18	7	54	0
Apr 18, 2014 13:14:19	4	60	0
Apr 18, 2014 13:14:20	7	64	0
Apr 18, 2014 13:14:21	13	67	0
Apr 18, 2014 13:14:22	13	63	0
Apr 18, 2014 13:14:23	17	66	0
Apr 18, 2014 13:14:24	13	44	0
Apr 18, 2014 13:14:25	26	40	0
Apr 18, 2014 13:14:26	29	41	0
Apr 18, 2014 13:14:27	29	41	0
Apr 18, 2014 13:14:28	43	54	0
Apr 18, 2014 13:14:29	47	51	0
Apr 18, 2014 13:14:30	43	51	0
Apr 18, 2014 13:14:31	38	64	0
Apr 18, 2014 13:14:32	44	63	0
Apr 18, 2014 13:14:33	38	77	0
Apr 18, 2014 13:14:34	47	74	0
Apr 18, 2014 13:14:35	53	64	0
Apr 18, 2014 13:14:36	43	66	0
Apr 18, 2014 13:14:37	47	67	0
Apr 18, 2014 13:14:39	37	80	0
Apr 18, 2014 13:14:40	37	78	0
Apr 18, 2014 13:14:41	41	81	0
Apr 18, 2014 13:14:42	37	81	0
Apr 18, 2014 13:14:43	43	75	0
Apr 18, 2014 13:14:44	38	75	0
Apr 18, 2014 13:14:45	27	69	0
Apr 18, 2014 13:14:46	26	66	0
Apr 18, 2014 13:14:47	26	60	0
Apr 18, 2014 13:14:48	13	57	0
Apr 18, 2014 13:14:49	43	41	0
Apr 18, 2014 13:14:50	41	56	0
Apr 18, 2014 13:14:51	48	54	0
Apr 18, 2014 13:14:52	43	57	0
Apr 18, 2014 13:14:53	40	56	0
Apr 18, 2014 13:14:54	29	37	0
Apr 18, 2014 13:14:55	41	48	0
Apr 18, 2014 13:14:56	40	44	0
Apr 18, 2014 13:14:57	37	48	0
Apr 18, 2014 13:14:58	44	61	0
Apr 18, 2014 13:14:59	38	60	0
Apr 18, 2014 13:15:00	40	53	0
Apr 18, 2014 13:15:01	47	60	0
Apr 18, 2014 13:15:02	44	75	0
Apr 18, 2014 13:15:03	40	78	0
Apr 18, 2014 13:15:04	38	78	0
Apr 18, 2014 13:15:05	24	91	0
Apr 18, 2014 13:15:06	30	70	0
Apr 18, 2014 13:15:07	30	70	0
Apr 18, 2014 13:15:08	30	70	0
Apr 18, 2014 13:15:09	30	56	0
Apr 18, 2014 13:15:10	24	57	0
Apr 18, 2014 13:15:11	10	61	0
Apr 18, 2014 13:15:12	16	56	0
Apr 18, 2014 13:15:13	10	50	0
Apr 18, 2014 13:15:15	20	50	0
Apr 18, 2014 13:15:16	34	47	0
Apr 18, 2014 13:15:17	40	48	0
Apr 18, 2014 13:15:18	51	56	0
Apr 18, 2014 13:15:19	38	51	0
Apr 18, 2014 13:15:20	35	57	0
Apr 18, 2014 13:15:21	30	63	0
Apr 18, 2014 13:15:22	34	66	0
Apr 18, 2014 13:15:23	35	44	0
Apr 18, 2014 13:15:24	24	38	0
Apr 18, 2014 13:15:25	20	35	0
Apr 18, 2014 13:15:26	21	35	0
Apr 18, 2014 13:15:27	4	43	0
Apr 18, 2014 13:15:28	7	44	0
Apr 18, 2014 13:15:29	3	40	0
Apr 18, 2014 13:15:30	1	41	0
Apr 18, 2014 13:15:31	14	43	0
Apr 18, 2014 13:15:32	26	50	0
Apr 18, 2014 13:15:33	41	47	0
Apr 18, 2014 13:15:34	50	48	0
Apr 18, 2014 13:15:35	51	54	0
Apr 18, 2014 13:15:36	37	63	0
Apr 18, 2014 13:15:37	23	53	0
Apr 18, 2014 13:15:38	13	56	0
Apr 18, 2014 13:15:39	4	43	0
Apr 18, 2014 13:15:40	20	30	0
Apr 18, 2014 13:15:41	40	47	0
Apr 18, 2014 13:15:42	37	43	0
Apr 18, 2014 13:15:43	40	54	0
Apr 18, 2014 13:15:44	41	69	0
Apr 18, 2014 13:15:45	29	57	0
Apr 18, 2014 13:15:46	38	57	0
Apr 18, 2014 13:15:47	38	57	0
Apr 18, 2014 13:15:49	27	40	0
Apr 18, 2014 13:15:50	23	57	0
Apr 18, 2014 13:15:51	13	57	0
Apr 18, 2014 13:15:52	21	57	0
Apr 18, 2014 13:15:53	26	53	0
Apr 18, 2014 13:15:54	23	54	0
Apr 18, 2014 13:15:55	24	60	0
Apr 18, 2014 13:15:56	40	51	0
Apr 18, 2014 13:15:57	47	47	0
Apr 18, 2014 13:15:58	57	35	0
Apr 18, 2014 13:15:59	51	44	0
Apr 18, 2014 13:16:00	37	54	0
Apr 18, 2014 13:16:01	34	57	0
Apr 18, 2014 13:16:02	24	61	0
Apr 18, 2014 13:16:03	30	41	0
Apr 18, 2014 13:16:04	41	35	0
Apr 18, 2014 13:16:05	43	34	0
Apr 18, 2014 13:16:06	38	38	0
Apr 18, 2014 13:16:07	50	50	0
Apr 18, 2014 13:16:08	48	56	0
Apr 18, 2014 13:16:09	50	60	0
Apr 18, 2014 13:16:10	57	63	0
Apr 18, 2014 13:16:11	38	51	0
Apr 18, 2014 13:16:12	26	47	0
Apr 18, 2014 13:16:13	20	54	0
Apr 18, 2014 13:16:14	17	63	0
Apr 18, 2014 13:16:15	27	64	0
Apr 18, 2014 13:16:16	37	60	0
Apr 18, 2014 13:16:17	41	51	0
Apr 18, 2014 13:16:18	40	43	0
Apr 18, 2014 13:16:19	37	51	0
Apr 18, 2014 13:16:20	23	61	0
Apr 18, 2014 13:16:21	14	56	0
Apr 18, 2014 13:16:23	16	67	0
Apr 18, 2014 13:16:24	34	63	0
Apr 18, 2014 13:16:25	48	61	0
Apr 18, 2014 13:16:26	64	74	0
Apr 18, 2014 13:16:27	54	66	0
Apr 18, 2014 13:16:28	48	78	0
Apr 18, 2014 13:16:29	40	77	0
Apr 18, 2014 13:16:30	37	69	0
Apr 18, 2014 13:16:31	37	74	0
Apr 18, 2014 13:16:32	37	60	0
Apr 18, 2014 13:16:33	30	66	0
Apr 18, 2014 13:16:34	20	61	0
Apr 18, 2014 13:16:35	17	54	0
Apr 18, 2014 13:16:36	17	60	0
Apr 18, 2014 13:16:37	14	56	0
Apr 18, 2014 13:16:38	20	60	0
Apr 18, 2014 13:16:39	23	70	0
Apr 18, 2014 13:16:40	34	70	0
Apr 18, 2014 13:16:41	48	69	0
Apr 18, 2014 13:16:42	56	69	0
Apr 18, 2014 13:16:43	57	74	0
Apr 18, 2014 13:16:44	50	90	0
Apr 18, 2014 13:16:45	40	80	0
Apr 18, 2014 13:16:46	35	90	0
Apr 18, 2014 13:16:47	23	67	0
Apr 18, 2014 13:16:48	35	60	0
Apr 18, 2014 13:16:49	29	66	0
Apr 18, 2014 13:16:50	40	87	0
Apr 18, 2014 13:16:51	34	90	0
Apr 18, 2014 13:16:52	26	87	0
Apr 18, 2014 13:16:53	35	77	0
Apr 18, 2014 13:16:54	48	67	0
Apr 18, 2014 13:16:55	54	74	0
Apr 18, 2014 13:16:57	54	67	0
Apr 18, 2014 13:16:58	44	56	0
Apr 18, 2014 13:16:59	24	51	0
Apr 18, 2014 13:17:00	20	51	0
Apr 18, 2014 13:17:01	13	54	0
Apr 18, 2014 13:17:02	21	54	0
Apr 18, 2014 13:17:03	37	61	0
Apr 18, 2014 13:17:04	40	56	0
Apr 18, 2014 13:17:05	43	56	0
Apr 18, 2014 13:17:06	41	61	0
Apr 18, 2014 13:17:07	43	63	0
Apr 18, 2014 13:17:08	43	57	0
Apr 18, 2014 13:17:09	47	51	0
Apr 18, 2014 13:17:10	40	57	0
Apr 18, 2014 13:17:11	30	54	0
Apr 18, 2014 13:17:12	21	44	0
Apr 18, 2014 13:17:13	27	54	0
Apr 18, 2014 13:17:14	35	53	0
Apr 18, 2014 13:17:15	44	41	0
Apr 18, 2014 13:17:16	56	61	0
Apr 18, 2014 13:17:17	51	57	0
Apr 18, 2014 13:17:18	50	53	0
Apr 18, 2014 13:17:19	47	61	0
Apr 18, 2014 13:17:20	44	63	0
Apr 18, 2014 13:17:21	43	64	0
Apr 18, 2014 13:17:22	26	48	0
Apr 18, 2014 13:17:23	24	44	0
Apr 18, 2014 13:17:24	17	48	0
Apr 18, 2014 13:17:25	21	56	0
Apr 18, 2014 13:17:26	48	61	0
Apr 18, 2014 13:17:27	44	61	0
Apr 18, 2014 13:17:28	44	56	0
Apr 18, 2014 13:17:29	30	57	0
Apr 18, 2014 13:17:30	26	56	0
Apr 18, 2014 13:17:32	24	56	0
Apr 18, 2014 13:17:33	20	63	0
Apr 18, 2014 13:17:34	29	61	0
Apr 18, 2014 13:17:35	26	70	0
Apr 18, 2014 13:17:36	26	63	0
Apr 18, 2014 13:17:37	34	60	0
Apr 18, 2014 13:17:38	38	50	0
Apr 18, 2014 13:17:39	37	48	0
Apr 18, 2014 13:17:40	37	60	0
Apr 18, 2014 13:17:41	34	63	0
Apr 18, 2014 13:17:42	30	70	0
Apr 18, 2014 13:17:43	23	74	0
Apr 18, 2014 13:17:44	11	64	0
Apr 18, 2014 13:17:45	30	67	0
Apr 18, 2014 13:17:46	23	54	0
Apr 18, 2014 13:17:47	24	47	0
Apr 18, 2014 13:17:48	34	51	0
Apr 18, 2014 13:17:49	17	50	0
Apr 18, 2014 13:17:50	17	51	0
Apr 18, 2014 13:17:51	14	48	0
Apr 18, 2014 13:17:52	27	56	0
Apr 18, 2014 13:17:53	34	60	0
Apr 18, 2014 13:17:54	50	60	0
Apr 18, 2014 13:17:55	64	63	0
Apr 18, 2014 13:17:56	47	64	0
Apr 18, 2014 13:17:57	44	53	0
Apr 18, 2014 13:17:58	40	64	0
Apr 18, 2014 13:17:59	35	70	0
Apr 18, 2014 13:18:00	47	61	0
Apr 18, 2014 13:18:01	44	66	0
Apr 18, 2014 13:18:02	37	48	0
Apr 18, 2014 13:18:03	43	47	0
Apr 18, 2014 13:18:04	48	56	0
Apr 18, 2014 13:18:05	44	64	0
Apr 18, 2014 13:18:06	47	74	0
Apr 18, 2014 13:18:08	44	64	0
Apr 18, 2014 13:18:09	38	54	0
Apr 18, 2014 13:18:10	44	47	0
Apr 18, 2014 13:18:11	48	50	0
Apr 18, 2014 13:18:12	43	64	0
Apr 18, 2014 13:18:13	47	67	0
Apr 18, 2014 13:18:14	44	67	0
Apr 18, 2014 13:18:15	54	56	0
Apr 18, 2014 13:18:16	47	50	0
Apr 18, 2014 13:18:17	48	54	0
Apr 18, 2014 13:18:18	41	57	0
Apr 18, 2014 13:18:19	50	69	0
Apr 18, 2014 13:18:20	41	70	0
Apr 18, 2014 13:18:21	48	66	0
Apr 18, 2014 13:18:22	44	54	0
Apr 18, 2014 13:18:23	41	50	0
Apr 18, 2014 13:18:24	41	51	0
Apr 18, 2014 13:18:25	47	56	0
Apr 18, 2014 13:18:26	43	70	0
Apr 18, 2014 13:18:27	43	75	0
Apr 18, 2014 13:18:28	53	57	0
Apr 18, 2014 13:18:29	57	51	0
Apr 18, 2014 13:18:30	54	43	0
Apr 18, 2014 13:18:31	64	38	0
Apr 18, 2014 13:18:32	57	53	0
Apr 18, 2014 13:18:33	47	56	0
Apr 18, 2014 13:18:34	43	53	0
Apr 18, 2014 13:18:35	34	51	0
Apr 18, 2014 13:18:36	29	54	0
Apr 18, 2014 13:18:37	34	64	0
Apr 18, 2014 13:18:38	29	67	0
Apr 18, 2014 13:18:39	16	77	0
Apr 18, 2014 13:18:40	17	74	0
Apr 18, 2014 13:18:41	17	54	0
Apr 18, 2014 13:18:43	17	50	0
Apr 18, 2014 13:18:44	35	50	0
Apr 18, 2014 13:18:45	24	47	0
Apr 18, 2014 13:18:46	23	60	0
Apr 18, 2014 13:18:47	34	74	0
Apr 18, 2014 13:18:48	24	60	0
Apr 18, 2014 13:18:49	38	57	0
Apr 18, 2014 13:18:50	47	57	0
Apr 18, 2014 13:18:51	57	56	0
Apr 18, 2014 13:18:52	50	48	0
Apr 18, 2014 13:18:53	47	40	0
Apr 18, 2014 13:18:54	35	27	0
Apr 18, 2014 13:18:55	40	37	0
Apr 18, 2014 13:18:56	44	44	0
Apr 18, 2014 13:18:57	43	47	0
Apr 18, 2014 13:18:58	50	61	0
Apr 18, 2014 13:18:59	41	61	0
Apr 18, 2014 13:19:00	34	74	0
Apr 18, 2014 13:19:01	34	63	0
Apr 18, 2014 13:19:02	34	56	0
Apr 18, 2014 13:19:03	34	44	0
Apr 18, 2014 13:19:04	41	27	0
Apr 18, 2014 13:19:05	51	41	0
Apr 18, 2014 13:19:06	51	47	0
Apr 18, 2014 13:19:07	61	54	0
Apr 18, 2014 13:19:08	66	67	0
Apr 18, 2014 13:19:09	70	64	0
Apr 18, 2014 13:19:10	64	63	0
Apr 18, 2014 13:19:11	56	54	0
Apr 18, 2014 13:19:12	48	63	0
Apr 18, 2014 13:19:13	29	67	0
Apr 18, 2014 13:19:14	38	66	0
Apr 18, 2014 13:19:15	44	74	0
Apr 18, 2014 13:19:17	38	61	0
Apr 18, 2014 13:19:18	44	66	0
Apr 18, 2014 13:19:19	40	66	0
Apr 18, 2014 13:19:20	41	70	0
Apr 18, 2014 13:19:21	27	66	0
Apr 18, 2014 13:19:22	23	61	0
Apr 18, 2014 13:19:23	11	54	0
Apr 18, 2014 13:19:24	1	51	0
Apr 18, 2014 13:19:25	17	53	0
Apr 18, 2014 13:19:26	17	53	0
Apr 18, 2014 13:19:27	66	53	0
Apr 18, 2014 13:19:28	78	37	0
Apr 18, 2014 13:19:29	70	21	0
Apr 18, 2014 13:19:30	60	27	0
Apr 18, 2014 13:19:31	41	34	0
Apr 18, 2014 13:19:32	24	47	0
Apr 18, 2014 13:19:33	16	44	0
Apr 18, 2014 13:19:34	16	47	0
Apr 18, 2014 13:19:35	23	56	0
Apr 18, 2014 13:19:36	43	56	0
Apr 18, 2014 13:19:37	61	61	0
Apr 18, 2014 13:19:38	56	57	0
Apr 18, 2014 13:19:39	43	56	0
Apr 18, 2014 13:19:40	43	60	0
Apr 18, 2014 13:19:41	37	50	0
Apr 18, 2014 13:19:42	27	54	0
Apr 18, 2014 13:19:43	38	56	0
Apr 18, 2014 13:19:44	37	54	0
Apr 18, 2014 13:19:45	26	66	0
Apr 18, 2014 13:19:46	24	50	0
Apr 18, 2014 13:19:47	14	40	0
Apr 18, 2014 13:19:48	13	40	0
Apr 18, 2014 13:19:49	26	47	0
Apr 18, 2014 13:19:51	30	41	0
Apr 18, 2014 13:19:52	14	35	0
Apr 18, 2014 13:19:53	3	20	0
Apr 18, 2014 13:19:54	1	10	0
Apr 18, 2014 13:19:55	1	8	0
Apr 18, 2014 13:19:56	1	14	0
Apr 18, 2014 13:19:57	3	29	0
Apr 18, 2014 13:19:58	4	34	0
Apr 18, 2014 13:19:59	4	34	25
Apr 18, 2014 13:20:00	21	29	0
Apr 18, 2014 13:20:01	21	34	0
Apr 18, 2014 13:20:02	23	37	0
Apr 18, 2014 13:20:03	23	37	27
Apr 18, 2014 13:20:04	23	37	25
Apr 18, 2014 13:20:05	44	41	0
Apr 18, 2014 13:20:06	40	41	0
Apr 18, 2014 13:20:07	35	20	0
Apr 18, 2014 13:20:08	27	1	0
Apr 18, 2014 13:20:09	8	1	0
Apr 18, 2014 13:20:10	8	10	0
Apr 18, 2014 13:20:11	8	16	0
Apr 18, 2014 13:20:12	17	20	0
Apr 18, 2014 13:20:13	20	21	0
Apr 18, 2014 13:20:14	27	23	0
Apr 18, 2014 13:20:15	48	37	0
Apr 18, 2014 13:20:16	56	44	0
Apr 18, 2014 13:20:17	70	54	0
Apr 18, 2014 13:20:18	51	44	0
Apr 18, 2014 13:20:19	54	50	0
Apr 18, 2014 13:20:20	40	51	0
Apr 18, 2014 13:20:21	26	44	0
Apr 18, 2014 13:20:22	4	35	0
Apr 18, 2014 13:20:23	7	26	0
Apr 18, 2014 13:20:24	1	11	0
Apr 18, 2014 13:20:25	1	21	0
Apr 18, 2014 13:20:26	3	30	0
Apr 18, 2014 13:20:28	1	51	0
Apr 18, 2014 13:20:29	10	63	0
Apr 18, 2014 13:20:30	4	54	0
Apr 18, 2014 13:20:31	14	54	0
Apr 18, 2014 13:20:32	21	43	0
Apr 18, 2014 13:20:33	16	40	0
Apr 18, 2014 13:20:34	23	44	0
Apr 18, 2014 13:20:35	13	35	0
Apr 18, 2014 13:20:36	1	16	0
Apr 18, 2014 13:20:37	11	20	0
Apr 18, 2014 13:20:38	26	26	0
Apr 18, 2014 13:20:39	29	20	0
Apr 18, 2014 13:20:40	38	47	0
Apr 18, 2014 13:20:41	40	48	0
Apr 18, 2014 13:20:42	35	48	0
Apr 18, 2014 13:20:43	40	56	0
Apr 18, 2014 13:20:44	41	50	0
Apr 18, 2014 13:20:45	29	48	0
Apr 18, 2014 13:20:46	20	56	0
Apr 18, 2014 13:20:47	17	44	0
Apr 18, 2014 13:20:48	13	43	0
Apr 18, 2014 13:20:49	7	30	0
Apr 18, 2014 13:20:50	1	10	0
Apr 18, 2014 13:20:51	1	4	0
Apr 18, 2014 13:20:52	3	14	0
Apr 18, 2014 13:20:53	29	26	0
Apr 18, 2014 13:20:54	26	30	0
Apr 18, 2014 13:20:55	30	23	0
Apr 18, 2014 13:20:56	26	21	0
Apr 18, 2014 13:20:57	3	21	0
Apr 18, 2014 13:20:58	8	30	0
Apr 18, 2014 13:20:59	1	40	0
Apr 18, 2014 13:21:00	1	47	0
Apr 18, 2014 13:21:01	10	53	0
Apr 18, 2014 13:21:02	16	51	0
Apr 18, 2014 13:21:03	30	48	0
Apr 18, 2014 13:21:05	44	48	0
Apr 18, 2014 13:21:06	43	51	0
Apr 18, 2014 13:21:07	40	50	0
Apr 18, 2014 13:21:08	37	60	0
Apr 18, 2014 13:21:09	23	48	0
Apr 18, 2014 13:21:10	21	43	0
Apr 18, 2014 13:21:11	10	35	0
Apr 18, 2014 13:21:12	1	27	0
Apr 18, 2014 13:21:13	1	37	0
Apr 18, 2014 13:21:14	1	30	0
Apr 18, 2014 13:21:15	11	38	0
Apr 18, 2014 13:21:16	24	37	0
Apr 18, 2014 13:21:17	35	50	0
Apr 18, 2014 13:21:18	51	54	0
Apr 18, 2014 13:21:19	50	44	0
Apr 18, 2014 13:21:20	50	41	0
Apr 18, 2014 13:21:21	64	38	0
Apr 18, 2014 13:21:22	57	38	0
Apr 18, 2014 13:21:23	48	41	0
Apr 18, 2014 13:21:24	41	41	0
Apr 18, 2014 13:21:25	34	26	0
Apr 18, 2014 13:21:26	38	27	0
Apr 18, 2014 13:21:27	21	24	0
Apr 18, 2014 13:21:28	10	30	0
Apr 18, 2014 13:21:29	7	61	0
Apr 18, 2014 13:21:30	11	77	0
Apr 18, 2014 13:21:31	17	63	0
Apr 18, 2014 13:21:32	14	64	0
Apr 18, 2014 13:21:33	23	56	0
Apr 18, 2014 13:21:34	7	37	0
Apr 18, 2014 13:21:35	1	47	0
Apr 18, 2014 13:21:36	20	44	0
Apr 18, 2014 13:21:37	13	27	0
Apr 18, 2014 13:21:38	24	43	0
Apr 18, 2014 13:21:39	34	41	0
Apr 18, 2014 13:21:40	35	37	0
Apr 18, 2014 13:21:42	44	47	0
Apr 18, 2014 13:21:43	41	29	0
Apr 18, 2014 13:21:44	51	29	0
Apr 18, 2014 13:21:45	44	29	0
Apr 18, 2014 13:21:46	44	29	0
Apr 18, 2014 13:21:47	61	51	0
Apr 18, 2014 13:21:48	41	51	0
Apr 18, 2014 13:21:49	40	54	0
Apr 18, 2014 13:21:50	29	54	0
Apr 18, 2014 13:21:51	21	35	0
Apr 18, 2014 13:21:52	24	43	0
Apr 18, 2014 13:21:53	29	38	0
Apr 18, 2014 13:21:54	26	23	0
Apr 18, 2014 13:21:55	54	40	0
Apr 18, 2014 13:21:56	54	50	0
Apr 18, 2014 13:21:57	48	66	0
Apr 18, 2014 13:21:58	43	70	0
Apr 18, 2014 13:21:59	29	63	0
Apr 18, 2014 13:22:00	29	67	0
Apr 18, 2014 13:22:01	38	63	0
Apr 18, 2014 13:22:02	38	66	0
Apr 18, 2014 13:22:03	53	70	0
Apr 18, 2014 13:22:04	47	67	0
Apr 18, 2014 13:22:05	40	61	0
Apr 18, 2014 13:22:06	29	48	0
Apr 18, 2014 13:22:07	20	44	0
Apr 18, 2014 13:22:08	23	34	0
Apr 18, 2014 13:22:09	23	47	0
Apr 18, 2014 13:22:10	23	47	26
Apr 18, 2014 13:22:11	24	38	0
Apr 18, 2014 13:22:12	30	51	0
Apr 18, 2014 13:22:13	29	48	0
Apr 18, 2014 13:22:14	30	54	0
Apr 18, 2014 13:22:15	27	61	0
Apr 18, 2014 13:22:16	27	54	0
Apr 18, 2014 13:22:18	24	66	0
Apr 18, 2014 13:22:19	21	43	0
Apr 18, 2014 13:22:20	29	48	0
Apr 18, 2014 13:22:21	29	54	0
Apr 18, 2014 13:22:22	38	51	0
Apr 18, 2014 13:22:23	41	60	0
Apr 18, 2014 13:22:24	51	64	0
Apr 18, 2014 13:22:25	57	75	0
Apr 18, 2014 13:22:26	47	69	0
Apr 18, 2014 13:22:27	40	56	0
Apr 18, 2014 13:22:28	26	37	0
Apr 18, 2014 13:22:29	30	38	0
Apr 18, 2014 13:22:30	21	34	0
Apr 18, 2014 13:22:31	23	41	0
Apr 18, 2014 13:22:32	30	53	0
Apr 18, 2014 13:22:33	34	61	0
Apr 18, 2014 13:22:34	57	67	0
Apr 18, 2014 13:22:35	56	69	0
Apr 18, 2014 13:22:36	54	66	0
Apr 18, 2014 13:22:37	56	57	0
Apr 18, 2014 13:22:38	41	64	0
Apr 18, 2014 13:22:39	43	53	0
Apr 18, 2014 13:22:40	34	47	0
Apr 18, 2014 13:22:41	34	41	0
Apr 18, 2014 13:22:42	35	30	0
Apr 18, 2014 13:22:43	29	37	0
Apr 18, 2014 13:22:44	30	43	0
Apr 18, 2014 13:22:45	35	41	0
Apr 18, 2014 13:22:46	27	50	0
Apr 18, 2014 13:22:47	37	44	0
Apr 18, 2014 13:22:48	26	27	0
Apr 18, 2014 13:22:49	16	29	0
Apr 18, 2014 13:22:50	16	30	0
Apr 18, 2014 13:22:51	10	41	0
Apr 18, 2014 13:22:53	16	63	0
Apr 18, 2014 13:22:54	20	67	0
Apr 18, 2014 13:22:55	14	69	0
Apr 18, 2014 13:22:56	10	57	0
Apr 18, 2014 13:22:57	17	57	0
Apr 18, 2014 13:22:58	30	60	0
Apr 18, 2014 13:22:59	24	57	0
Apr 18, 2014 13:23:00	26	61	0
Apr 18, 2014 13:23:01	10	66	0
Apr 18, 2014 13:23:02	11	63	0
Apr 18, 2014 13:23:03	21	69	0
Apr 18, 2014 13:23:04	16	63	0
Apr 18, 2014 13:23:05	24	43	0
Apr 18, 2014 13:23:06	17	27	0
Apr 18, 2014 13:23:07	30	21	0
Apr 18, 2014 13:23:08	47	16	0
Apr 18, 2014 13:23:09	50	35	0
Apr 18, 2014 13:23:10	57	30	0
Apr 18, 2014 13:23:11	54	41	0
Apr 18, 2014 13:23:12	38	47	0
Apr 18, 2014 13:23:13	51	50	0
Apr 18, 2014 13:23:14	64	61	0
Apr 18, 2014 13:23:15	57	41	0
Apr 18, 2014 13:23:16	61	50	0
Apr 18, 2014 13:23:17	56	47	0
Apr 18, 2014 13:23:18	63	44	0
Apr 18, 2014 13:23:19	50	51	0
Apr 18, 2014 13:23:20	60	35	0
Apr 18, 2014 13:23:21	70	30	0
Apr 18, 2014 13:23:22	53	24	0
Apr 18, 2014 13:23:23	75	29	0
Apr 18, 2014 13:23:24	57	48	0
Apr 18, 2014 13:23:25	37	51	0
Apr 18, 2014 13:23:26	27	77	0
Apr 18, 2014 13:23:27	24	83	0
Apr 18, 2014 13:23:28	27	75	0
Apr 18, 2014 13:23:30	37	64	0
Apr 18, 2014 13:23:31	24	70	0
Apr 18, 2014 13:23:32	38	70	0
Apr 18, 2014 13:23:33	44	74	0
Apr 18, 2014 13:23:34	38	64	0
Apr 18, 2014 13:23:35	47	41	0
Apr 18, 2014 13:23:36	30	27	0
Apr 18, 2014 13:23:37	16	26	0
Apr 18, 2014 13:23:38	14	23	0
Apr 18, 2014 13:23:39	14	26	0
Apr 18, 2014 13:23:40	37	48	0
Apr 18, 2014 13:23:41	40	57	0
Apr 18, 2014 13:23:42	48	57	0
Apr 18, 2014 13:23:43	38	69	0
Apr 18, 2014 13:23:44	20	77	0
Apr 18, 2014 13:23:45	13	41	0
Apr 18, 2014 13:23:46	8	47	0
Apr 18, 2014 13:23:47	30	48	0
Apr 18, 2014 13:23:48	26	50	0
Apr 18, 2014 13:23:49	35	70	0
Apr 18, 2014 13:23:50	27	56	0
Apr 18, 2014 13:23:51	21	48	0
Apr 18, 2014 13:23:52	24	37	0
Apr 18, 2014 13:23:53	34	38	0
Apr 18, 2014 13:23:54	30	57	0
Apr 18, 2014 13:23:55	21	64	0
Apr 18, 2014 13:23:56	23	69	0
Apr 18, 2014 13:23:57	23	77	0
Apr 18, 2014 13:23:58	26	70	0
Apr 18, 2014 13:23:59	20	61	0
Apr 18, 2014 13:24:00	17	37	0
Apr 18, 2014 13:24:01	21	34	0
Apr 18, 2014 13:24:02	37	37	0
Apr 18, 2014 13:24:03	43	37	0
Apr 18, 2014 13:24:04	43	27	0
Apr 18, 2014 13:24:05	51	29	0
Apr 18, 2014 13:24:07	37	24	0
Apr 18, 2014 13:24:08	27	35	0
Apr 18, 2014 13:24:09	8	26	0
Apr 18, 2014 13:24:10	8	24	0
Apr 18, 2014 13:24:11	21	24	0
Apr 18, 2014 13:24:12	38	34	0
Apr 18, 2014 13:24:13	70	38	0
Apr 18, 2014 13:24:14	69	43	0
Apr 18, 2014 13:24:15	69	50	0
Apr 18, 2014 13:24:16	67	41	0
Apr 18, 2014 13:24:17	57	56	0
Apr 18, 2014 13:24:18	48	41	0
Apr 18, 2014 13:24:19	41	44	0
Apr 18, 2014 13:24:20	29	48	0
Apr 18, 2014 13:24:21	20	38	0
Apr 18, 2014 13:24:22	21	34	0
Apr 18, 2014 13:24:23	14	37	0
Apr 18, 2014 13:24:24	24	27	0
Apr 18, 2014 13:24:25	29	27	0
Apr 18, 2014 13:24:26	34	50	0
Apr 18, 2014 13:24:27	44	51	0
Apr 18, 2014 13:24:28	43	67	0
Apr 18, 2014 13:24:29	41	88	0
Apr 18, 2014 13:24:30	47	88	0
Apr 18, 2014 13:24:31	41	90	0
Apr 18, 2014 13:24:32	21	63	0
Apr 18, 2014 13:24:33	13	67	0
Apr 18, 2014 13:24:34	23	66	0
Apr 18, 2014 13:24:35	37	61	0
Apr 18, 2014 13:24:36	38	53	0
Apr 18, 2014 13:24:37	41	54	0
Apr 18, 2014 13:24:38	34	47	0
Apr 18, 2014 13:24:39	24	56	0
Apr 18, 2014 13:24:40	34	75	0
Apr 18, 2014 13:24:41	30	60	0
Apr 18, 2014 13:24:42	30	57	0
Apr 18, 2014 13:24:44	37	34	0
Apr 18, 2014 13:24:45	38	16	0
Apr 18, 2014 13:24:46	41	11	0
Apr 18, 2014 13:24:47	50	16	0
Apr 18, 2014 13:24:48	70	29	0
Apr 18, 2014 13:24:49	64	43	0
Apr 18, 2014 13:24:50	64	48	0
Apr 18, 2014 13:24:51	43	40	0
Apr 18, 2014 13:24:52	24	38	0
Apr 18, 2014 13:24:53	27	53	0
Apr 18, 2014 13:24:54	24	54	0
Apr 18, 2014 13:24:55	34	70	0
Apr 18, 2014 13:24:56	20	75	0
Apr 18, 2014 13:24:57	16	43	0
Apr 18, 2014 13:24:58	3	37	0
Apr 18, 2014 13:24:59	1	23	0
Apr 18, 2014 13:25:00	11	29	0
Apr 18, 2014 13:25:01	7	27	0
Apr 18, 2014 13:25:02	20	30	0
Apr 18, 2014 13:25:03	37	34	0
Apr 18, 2014 13:25:04	51	53	0
Apr 18, 2014 13:25:05	53	61	0
Apr 18, 2014 13:25:06	41	60	0
Apr 18, 2014 13:25:07	38	38	0
Apr 18, 2014 13:25:08	35	41	0
Apr 18, 2014 13:25:09	41	35	0
Apr 18, 2014 13:25:10	50	40	0
Apr 18, 2014 13:25:11	53	50	0
Apr 18, 2014 13:25:12	48	44	0
Apr 18, 2014 13:25:13	35	47	0
Apr 18, 2014 13:25:14	29	54	0
Apr 18, 2014 13:25:15	24	66	0
Apr 18, 2014 13:25:16	35	60	0
Apr 18, 2014 13:25:17	38	74	0
Apr 18, 2014 13:25:18	37	66	0
Apr 18, 2014 13:25:20	38	74	0
Apr 18, 2014 13:25:21	37	94	0
Apr 18, 2014 13:25:22	43	90	0
Apr 18, 2014 13:25:23	51	90	0
Apr 18, 2014 13:25:24	41	83	0
Apr 18, 2014 13:25:25	35	74	0
Apr 18, 2014 13:25:26	38	61	0
Apr 18, 2014 13:25:27	23	66	0
Apr 18, 2014 13:25:28	37	81	0
Apr 18, 2014 13:25:29	37	80	0
Apr 18, 2014 13:25:30	24	91	0
Apr 18, 2014 13:25:31	26	91	0
Apr 18, 2014 13:25:32	29	77	0
Apr 18, 2014 13:25:33	23	77	0
Apr 18, 2014 13:25:34	20	74	0
Apr 18, 2014 13:25:35	16	75	0
Apr 18, 2014 13:25:36	23	87	0
Apr 18, 2014 13:25:37	29	90	0
Apr 18, 2014 13:25:38	23	100	0
Apr 18, 2014 13:25:39	30	100	0
Apr 18, 2014 13:25:40	30	84	0
Apr 18, 2014 13:25:41	17	70	0
Apr 18, 2014 13:25:42	24	56	0
Apr 18, 2014 13:25:43	23	40	0
Apr 18, 2014 13:25:44	23	40	0
Apr 18, 2014 13:25:45	17	30	0
Apr 18, 2014 13:25:46	23	34	0
Apr 18, 2014 13:25:47	23	56	0
Apr 18, 2014 13:25:48	21	67	0
Apr 18, 2014 13:25:49	30	80	0
Apr 18, 2014 13:25:50	35	78	0
Apr 18, 2014 13:25:51	37	67	0
Apr 18, 2014 13:25:52	37	60	0
Apr 18, 2014 13:25:53	43	51	0
Apr 18, 2014 13:25:54	37	54	0
Apr 18, 2014 13:25:56	20	44	0
Apr 18, 2014 13:25:57	29	50	0
Apr 18, 2014 13:25:58	29	56	0
Apr 18, 2014 13:25:59	38	51	0
Apr 18, 2014 13:26:00	50	63	0
Apr 18, 2014 13:26:01	37	48	0
Apr 18, 2014 13:26:02	29	48	0
Apr 18, 2014 13:26:03	24	40	0
Apr 18, 2014 13:26:04	16	51	0
Apr 18, 2014 13:26:05	24	64	0
Apr 18, 2014 13:26:06	23	67	0
Apr 18, 2014 13:26:07	26	69	0
Apr 18, 2014 13:26:08	27	69	0
Apr 18, 2014 13:26:09	21	70	0
Apr 18, 2014 13:26:10	35	57	0
Apr 18, 2014 13:26:11	41	41	0
Apr 18, 2014 13:26:12	57	38	0
Apr 18, 2014 13:26:13	74	29	0
Apr 18, 2014 13:26:14	61	50	0
Apr 18, 2014 13:26:15	60	57	0
Apr 18, 2014 13:26:16	40	50	0
Apr 18, 2014 13:26:17	30	56	0
Apr 18, 2014 13:26:18	24	51	0
Apr 18, 2014 13:26:19	14	66	0
Apr 18, 2014 13:26:20	26	77	0
Apr 18, 2014 13:26:21	17	67	0
Apr 18, 2014 13:26:22	30	48	0
Apr 18, 2014 13:26:23	27	50	0
Apr 18, 2014 13:26:24	21	43	0
Apr 18, 2014 13:26:25	27	60	0
Apr 18, 2014 13:26:26	21	83	0
Apr 18, 2014 13:26:27	35	81	0
Apr 18, 2014 13:26:28	41	87	0
Apr 18, 2014 13:26:29	50	77	0
Apr 18, 2014 13:26:30	53	69	0
Apr 18, 2014 13:26:31	44	61	0
Apr 18, 2014 13:26:33	41	53	0
Apr 18, 2014 13:26:34	27	47	0
Apr 18, 2014 13:26:35	26	51	0
Apr 18, 2014 13:26:36	27	50	0
Apr 18, 2014 13:26:37	24	53	0
Apr 18, 2014 13:26:38	29	69	0
Apr 18, 2014 13:26:39	29	75	0
Apr 18, 2014 13:26:40	24	78	0
Apr 18, 2014 13:26:41	20	74	0
Apr 18, 2014 13:26:42	27	47	0
Apr 18, 2014 13:26:43	30	27	0
Apr 18, 2014 13:26:44	37	16	0
Apr 18, 2014 13:26:45	37	20	0
Apr 18, 2014 13:26:46	37	27	0
Apr 18, 2014 13:26:47	24	34	0
Apr 18, 2014 13:26:48	23	48	0
Apr 18, 2014 13:26:49	24	57	0
Apr 18, 2014 13:26:50	16	56	0
Apr 18, 2014 13:26:51	35	54	0
Apr 18, 2014 13:26:52	37	44	0
Apr 18, 2014 13:26:53	29	44	0
Apr 18, 2014 13:26:54	44	56	0
Apr 18, 2014 13:26:55	30	60	0
Apr 18, 2014 13:26:56	41	69	0
Apr 18, 2014 13:26:57	40	48	0
Apr 18, 2014 13:26:58	29	48	0
Apr 18, 2014 13:26:59	35	47	0
Apr 18, 2014 13:27:00	41	40	0
Apr 18, 2014 13:27:01	40	51	0
Apr 18, 2014 13:27:02	48	61	0
Apr 18, 2014 13:27:03	54	64	0
Apr 18, 2014 13:27:04	29	54	0
Apr 18, 2014 13:27:05	29	56	0
Apr 18, 2014 13:27:06	20	47	0
Apr 18, 2014 13:27:07	10	40	0
Apr 18, 2014 13:27:08	20	50	0
Apr 18, 2014 13:27:10	27	47	0
Apr 18, 2014 13:27:11	41	37	0
Apr 18, 2014 13:27:12	35	35	0
Apr 18, 2014 13:27:13	37	17	0
Apr 18, 2014 13:27:14	43	24	0
Apr 18, 2014 13:27:15	41	38	0
Apr 18, 2014 13:27:16	60	34	0
Apr 18, 2014 13:27:17	60	44	0
Apr 18, 2014 13:27:18	51	34	0
Apr 18, 2014 13:27:19	41	35	0
Apr 18, 2014 13:27:20	30	35	0
Apr 18, 2014 13:27:21	34	30	0
Apr 18, 2014 13:27:22	34	47	0
Apr 18, 2014 13:27:23	30	57	0
Apr 18, 2014 13:27:24	21	57	0
Apr 18, 2014 13:27:25	10	63	0
Apr 18, 2014 13:27:26	14	60	0
Apr 18, 2014 13:27:27	11	47	0
Apr 18, 2014 13:27:28	24	57	0
Apr 18, 2014 13:27:29	37	57	0
Apr 18, 2014 13:27:30	37	56	0
Apr 18, 2014 13:27:31	47	64	0
Apr 18, 2014 13:27:32	51	61	0
Apr 18, 2014 13:27:33	47	60	0
Apr 18, 2014 13:27:34	34	43	0
Apr 18, 2014 13:27:35	23	47	0
Apr 18, 2014 13:27:36	8	50	0
Apr 18, 2014 13:27:37	16	51	0
Apr 18, 2014 13:27:38	34	66	0
Apr 18, 2014 13:27:39	54	43	0
Apr 18, 2014 13:27:40	40	20	0
Apr 18, 2014 13:27:41	29	20	0
Apr 18, 2014 13:27:42	13	30	0
Apr 18, 2014 13:27:43	29	29	0
Apr 18, 2014 13:27:45	35	41	0
Apr 18, 2014 13:27:46	44	43	0
Apr 18, 2014 13:27:47	43	54	0
Apr 18, 2014 13:27:48	44	60	0
Apr 18, 2014 13:27:49	27	74	0
Apr 18, 2014 13:27:50	16	66	0
Apr 18, 2014 13:27:51	27	66	0
Apr 18, 2014 13:27:52	20	70	0
Apr 18, 2014 13:27:53	38	66	0
Apr 18, 2014 13:27:54	37	78	0
Apr 18, 2014 13:27:55	21	75	0
Apr 18, 2014 13:27:56	14	70	0
Apr 18, 2014 13:27:57	20	60	0
Apr 18, 2014 13:27:58	40	51	0
Apr 18, 2014 13:27:59	63	48	0
Apr 18, 2014 13:28:00	75	48	0
Apr 18, 2014 13:28:01	61	56	0
Apr 18, 2014 13:28:02	48	63	0
Apr 18, 2014 13:28:03	43	60	0
Apr 18, 2014 13:28:04	43	53	0
Apr 18, 2014 13:28:05	44	60	0
Apr 18, 2014 13:28:06	40	60	0
Apr 18, 2014 13:28:07	37	66	0
Apr 18, 2014 13:28:08	40	78	0
Apr 18, 2014 13:28:09	50	74	0
Apr 18, 2014 13:28:10	56	70	0
Apr 18, 2014 13:28:11	54	75	0
Apr 18, 2014 13:28:12	50	63	0
Apr 18, 2014 13:28:13	48	67	0
Apr 18, 2014 13:28:14	50	61	0
Apr 18, 2014 13:28:15	51	43	0
Apr 18, 2014 13:28:16	51	44	0
Apr 18, 2014 13:28:17	51	43	0
Apr 18, 2014 13:28:18	61	41	0
Apr 18, 2014 13:28:19	63	48	0
Apr 18, 2014 13:28:21	64	50	0
Apr 18, 2014 13:28:22	60	47	0
Apr 18, 2014 13:28:23	61	54	0
Apr 18, 2014 13:28:24	53	50	0
Apr 18, 2014 13:28:25	60	48	0
Apr 18, 2014 13:28:26	56	43	0
Apr 18, 2014 13:28:27	54	37	0
Apr 18, 2014 13:28:28	64	40	0
Apr 18, 2014 13:28:29	60	40	0
Apr 18, 2014 13:28:30	80	41	0
Apr 18, 2014 13:28:31	78	48	0
Apr 18, 2014 13:28:32	81	57	0
Apr 18, 2014 13:28:33	83	66	0
Apr 18, 2014 13:28:34	66	57	0
Apr 18, 2014 13:28:35	67	48	0
Apr 18, 2014 13:28:36	43	37	0
Apr 18, 2014 13:28:37	43	21	0
Apr 18, 2014 13:28:38	38	35	0
Apr 18, 2014 13:28:39	43	43	0
Apr 18, 2014 13:28:40	51	47	0
Apr 18, 2014 13:28:41	51	57	0
Apr 18, 2014 13:28:42	30	48	0
Apr 18, 2014 13:28:43	40	51	0
Apr 18, 2014 13:28:44	29	53	0
Apr 18, 2014 13:28:45	23	56	0
Apr 18, 2014 13:28:46	27	80	0
Apr 18, 2014 13:28:47	17	78	0
Apr 18, 2014 13:28:48	17	77	0
Apr 18, 2014 13:28:49	27	64	0
Apr 18, 2014 13:28:50	30	54	0
Apr 18, 2014 13:28:51	27	63	0
Apr 18, 2014 13:28:52	20	63	0
Apr 18, 2014 13:28:53	20	60	0
Apr 18, 2014 13:28:54	20	61	0
Apr 18, 2014 13:28:55	27	57	0
Apr 18, 2014 13:28:56	40	56	0
Apr 18, 2014 13:28:58	30	77	0
Apr 18, 2014 13:28:59	41	77	0
Apr 18, 2014 13:29:00	30	80	0
Apr 18, 2014 13:29:01	20	87	0
Apr 18, 2014 13:29:02	20	67	0
Apr 18, 2014 13:29:03	14	74	0
Apr 18, 2014 13:29:04	26	74	0
Apr 18, 2014 13:29:05	37	70	0
Apr 18, 2014 13:29:06	43	70	0
Apr 18, 2014 13:29:07	34	77	0
Apr 18, 2014 13:29:08	13	61	0
Apr 18, 2014 13:29:09	13	66	0
Apr 18, 2014 13:29:10	8	75	0
Apr 18, 2014 13:29:11	21	66	0
Apr 18, 2014 13:29:12	41	75	0
Apr 18, 2014 13:29:13	43	75	0
Apr 18, 2014 13:29:14	47	60	0
Apr 18, 2014 13:29:15	44	54	0
Apr 18, 2014 13:29:16	53	47	0
Apr 18, 2014 13:29:17	50	56	0
Apr 18, 2014 13:29:18	57	44	0
Apr 18, 2014 13:29:19	57	40	0
Apr 18, 2014 13:29:20	56	37	0
Apr 18, 2014 13:29:21	64	30	0
Apr 18, 2014 13:29:22	57	24	0
Apr 18, 2014 13:29:23	57	24	0
Apr 18, 2014 13:29:24	50	40	0
Apr 18, 2014 13:29:25	44	40	0
Apr 18, 2014 13:29:26	51	64	0
Apr 18, 2014 13:29:27	75	50	0
Apr 18, 2014 13:29:28	80	53	0
Apr 18, 2014 13:29:29	88	60	0
Apr 18, 2014 13:29:30	83	47	0
Apr 18, 2014 13:29:31	81	53	0
Apr 18, 2014 13:29:32	81	40	0
Apr 18, 2014 13:29:34	77	24	0
Apr 18, 2014 13:29:35	70	37	0
Apr 18, 2014 13:29:36	66	30	0
Apr 18, 2014 13:29:37	64	40	0
Apr 18, 2014 13:29:38	51	56	0
Apr 18, 2014 13:29:39	66	50	0
Apr 18, 2014 13:29:40	61	53	0
Apr 18, 2014 13:29:41	41	48	0
Apr 18, 2014 13:29:42	34	41	0
Apr 18, 2014 13:29:43	16	34	0
Apr 18, 2014 13:29:44	1	17	0
Apr 18, 2014 13:29:45	23	30	0
Apr 18, 2014 13:29:46	26	38	0
Apr 18, 2014 13:29:47	38	61	0
Apr 18, 2014 13:29:48	47	69	0
Apr 18, 2014 13:29:49	51	70	0
Apr 18, 2014 13:29:50	57	75	0
Apr 18, 2014 13:29:51	63	70	0
Apr 18, 2014 13:29:52	69	69	0
Apr 18, 2014 13:29:53	56	54	0
Apr 18, 2014 13:29:54	40	44	0
Apr 18, 2014 13:29:55	29	47	0
Apr 18, 2014 13:29:56	23	51	0
Apr 18, 2014 13:29:57	26	60	0
Apr 18, 2014 13:29:58	43	60	0
Apr 18, 2014 13:29:59	29	41	0
Apr 18, 2014 13:30:00	37	38	0
Apr 18, 2014 13:30:01	30	30	0
Apr 18, 2014 13:30:02	16	23	0
Apr 18, 2014 13:30:03	20	34	0
Apr 18, 2014 13:30:04	10	41	0
Apr 18, 2014 13:30:05	10	38	0
Apr 18, 2014 13:30:06	11	27	0
Apr 18, 2014 13:30:07	30	41	0
Apr 18, 2014 13:30:08	35	21	0
Apr 18, 2014 13:30:10	41	23	0
Apr 18, 2014 13:30:11	51	41	0
Apr 18, 2014 13:30:12	53	21	0
Apr 18, 2014 13:30:13	51	24	0
Apr 18, 2014 13:30:14	51	23	0
Apr 18, 2014 13:30:15	60	14	0
Apr 18, 2014 13:30:16	38	51	0
Apr 18, 2014 13:30:17	38	67	0
Apr 18, 2014 13:30:18	23	74	0
Apr 18, 2014 13:30:19	29	57	0
Apr 18, 2014 13:30:20	44	41	0
Apr 18, 2014 13:30:21	41	34	0
Apr 18, 2014 13:30:22	40	35	0
Apr 18, 2014 13:30:23	40	35	0
Apr 18, 2014 13:30:24	40	56	0
Apr 18, 2014 13:30:25	40	60	0
Apr 18, 2014 13:30:26	40	66	0
Apr 18, 2014 13:30:27	48	74	0
Apr 18, 2014 13:30:28	48	64	0
Apr 18, 2014 13:30:29	56	57	0
Apr 18, 2014 13:30:30	67	54	0
Apr 18, 2014 13:30:31	69	43	0
Apr 18, 2014 13:30:32	63	37	0
Apr 18, 2014 13:30:33	57	35	0
Apr 18, 2014 13:30:34	51	41	0
Apr 18, 2014 13:30:35	48	53	0
Apr 18, 2014 13:30:36	47	50	0
Apr 18, 2014 13:30:37	44	43	0
Apr 18, 2014 13:30:38	48	47	0
Apr 18, 2014 13:30:39	35	21	0
Apr 18, 2014 13:30:40	50	23	0
Apr 18, 2014 13:30:41	51	34	0
Apr 18, 2014 13:30:42	56	35	0
Apr 18, 2014 13:30:43	69	50	0
Apr 18, 2014 13:30:44	56	50	0
Apr 18, 2014 13:30:45	54	48	0
Apr 18, 2014 13:30:47	53	37	0
Apr 18, 2014 13:30:48	60	51	0
Apr 18, 2014 13:30:49	69	61	0
Apr 18, 2014 13:30:50	63	77	0
Apr 18, 2014 13:30:51	67	78	0
Apr 18, 2014 13:30:52	56	66	0
Apr 18, 2014 13:30:53	47	80	0
Apr 18, 2014 13:30:54	48	69	0
Apr 18, 2014 13:30:55	40	64	0
Apr 18, 2014 13:30:56	38	78	0
Apr 18, 2014 13:30:57	38	54	0
Apr 18, 2014 13:30:58	30	37	0
Apr 18, 2014 13:30:59	23	26	0
Apr 18, 2014 13:31:00	47	11	0
Apr 18, 2014 13:31:01	57	21	0
Apr 18, 2014 13:31:02	78	37	0
Apr 18, 2014 13:31:03	91	53	0
Apr 18, 2014 13:31:04	78	56	0
Apr 18, 2014 13:31:05	74	53	0
Apr 18, 2014 13:31:06	54	35	0
Apr 18, 2014 13:31:07	51	21	0
Apr 18, 2014 13:31:08	64	27	0
Apr 18, 2014 13:31:09	64	29	0
Apr 18, 2014 13:31:10	70	41	0
Apr 18, 2014 13:31:11	80	43	0
Apr 18, 2014 13:31:12	74	41	0
Apr 18, 2014 13:31:13	57	43	0
Apr 18, 2014 13:31:14	44	44	0
Apr 18, 2014 13:31:15	35	38	0
Apr 18, 2014 13:31:16	30	37	0
Apr 18, 2014 13:31:17	41	29	0
Apr 18, 2014 13:31:18	56	37	0
Apr 18, 2014 13:31:19	50	34	0
Apr 18, 2014 13:31:20	44	29	0
Apr 18, 2014 13:31:22	35	34	0
Apr 18, 2014 13:31:23	29	30	0
Apr 18, 2014 13:31:24	30	40	0
Apr 18, 2014 13:31:25	27	48	0
Apr 18, 2014 13:31:26	40	53	0
Apr 18, 2014 13:31:27	44	51	0
Apr 18, 2014 13:31:28	43	43	0
Apr 18, 2014 13:31:29	53	38	0
Apr 18, 2014 13:31:30	43	29	0
Apr 18, 2014 13:31:31	48	35	0
Apr 18, 2014 13:31:32	54	47	0
Apr 18, 2014 13:31:33	53	54	0
Apr 18, 2014 13:31:34	63	57	0
Apr 18, 2014 13:31:35	53	41	0
Apr 18, 2014 13:31:36	50	26	0
Apr 18, 2014 13:31:37	48	29	0
Apr 18, 2014 13:31:38	40	23	0
Apr 18, 2014 13:31:39	43	35	0
Apr 18, 2014 13:31:40	48	57	0
Apr 18, 2014 13:31:41	51	47	0
Apr 18, 2014 13:31:42	50	47	0
Apr 18, 2014 13:31:43	41	50	0
Apr 18, 2014 13:31:44	34	34	0
Apr 18, 2014 13:31:45	23	40	0
Apr 18, 2014 13:31:46	21	54	0
Apr 18, 2014 13:31:47	14	61	0
Apr 18, 2014 13:31:48	20	67	0
Apr 18, 2014 13:31:49	23	60	0
Apr 18, 2014 13:31:50	40	53	0
Apr 18, 2014 13:31:51	41	57	0
Apr 18, 2014 13:31:52	54	60	0
Apr 18, 2014 13:31:53	50	61	0
Apr 18, 2014 13:31:54	47	60	0
Apr 18, 2014 13:31:55	51	43	0
Apr 18, 2014 13:31:57	67	34	0
Apr 18, 2014 13:31:58	84	26	0
Apr 18, 2014 13:31:59	87	24	0
Apr 18, 2014 13:32:00	91	34	0
Apr 18, 2014 13:32:01	77	41	0
Apr 18, 2014 13:32:02	57	35	0
Apr 18, 2014 13:32:03	50	34	0
Apr 18, 2014 13:32:04	43	21	0
Apr 18, 2014 13:32:05	38	24	0
Apr 18, 2014 13:32:06	51	26	0
Apr 18, 2014 13:32:07	47	17	0
Apr 18, 2014 13:32:08	41	24	0
Apr 18, 2014 13:32:09	29	11	0
Apr 18, 2014 13:32:10	20	20	0
Apr 18, 2014 13:32:11	14	16	0
Apr 18, 2014 13:32:12	17	8	0
Apr 18, 2014 13:32:13	35	24	0
Apr 18, 2014 13:32:14	37	23	0
Apr 18, 2014 13:32:15	53	38	0
Apr 18, 2014 13:32:16	40	41	0
Apr 18, 2014 13:32:17	34	27	0
Apr 18, 2014 13:32:18	13	41	0
Apr 18, 2014 13:32:19	11	41	0
Apr 18, 2014 13:32:20	8	60	0
Apr 18, 2014 13:32:21	14	66	0
Apr 18, 2014 13:32:22	27	57	0
Apr 18, 2014 13:32:23	43	54	0
Apr 18, 2014 13:32:24	41	48	0
Apr 18, 2014 13:32:25	38	26	0
Apr 18, 2014 13:32:26	43	43	0
Apr 18, 2014 13:32:27	50	57	0
Apr 18, 2014 13:32:28	57	61	0
Apr 18, 2014 13:32:29	51	84	0
Apr 18, 2014 13:32:31	35	64	0
Apr 18, 2014 13:32:32	26	50	0
Apr 18, 2014 13:32:33	20	40	0
Apr 18, 2014 13:32:34	20	35	0
Apr 18, 2014 13:32:35	26	38	0
Apr 18, 2014 13:32:36	10	47	0
Apr 18, 2014 13:32:37	11	38	0
Apr 18, 2014 13:32:38	40	34	0
Apr 18, 2014 13:32:39	44	43	0
Apr 18, 2014 13:32:40	50	35	0
Apr 18, 2014 13:32:41	54	30	0
Apr 18, 2014 13:32:42	35	34	0
Apr 18, 2014 13:32:43	35	34	0
Apr 18, 2014 13:32:44	40	21	0
Apr 18, 2014 13:32:45	50	30	0
Apr 18, 2014 13:32:46	56	34	0
Apr 18, 2014 13:32:47	56	30	0
Apr 18, 2014 13:32:48	53	35	0
Apr 18, 2014 13:32:49	51	38	0
Apr 18, 2014 13:32:50	61	40	0
Apr 18, 2014 13:32:51	67	56	0
Apr 18, 2014 13:32:52	66	60	0
Apr 18, 2014 13:32:53	50	34	0
Apr 18, 2014 13:32:54	35	21	0
Apr 18, 2014 13:32:55	14	11	0
Apr 18, 2014 13:32:56	14	16	0
Apr 18, 2014 13:32:57	17	16	0
Apr 18, 2014 13:32:58	17	30	0
Apr 18, 2014 13:32:59	17	26	0
Apr 18, 2014 13:33:00	13	11	0
Apr 18, 2014 13:33:01	13	16	0
Apr 18, 2014 13:33:02	11	8	0
Apr 18, 2014 13:33:03	13	7	0
Apr 18, 2014 13:33:04	14	17	0
Apr 18, 2014 13:33:05	24	24	0
Apr 18, 2014 13:33:07	38	27	0
Apr 18, 2014 13:33:08	37	35	0
Apr 18, 2014 13:33:09	48	37	0
Apr 18, 2014 13:33:10	43	41	0
Apr 18, 2014 13:33:11	41	43	0
Apr 18, 2014 13:33:12	50	50	0
Apr 18, 2014 13:33:13	41	47	0
Apr 18, 2014 13:33:14	38	51	0
Apr 18, 2014 13:33:15	37	50	0
Apr 18, 2014 13:33:16	21	38	0
Apr 18, 2014 13:33:17	11	23	0
Apr 18, 2014 13:33:18	23	10	0
Apr 18, 2014 13:33:19	27	13	0
Apr 18, 2014 13:33:20	51	27	0
Apr 18, 2014 13:33:21	43	43	0
Apr 18, 2014 13:33:22	54	44	0
Apr 18, 2014 13:33:23	64	51	0
Apr 18, 2014 13:33:24	51	41	0
Apr 18, 2014 13:33:25	56	34	0
Apr 18, 2014 13:33:26	41	50	0
Apr 18, 2014 13:33:27	47	54	0
Apr 18, 2014 13:33:28	54	66	0
Apr 18, 2014 13:33:29	53	67	0
Apr 18, 2014 13:33:30	44	51	0
Apr 18, 2014 13:33:31	44	56	0
Apr 18, 2014 13:33:32	40	67	0
Apr 18, 2014 13:33:33	27	63	0
Apr 18, 2014 13:33:34	47	63	0
Apr 18, 2014 13:33:35	48	57	0
Apr 18, 2014 13:33:36	57	57	0
Apr 18, 2014 13:33:37	74	66	0
Apr 18, 2014 13:33:38	67	66	0
Apr 18, 2014 13:33:39	64	69	0
Apr 18, 2014 13:33:40	56	57	0
Apr 18, 2014 13:33:41	57	57	0
Apr 18, 2014 13:33:43	50	63	0
Apr 18, 2014 13:33:44	50	54	0
Apr 18, 2014 13:33:45	47	63	0
Apr 18, 2014 13:33:46	47	67	0
Apr 18, 2014 13:33:47	51	69	0
Apr 18, 2014 13:33:48	38	66	0
Apr 18, 2014 13:33:49	44	61	0
Apr 18, 2014 13:33:50	50	56	0
Apr 18, 2014 13:33:51	67	56	0
Apr 18, 2014 13:33:52	75	61	0
Apr 18, 2014 13:33:53	75	53	0
Apr 18, 2014 13:33:54	69	60	0
Apr 18, 2014 13:33:55	74	63	0
Apr 18, 2014 13:33:56	56	50	0
Apr 18, 2014 13:33:57	51	41	0
Apr 18, 2014 13:33:58	40	21	0
Apr 18, 2014 13:33:59	26	7	0
Apr 18, 2014 13:34:00	23	4	0
Apr 18, 2014 13:34:01	21	27	0
Apr 18, 2014 13:34:02	35	50	0
Apr 18, 2014 13:34:03	56	64	0
Apr 18, 2014 13:34:04	69	80	0
Apr 18, 2014 13:34:05	64	77	0
Apr 18, 2014 13:34:06	64	75	0
Apr 18, 2014 13:34:07	61	75	0
Apr 18, 2014 13:34:08	61	66	0
Apr 18, 2014 13:34:09	69	67	0
Apr 18, 2014 13:34:10	66	70	0
Apr 18, 2014 13:34:11	53	67	0
Apr 18, 2014 13:34:12	47	74	0
Apr 18, 2014 13:34:13	50	60	0
Apr 18, 2014 13:34:14	50	50	0
Apr 18, 2014 13:34:15	56	57	0
Apr 18, 2014 13:34:16	54	54	0
Apr 18, 2014 13:34:18	53	61	0
Apr 18, 2014 13:34:19	54	63	0
Apr 18, 2014 13:34:20	57	43	0
Apr 18, 2014 13:34:21	50	23	0
Apr 18, 2014 13:34:22	47	29	0
Apr 18, 2014 13:34:23	41	50	0
Apr 18, 2014 13:34:24	57	67	0
Apr 18, 2014 13:34:25	57	69	0
Apr 18, 2014 13:34:26	61	70	0
Apr 18, 2014 13:34:27	60	69	0
Apr 18, 2014 13:34:28	48	61	0
Apr 18, 2014 13:34:29	44	69	0
Apr 18, 2014 13:34:30	47	66	0
Apr 18, 2014 13:34:31	47	56	0
Apr 18, 2014 13:34:32	53	57	0
Apr 18, 2014 13:34:33	66	61	0
Apr 18, 2014 13:34:34	51	44	0
Apr 18, 2014 13:34:35	43	51	0
Apr 18, 2014 13:34:36	40	43	0
Apr 18, 2014 13:34:37	30	41	0
Apr 18, 2014 13:34:38	48	53	0
Apr 18, 2014 13:34:39	57	57	0
Apr 18, 2014 13:34:40	75	64	0
Apr 18, 2014 13:34:41	78	53	0
Apr 18, 2014 13:34:42	78	61	0
Apr 18, 2014 13:34:43	83	48	0
Apr 18, 2014 13:34:44	75	35	0
Apr 18, 2014 13:34:45	78	53	0
Apr 18, 2014 13:34:46	67	38	0
Apr 18, 2014 13:34:47	67	44	0
Apr 18, 2014 13:34:48	60	63	0
Apr 18, 2014 13:34:49	50	56	0
Apr 18, 2014 13:34:50	53	63	0
Apr 18, 2014 13:34:51	48	44	0
Apr 18, 2014 13:34:52	40	47	0
Apr 18, 2014 13:34:54	24	34	0
Apr 18, 2014 13:34:55	4	27	0
Apr 18, 2014 13:34:56	11	40	0
Apr 18, 2014 13:34:57	16	44	0
Apr 18, 2014 13:34:58	14	43	0
Apr 18, 2014 13:34:59	14	43	51
Apr 18, 2014 13:35:00	35	51	0
Apr 18, 2014 13:35:01	43	53	0
Apr 18, 2014 13:35:02	43	53	0
Apr 18, 2014 13:35:03	48	38	0
Apr 18, 2014 13:35:04	44	35	0
Apr 18, 2014 13:35:05	50	26	0
Apr 18, 2014 13:35:06	66	37	0
Apr 18, 2014 13:35:07	64	27	0
Apr 18, 2014 13:35:08	66	38	0
Apr 18, 2014 13:35:09	63	30	0
Apr 18, 2014 13:35:10	53	48	0
Apr 18, 2014 13:35:11	37	56	0
Apr 18, 2014 13:35:12	30	44	0
Apr 18, 2014 13:35:13	26	64	0
Apr 18, 2014 13:35:14	21	30	0
Apr 18, 2014 13:35:15	40	48	0
Apr 18, 2014 13:35:16	21	48	0
Apr 18, 2014 13:35:17	17	27	0
Apr 18, 2014 13:35:18	21	47	0
Apr 18, 2014 13:35:19	23	50	0
Apr 18, 2014 13:35:20	43	51	0
Apr 18, 2014 13:35:21	56	63	0
Apr 18, 2014 13:35:22	67	67	0
Apr 18, 2014 13:35:23	37	50	0
Apr 18, 2014 13:35:24	26	61	0
Apr 18, 2014 13:35:25	11	51	0
Apr 18, 2014 13:35:26	27	61	0
Apr 18, 2014 13:35:27	35	66	0
Apr 18, 2014 13:35:28	38	50	0
Apr 18, 2014 13:35:30	63	54	0
Apr 18, 2014 13:35:31	61	54	0
Apr 18, 2014 13:35:32	67	47	0
Apr 18, 2014 13:35:33	74	57	0
Apr 18, 2014 13:35:34	63	56	0
Apr 18, 2014 13:35:35	47	41	0
Apr 18, 2014 13:35:36	48	43	0
Apr 18, 2014 13:35:37	48	38	0
Apr 18, 2014 13:35:38	54	40	0
Apr 18, 2014 13:35:39	74	56	0
Apr 18, 2014 13:35:40	74	61	0
Apr 18, 2014 13:35:41	75	60	0
Apr 18, 2014 13:35:42	56	51	0
Apr 18, 2014 13:35:43	38	66	0
Apr 18, 2014 13:35:44	43	63	0
Apr 18, 2014 13:35:45	27	74	0
Apr 18, 2014 13:35:46	35	81	0
Apr 18, 2014 13:35:47	51	74	0
Apr 18, 2014 13:35:48	35	77	0
Apr 18, 2014 13:35:49	47	64	0
Apr 18, 2014 13:35:50	51	74	0
Apr 18, 2014 13:35:51	44	75	0
Apr 18, 2014 13:35:52	53	77	0
Apr 18, 2014 13:35:53	51	81	0
Apr 18, 2014 13:35:54	51	83	0
Apr 18, 2014 13:35:55	51	84	0
Apr 18, 2014 13:35:56	51	90	0
Apr 18, 2014 13:35:57	43	88	0
Apr 18, 2014 13:35:58	37	78	0
Apr 18, 2014 13:35:59	34	75	0
Apr 18, 2014 13:36:00	29	74	0
Apr 18, 2014 13:36:01	40	77	0
Apr 18, 2014 13:36:02	60	81	0
Apr 18, 2014 13:36:03	57	80	0
Apr 18, 2014 13:36:05	61	83	0
Apr 18, 2014 13:36:06	53	63	0
Apr 18, 2014 13:36:07	44	61	0
Apr 18, 2014 13:36:08	51	61	0
Apr 18, 2014 13:36:09	48	51	0
Apr 18, 2014 13:36:10	47	51	0
Apr 18, 2014 13:36:11	48	47	0
Apr 18, 2014 13:36:12	41	57	0
Apr 18, 2014 13:36:13	44	54	0
Apr 18, 2014 13:36:14	43	74	0
Apr 18, 2014 13:36:15	40	75	0
Apr 18, 2014 13:36:16	41	64	0
Apr 18, 2014 13:36:17	40	67	0
Apr 18, 2014 13:36:18	51	64	0
Apr 18, 2014 13:36:19	50	84	0
Apr 18, 2014 13:36:20	53	88	0
Apr 18, 2014 13:36:21	47	69	0
Apr 18, 2014 13:36:22	40	56	0
Apr 18, 2014 13:36:23	44	34	0
Apr 18, 2014 13:36:24	44	24	0
Apr 18, 2014 13:36:25	67	56	0
Apr 18, 2014 13:36:26	66	69	0
Apr 18, 2014 13:36:27	57	78	0
Apr 18, 2014 13:36:28	57	78	0
Apr 18, 2014 13:36:29	40	77	0
Apr 18, 2014 13:36:30	41	63	0
Apr 18, 2014 13:36:31	57	53	0
Apr 18, 2014 13:36:32	57	51	0
Apr 18, 2014 13:36:33	57	44	0
Apr 18, 2014 13:36:34	51	50	0
Apr 18, 2014 13:36:35	47	63	0
Apr 18, 2014 13:36:36	50	53	0
Apr 18, 2014 13:36:37	56	63	0
Apr 18, 2014 13:36:38	57	77	0
Apr 18, 2014 13:36:39	63	67	0
Apr 18, 2014 13:36:40	57	87	0
Apr 18, 2014 13:36:42	66	74	0
Apr 18, 2014 13:36:43	66	48	0
Apr 18, 2014 13:36:44	64	47	0
Apr 18, 2014 13:36:45	66	26	0
Apr 18, 2014 13:36:46	48	41	0
Apr 18, 2014 13:36:47	43	40	0
Apr 18, 2014 13:36:48	34	44	0
Apr 18, 2014 13:36:49	17	54	0
Apr 18, 2014 13:36:50	29	38	0
Apr 18, 2014 13:36:51	48	48	0
Apr 18, 2014 13:36:52	56	54	0
Apr 18, 2014 13:36:53	75	54	0
Apr 18, 2014 13:36:54	74	74	0
Apr 18, 2014 13:36:55	60	74	0
Apr 18, 2014 13:36:56	51	61	0
Apr 18, 2014 13:36:57	51	56	0
Apr 18, 2014 13:36:58	64	51	0
Apr 18, 2014 13:36:59	66	74	0
Apr 18, 2014 13:37:00	57	56	0
Apr 18, 2014 13:37:01	70	53	0
Apr 18, 2014 13:37:02	63	56	0
Apr 18, 2014 13:37:03	57	41	0
Apr 18, 2014 13:37:04	60	57	0
Apr 18, 2014 13:37:05	43	57	0
Apr 18, 2014 13:37:06	43	66	0
Apr 18, 2014 13:37:07	48	69	0
Apr 18, 2014 13:37:08	50	60	0
Apr 18, 2014 13:37:09	57	69	0
Apr 18, 2014 13:37:10	57	67	0
Apr 18, 2014 13:37:11	57	63	0
Apr 18, 2014 13:37:12	60	78	0
Apr 18, 2014 13:37:13	51	61	0
Apr 18, 2014 13:37:14	54	63	0
Apr 18, 2014 13:37:15	53	67	0
Apr 18, 2014 13:37:16	51	67	0
Apr 18, 2014 13:37:17	57	74	0
Apr 18, 2014 13:37:19	53	53	0
Apr 18, 2014 13:37:20	54	48	0
Apr 18, 2014 13:37:21	51	37	0
Apr 18, 2014 13:37:22	53	29	0
Apr 18, 2014 13:37:23	35	40	0
Apr 18, 2014 13:37:24	30	37	0
Apr 18, 2014 13:37:25	30	40	0
Apr 18, 2014 13:37:26	24	51	0
Apr 18, 2014 13:37:27	41	67	0
Apr 18, 2014 13:37:28	40	88	0
Apr 18, 2014 13:37:29	51	81	0
Apr 18, 2014 13:37:30	51	83	0
Apr 18, 2014 13:37:31	48	80	0
Apr 18, 2014 13:37:32	40	74	0
Apr 18, 2014 13:37:33	37	74	0
Apr 18, 2014 13:37:34	40	69	0
Apr 18, 2014 13:37:35	50	60	0
Apr 18, 2014 13:37:36	69	63	0
Apr 18, 2014 13:37:37	63	53	0
Apr 18, 2014 13:37:38	66	40	0
Apr 18, 2014 13:37:39	50	26	0
Apr 18, 2014 13:37:40	41	23	0
Apr 18, 2014 13:37:41	41	41	0
Apr 18, 2014 13:37:42	29	57	0
Apr 18, 2014 13:37:43	30	74	0
Apr 18, 2014 13:37:44	35	70	0
Apr 18, 2014 13:37:45	41	67	0
Apr 18, 2014 13:37:46	47	57	0
Apr 18, 2014 13:37:47	53	47	0
Apr 18, 2014 13:37:48	47	51	0
Apr 18, 2014 13:37:49	38	44	0
Apr 18, 2014 13:37:50	43	34	0
Apr 18, 2014 13:37:51	48	53	0
Apr 18, 2014 13:37:52	44	50	0
Apr 18, 2014 13:37:54	38	38	0
Apr 18, 2014 13:37:55	41	44	0
Apr 18, 2014 13:37:56	48	41	0
Apr 18, 2014 13:37:57	61	41	0
Apr 18, 2014 13:37:58	80	56	0
Apr 18, 2014 13:37:59	81	61	0
Apr 18, 2014 13:38:00	80	54	0
Apr 18, 2014 13:38:01	80	56	0
Apr 18, 2014 13:38:02	83	50	0
Apr 18, 2014 13:38:03	75	44	0
Apr 18, 2014 13:38:04	60	50	0
Apr 18, 2014 13:38:05	50	60	0
Apr 18, 2014 13:38:06	37	50	0
Apr 18, 2014 13:38:07	23	40	0
Apr 18, 2014 13:38:08	23	20	0
Apr 18, 2014 13:38:09	20	17	0
Apr 18, 2014 13:38:10	21	23	0
Apr 18, 2014 13:38:11	27	43	0
Apr 18, 2014 13:38:12	40	63	0
Apr 18, 2014 13:38:13	57	51	0
Apr 18, 2014 13:38:14	66	63	0
Apr 18, 2014 13:38:15	74	48	0
Apr 18, 2014 13:38:16	63	61	0
Apr 18, 2014 13:38:17	50	61	0
Apr 18, 2014 13:38:18	47	44	0
Apr 18, 2014 13:38:19	48	56	0
Apr 18, 2014 13:38:20	50	54	0
Apr 18, 2014 13:38:21	51	53	0
Apr 18, 2014 13:38:22	57	74	0
Apr 18, 2014 13:38:23	57	70	0
Apr 18, 2014 13:38:24	54	61	0
Apr 18, 2014 13:38:25	37	69	0
Apr 18, 2014 13:38:26	20	51	0
Apr 18, 2014 13:38:27	23	61	0
Apr 18, 2014 13:38:28	24	44	0
Apr 18, 2014 13:38:30	47	30	0
Apr 18, 2014 13:38:31	57	29	0
Apr 18, 2014 13:38:32	60	44	0
Apr 18, 2014 13:38:33	61	53	0
Apr 18, 2014 13:38:34	64	44	0
Apr 18, 2014 13:38:35	75	54	0
Apr 18, 2014 13:38:36	84	61	0
Apr 18, 2014 13:38:37	84	64	0
Apr 18, 2014 13:38:38	75	70	0
Apr 18, 2014 13:38:39	90	67	0
Apr 18, 2014 13:38:40	90	64	0
Apr 18, 2014 13:38:41	90	64	0
Apr 18, 2014 13:38:42	74	44	0
Apr 18, 2014 13:38:43	53	44	0
Apr 18, 2014 13:38:44	51	44	0
Apr 18, 2014 13:38:45	60	57	0
Apr 18, 2014 13:38:46	63	61	0
Apr 18, 2014 13:38:47	61	60	0
Apr 18, 2014 13:38:48	56	61	0
Apr 18, 2014 13:38:49	51	53	0
Apr 18, 2014 13:38:50	34	47	0
Apr 18, 2014 13:38:51	47	47	0
Apr 18, 2014 13:38:52	51	51	0
Apr 18, 2014 13:38:53	51	51	0
Apr 18, 2014 13:38:54	66	60	0
Apr 18, 2014 13:38:55	63	67	0
Apr 18, 2014 13:38:56	61	66	0
Apr 18, 2014 13:38:57	77	70	0
Apr 18, 2014 13:38:58	81	78	0
Apr 18, 2014 13:38:59	69	75	0
Apr 18, 2014 13:39:00	44	57	0
Apr 18, 2014 13:39:01	44	48	0
Apr 18, 2014 13:39:02	61	41	0
Apr 18, 2014 13:39:03	51	35	0
Apr 18, 2014 13:39:04	61	61	0
Apr 18, 2014 13:39:06	69	66	0
Apr 18, 2014 13:39:07	66	74	0
Apr 18, 2014 13:39:08	80	80	0
Apr 18, 2014 13:39:09	78	69	0
Apr 18, 2014 13:39:10	61	74	0
Apr 18, 2014 13:39:11	51	69	0
Apr 18, 2014 13:39:12	47	63	0
Apr 18, 2014 13:39:13	50	64	0
Apr 18, 2014 13:39:14	53	63	0
Apr 18, 2014 13:39:15	53	57	0
Apr 18, 2014 13:39:16	38	51	0
Apr 18, 2014 13:39:17	35	44	0
Apr 18, 2014 13:39:18	27	34	0
Apr 18, 2014 13:39:19	34	38	0
Apr 18, 2014 13:39:20	34	47	0
Apr 18, 2014 13:39:21	23	38	0
Apr 18, 2014 13:39:22	27	53	0
Apr 18, 2014 13:39:23	21	66	0
Apr 18, 2014 13:39:24	38	64	0
Apr 18, 2014 13:39:25	48	80	0
Apr 18, 2014 13:39:26	60	78	0
Apr 18, 2014 13:39:27	56	63	0
Apr 18, 2014 13:39:28	37	50	0
Apr 18, 2014 13:39:29	41	54	0
Apr 18, 2014 13:39:30	34	54	0
Apr 18, 2014 13:39:31	35	57	0
Apr 18, 2014 13:39:32	26	57	0
Apr 18, 2014 13:39:33	21	51	0
Apr 18, 2014 13:39:34	26	51	0
Apr 18, 2014 13:39:35	30	53	0
Apr 18, 2014 13:39:36	43	70	0
Apr 18, 2014 13:39:37	57	77	0
