1395726263.17	257420	116485	11836	31105	49299	26413	5245	11072
1395726264.17	257420	116485	11836	31105	49299	26413	5245	11072
1395726265.17	257420	116485	11836	31105	49299	26413	5245	11072
1395726266.17	257420	116485	11836	31105	49299	26413	5245	11072
1395726267.17	257420	116485	11836	31105	49299	26413	5245	11072
1395726268.18	257420	116485	11836	31105	49299	26413	5245	11072
1395726269.18	257420	116485	11836	31105	49299	26413	5245	11072
1395726270.18	257420	116485	11836	31105	49299	26413	5245	11072
1395726271.18	257420	116485	11836	31105	49299	26413	5245	11072
1395726272.19	257420	116485	11836	31105	49299	26413	5245	11072
1395726273.19	257420	116485	11836	31105	49299	26413	5245	11072
1395726274.19	257420	116485	11836	31105	49299	26413	5245	11072
1395726275.19	257420	116485	11836	31105	49299	26413	5245	11072
1395726276.2	257420	116485	11836	31105	49299	26413	5245	11072
1395726277.2	257420	116485	11836	31105	49299	26413	5245	11072
1395726278.2	257420	116485	11836	31105	49299	26413	5245	11072
1395726279.2	257420	116485	11836	31105	49299	26413	5245	11072
1395726280.2	257420	116485	11836	31105	49299	26413	5245	11072
1395726281.21	257420	116485	11836	31105	49299	26413	5245	11072
1395726282.21	257420	116485	11836	31105	49299	26413	5245	11072
1395726283.21	257420	116485	11836	31105	49299	26413	5245	11072
1395726284.21	257420	116485	11836	31105	49299	26413	5245	11072
1395726285.22	257420	116485	11836	31105	49299	26413	5245	11072
1395726286.22	257420	116485	11836	31105	49299	26413	5245	11072
1395726287.22	257420	116485	11836	31105	49299	26413	5245	11072
1395726288.22	257420	116485	11836	31105	49299	26413	5245	11072
1395726289.22	257420	116485	11836	31105	49299	26413	5245	11072
1395726290.23	257420	116485	11836	31105	49299	26413	5245	11072
1395726291.23	257420	116485	11836	31105	49299	26413	5245	11072
1395726292.23	257420	116485	11836	31105	49299	26413	5245	11072
1395726293.23	257420	116485	11836	31105	49299	26413	5245	11072
1395726294.24	257420	116485	11836	31105	49299	26413	5245	11072
1395726295.24	257420	116485	11836	31105	49299	26413	5245	11072
1395726296.24	257420	116485	11836	31105	49299	26413	5245	11072
1395726297.24	257420	116485	11836	31105	49299	26413	5245	11072
1395726298.25	257420	116485	11836	31105	49299	26413	5245	11072
1395726299.25	257420	116485	11836	31105	49299	26413	5245	11072
1395726300.25	257420	116485	11836	31105	49299	26413	5245	11072
1395726301.25	257420	116485	11836	31105	49299	26413	5245	11072
1395726302.25	257420	116485	11836	31105	49299	26413	5245	11072
1395726303.26	257420	116485	11836	31105	49299	26413	5245	11072
1395726304.26	257420	116485	11836	31105	49299	26413	5245	11072
1395726305.26	257420	116485	11836	31105	49299	26413	5245	11072
1395726306.26	257420	116485	11836	31105	49299	26413	5245	11072
1395726307.27	257420	116485	11836	31105	49299	26413	5245	11072
1395726308.27	257420	116485	11836	31105	49299	26413	5245	11072
1395726309.27	257420	116485	11836	31105	49299	26413	5245	11072
1395726310.27	257420	116485	11836	31105	49299	26413	5245	11072
1395726311.28	257420	116485	11836	31105	49299	26413	5245	11072
1395726312.28	257420	116485	11836	31105	49299	26413	5245	11072
1395726313.28	257420	116485	11836	31105	49299	26413	5245	11072
1395726314.28	257420	116485	11836	31105	49299	26413	5245	11072
1395726315.28	257420	116485	11836	31105	49299	26413	5245	11072
1395726316.29	257420	116485	11836	31105	49299	26413	5245	11072
1395726317.29	257420	116485	11836	31105	49299	26413	5245	11072
1395726318.29	257420	116485	11836	31105	49299	26413	5245	11072
1395726319.29	257420	116485	11836	31105	49299	26413	5245	11072
1395726320.3	257420	116485	11836	31105	49299	26413	5245	11072
1395726321.3	257420	116485	11836	31105	49299	26413	5245	11072
1395726322.3	257420	116485	11836	31105	49299	26413	5245	11072
1395726323.3	257420	116485	11836	31105	49299	26413	5245	11072
1395726324.31	257420	116485	11836	31105	49299	26413	5245	11072
1395726325.31	257420	116485	11836	31105	49299	26413	5245	11072
1395726326.31	257420	116485	11836	31105	49299	26413	5245	11072
1395726327.31	257420	116485	11836	31105	49299	26413	5245	11072
1395726328.32	257420	116485	11836	31105	49299	26413	5245	11072
1395726329.32	257420	116485	11836	31105	49299	26413	5245	11072
1395726330.32	257420	116485	11836	31105	49299	26413	5245	11072
1395726331.32	257420	116485	11836	31105	49299	26413	5245	11072
1395726332.32	257420	116485	11836	31105	49299	26413	5245	11072
1395726333.33	257420	116485	11836	31105	49299	26413	5245	11072
1395726334.33	257420	116485	11836	31105	49299	26413	5245	11072
1395726335.33	257420	116485	11836	31105	49299	26413	5245	11072
1395726336.33	257420	116485	11836	31105	49299	26413	5245	11072
1395726337.33	257420	116485	11836	31105	49299	26413	5245	11072
1395726338.34	257420	116485	11836	31105	49299	26413	5245	11072
1395726339.34	257420	116485	11836	31105	49299	26413	5245	11072
1395726340.34	257420	116485	11836	31105	49299	26413	5245	11072
1395726341.34	257420	116485	11836	31105	49299	26413	5245	11072
1395726342.35	257420	116485	11836	31105	49299	26413	5245	11072
1395726343.35	257420	116485	11836	31105	49299	26413	5245	11072
1395726344.35	257420	116485	11836	31105	49299	26413	5245	11072
1395726345.35	257420	116485	11836	31105	49299	26413	5245	11072
1395726346.35	257420	116485	11836	31105	49299	26413	5245	11072
1395726347.36	257420	116485	11836	31105	49299	26413	5245	11072
1395726348.36	257420	116485	11836	31105	49299	26413	5245	11072
1395726349.36	257420	116485	11836	31105	49299	26413	5245	11072
1395726350.36	257420	116485	11836	31105	49299	26413	5245	11072
1395726351.36	257420	116485	11836	31105	49299	26413	5245	11072
1395726352.37	257420	116485	11836	31105	49299	26413	5245	11072
1395726353.37	257420	116485	11836	31105	49299	26413	5245	11072
1395726354.37	257420	116485	11836	31105	49299	26413	5245	11072
1395726355.37	257420	116485	11836	31105	49299	26413	5245	11072
1395726356.37	257420	116485	11836	31105	49299	26413	5245	11072
1395726357.38	257420	116485	11836	31105	49299	26413	5245	11072
1395726358.38	257420	116485	11836	31105	49299	26413	5245	11072
1395726359.38	257420	116485	11836	31105	49299	26413	5245	11072
1395726360.38	257420	116485	11836	31105	49299	26413	5245	11072
1395726361.39	257420	116485	11836	31105	49299	26413	5245	11072
1395726362.39	257420	116485	11836	31105	49299	26413	5245	11072
1395726363.39	257420	116485	11836	31105	49299	26413	5245	11072
1395726364.39	257420	116485	11836	31105	49299	26413	5245	11072
1395726365.39	257420	116485	11836	31105	49299	26413	5245	11072
1395726366.4	257420	116485	11836	31105	49299	26413	5245	11072
1395726367.4	257420	116485	11836	31105	49299	26413	5245	11072
1395726368.4	257420	116485	11836	31105	49299	26413	5245	11072
1395726369.4	257420	116485	11836	31105	49299	26413	5245	11072
1395726370.4	257420	116485	11836	31105	49299	26413	5245	11072
1395726371.41	257420	116485	11836	31105	49299	26413	5245	11072
1395726372.41	257420	116485	11836	31105	49299	26413	5245	11072
1395726373.41	257420	116485	11836	31105	49299	26413	5245	11072
1395726374.41	257420	116485	11836	31105	49299	26413	5245	11072
1395726375.41	257420	116485	11836	31105	49299	26413	5245	11072
1395726376.42	257420	116485	11836	31105	49299	26413	5245	11072
1395726377.42	257420	116485	11836	31105	49299	26413	5245	11072
1395726378.42	257420	116485	11836	31105	49299	26413	5245	11072
1395726379.42	257420	116485	11836	31105	49299	26413	5245	11072
1395726380.43	257420	116485	11836	31105	49299	26413	5245	11072
1395726381.43	257420	116485	11836	31105	49299	26413	5245	11072
1395726382.43	257420	116485	11836	31105	49299	26413	5245	11072
1395726383.43	257420	116485	11836	31105	49299	26413	5245	11072
1395726384.43	257420	116485	11836	31105	49299	26413	5245	11072
1395726385.44	257420	116485	11836	31105	49299	26413	5245	11072
1395726386.44	257420	116485	11836	31105	49299	26413	5245	11072
1395726387.44	257420	116485	11836	31105	49299	26413	5245	11072
1395726388.44	257420	116485	11836	31105	49299	26413	5245	11072
1395726389.45	257420	116485	11836	31105	49299	26413	5245	11072
1395726390.45	257420	116485	11836	31105	49299	26413	5245	11072
1395726391.45	257420	116485	11836	31105	49299	26413	5245	11072
1395726392.45	257420	116485	11836	31105	49299	26413	5245	11072
1395726393.45	257420	116485	11836	31105	49299	26413	5245	11072
1395726394.46	257420	116485	11836	31105	49299	26413	5245	11072
1395726395.46	257420	116485	11836	31105	49299	26413	5245	11072
1395726396.46	257420	116485	11836	31105	49299	26413	5245	11072
1395726397.47	257420	116485	11836	31105	49299	26413	5245	11072
1395726398.47	257420	116485	11836	31105	49299	26413	5245	11072
1395726399.47	257420	116485	11836	31105	49299	26413	5245	11072
1395726400.47	257420	116485	11836	31105	49299	26413	5245	11072
1395726401.48	257420	116485	11836	31105	49299	26413	5245	11072
1395726402.48	257420	116485	11836	31105	49299	26413	5245	11072
1395726403.48	257420	116485	11836	31105	49299	26413	5245	11072
1395726404.48	257420	116485	11836	31105	49299	26413	5245	11072
1395726405.48	257420	116485	11836	31105	49299	26413	5245	11072
1395726406.49	257420	116485	11836	31105	49299	26413	5245	11072
1395726407.49	257420	116485	11836	31105	49299	26413	5245	11072
1395726408.49	257420	116485	11836	31105	49299	26413	5245	11072
1395726409.49	257420	116485	11836	31105	49299	26413	5245	11072
1395726410.49	257420	116485	11836	31105	49299	26413	5245	11072
1395726411.5	257420	116485	11836	31105	49299	26413	5245	11072
1395726412.5	257420	116485	11836	31105	49299	26413	5245	11072
1395726413.5	257420	116485	11836	31105	49299	26413	5245	11072
1395726414.5	257420	116485	11836	31105	49299	26413	5245	11072
1395726415.5	257420	116485	11836	31105	49299	26413	5245	11072
1395726416.51	257420	116485	11836	31105	49299	26413	5245	11072
1395726417.51	257420	116485	11836	31105	49299	26413	5245	11072
1395726418.51	257420	116485	11836	31105	49299	26413	5245	11072
1395726419.51	257420	116485	11836	31105	49299	26413	5245	11072
1395726420.52	257420	116485	11836	31105	49299	26413	5245	11072
1395726421.52	257420	116485	11836	31105	49299	26413	5245	11072
1395726422.52	257420	116485	11836	31105	49299	26413	5245	11072
1395726423.52	257420	116485	11836	31105	49299	26413	5245	11072
1395726424.52	257420	116485	11836	31105	49299	26413	5245	11072
1395726425.53	257420	116485	11836	31105	49299	26413	5245	11072
1395726426.53	257420	116485	11836	31105	49299	26413	5245	11072
1395726427.53	257420	116485	11836	31105	49299	26413	5245	11072
1395726428.53	257420	116485	11836	31105	49299	26413	5245	11072
1395726429.53	257420	116485	11836	31105	49299	26413	5245	11072
1395726430.54	257420	116485	11836	31105	49299	26413	5245	11072
1395726431.54	257420	116485	11836	31105	49299	26413	5245	11072
1395726432.54	257420	116485	11836	31105	49299	26413	5245	11072
1395726433.55	257420	116485	11836	31105	49299	26413	5245	11072
1395726434.55	257420	116485	11836	31105	49299	26413	5245	11072
1395726435.55	257420	116485	11836	31105	49299	26413	5245	11072
1395726436.55	257420	116485	11836	31105	49299	26413	5245	11072
1395726437.56	257420	116485	11836	31105	49299	26413	5245	11072
1395726438.56	257420	116485	11836	31105	49299	26413	5245	11072
1395726439.56	257420	116485	11836	31105	49299	26413	5245	11072
1395726440.56	257420	116485	11836	31105	49299	26413	5245	11072
1395726441.57	257420	116485	11836	31105	49299	26413	5245	11072
1395726442.57	257420	116485	11836	31105	49299	26413	5245	11072
1395726443.57	257420	116485	11836	31105	49299	26413	5245	11072
1395726444.57	257420	116485	11836	31105	49299	26413	5245	11072
