Apr 11, 2014 13:15:36	24	21	0
Apr 11, 2014 13:15:37	50	43	0
Apr 11, 2014 13:15:38	41	38	0
Apr 11, 2014 13:15:39	54	48	0
Apr 11, 2014 13:15:40	44	50	0
Apr 11, 2014 13:15:41	53	53	0
Apr 11, 2014 13:15:42	69	74	0
Apr 11, 2014 13:15:43	64	83	0
Apr 11, 2014 13:15:44	75	78	0
Apr 11, 2014 13:15:45	53	60	0
Apr 11, 2014 13:15:46	60	44	0
Apr 11, 2014 13:15:47	38	8	0
Apr 11, 2014 13:15:48	35	21	0
Apr 11, 2014 13:15:49	34	23	0
Apr 11, 2014 13:15:50	1	21	0
Apr 11, 2014 13:15:51	8	51	0
Apr 11, 2014 13:15:52	14	41	0
Apr 11, 2014 13:15:53	13	56	0
Apr 11, 2014 13:15:54	29	57	0
Apr 11, 2014 13:15:55	47	56	0
Apr 11, 2014 13:15:57	61	84	0
Apr 11, 2014 13:15:58	67	69	0
Apr 11, 2014 13:15:59	78	66	0
Apr 11, 2014 13:16:00	77	67	0
Apr 11, 2014 13:16:01	75	70	0
Apr 11, 2014 13:16:02	64	80	0
Apr 11, 2014 13:16:03	48	70	0
Apr 11, 2014 13:16:04	53	80	0
Apr 11, 2014 13:16:05	61	63	0
Apr 11, 2014 13:16:06	56	53	0
Apr 11, 2014 13:16:07	69	70	0
Apr 11, 2014 13:16:08	60	41	0
Apr 11, 2014 13:16:09	44	56	0
Apr 11, 2014 13:16:10	50	64	0
Apr 11, 2014 13:16:11	53	57	0
Apr 11, 2014 13:16:12	66	75	0
Apr 11, 2014 13:16:13	78	66	0
Apr 11, 2014 13:16:14	84	77	0
Apr 11, 2014 13:16:15	88	90	0
Apr 11, 2014 13:16:16	90	88	0
Apr 11, 2014 13:16:17	96	88	0
Apr 11, 2014 13:16:18	100	83	0
Apr 11, 2014 13:16:19	100	100	0
Apr 11, 2014 13:16:20	100	100	0
Apr 11, 2014 13:16:21	100	100	0
Apr 11, 2014 13:16:22	93	100	0
Apr 11, 2014 13:16:23	90	96	0
Apr 11, 2014 13:16:24	88	88	0
Apr 11, 2014 13:16:25	77	90	0
Apr 11, 2014 13:16:26	53	60	0
Apr 11, 2014 13:16:27	43	63	0
Apr 11, 2014 13:16:28	29	53	0
Apr 11, 2014 13:16:29	14	41	0
Apr 11, 2014 13:16:31	20	43	0
Apr 11, 2014 13:16:32	21	27	0
Apr 11, 2014 13:16:33	41	23	0
Apr 11, 2014 13:16:34	60	38	0
Apr 11, 2014 13:16:35	74	53	0
Apr 11, 2014 13:16:36	77	69	0
Apr 11, 2014 13:16:37	74	74	0
Apr 11, 2014 13:16:38	70	75	0
Apr 11, 2014 13:16:39	75	75	0
Apr 11, 2014 13:16:40	60	57	0
Apr 11, 2014 13:16:41	54	53	0
Apr 11, 2014 13:16:42	48	30	0
Apr 11, 2014 13:16:43	60	38	0
Apr 11, 2014 13:16:44	61	56	0
Apr 11, 2014 13:16:45	51	51	0
Apr 11, 2014 13:16:46	51	63	0
Apr 11, 2014 13:16:47	53	51	0
Apr 11, 2014 13:16:48	90	61	0
Apr 11, 2014 13:16:49	100	63	0
Apr 11, 2014 13:16:50	88	63	0
Apr 11, 2014 13:16:51	91	64	0
Apr 11, 2014 13:16:52	78	67	0
Apr 11, 2014 13:16:53	75	64	0
Apr 11, 2014 13:16:54	87	74	0
Apr 11, 2014 13:16:55	100	60	0
Apr 11, 2014 13:16:56	96	60	0
Apr 11, 2014 13:16:57	97	69	0
Apr 11, 2014 13:16:58	84	66	0
Apr 11, 2014 13:16:59	70	67	0
Apr 11, 2014 13:17:00	64	51	0
Apr 11, 2014 13:17:01	63	48	0
Apr 11, 2014 13:17:02	77	48	0
Apr 11, 2014 13:17:03	60	37	0
Apr 11, 2014 13:17:04	74	53	0
Apr 11, 2014 13:17:05	64	51	0
Apr 11, 2014 13:17:07	60	61	0
Apr 11, 2014 13:17:08	80	78	0
Apr 11, 2014 13:17:09	66	90	0
Apr 11, 2014 13:17:10	80	93	0
Apr 11, 2014 13:17:11	84	94	0
Apr 11, 2014 13:17:12	81	90	0
Apr 11, 2014 13:17:13	88	81	0
Apr 11, 2014 13:17:14	84	90	0
Apr 11, 2014 13:17:15	80	84	0
Apr 11, 2014 13:17:16	75	94	0
Apr 11, 2014 13:17:17	70	91	0
Apr 11, 2014 13:17:18	66	84	0
Apr 11, 2014 13:17:19	69	81	0
Apr 11, 2014 13:17:20	84	88	0
Apr 11, 2014 13:17:21	96	80	0
Apr 11, 2014 13:17:22	100	80	0
Apr 11, 2014 13:17:23	100	60	0
Apr 11, 2014 13:17:24	91	50	0
Apr 11, 2014 13:17:25	91	54	0
Apr 11, 2014 13:17:26	78	51	0
Apr 11, 2014 13:17:27	84	74	0
Apr 11, 2014 13:17:28	91	88	0
Apr 11, 2014 13:17:29	80	94	0
Apr 11, 2014 13:17:30	70	84	0
Apr 11, 2014 13:17:31	63	80	0
Apr 11, 2014 13:17:32	54	67	0
Apr 11, 2014 13:17:33	44	63	0
Apr 11, 2014 13:17:34	43	54	0
Apr 11, 2014 13:17:35	53	47	0
Apr 11, 2014 13:17:36	51	35	0
Apr 11, 2014 13:17:37	37	26	0
Apr 11, 2014 13:17:38	41	38	0
Apr 11, 2014 13:17:39	30	37	0
Apr 11, 2014 13:17:40	40	53	0
Apr 11, 2014 13:17:41	56	64	0
Apr 11, 2014 13:17:43	50	56	0
Apr 11, 2014 13:17:44	51	53	0
Apr 11, 2014 13:17:45	43	48	0
Apr 11, 2014 13:17:46	37	44	0
Apr 11, 2014 13:17:47	44	57	0
Apr 11, 2014 13:17:48	57	56	0
Apr 11, 2014 13:17:49	69	60	0
Apr 11, 2014 13:17:50	75	40	0
Apr 11, 2014 13:17:51	81	60	0
Apr 11, 2014 13:17:52	78	53	0
Apr 11, 2014 13:17:53	93	75	0
Apr 11, 2014 13:17:54	100	64	0
Apr 11, 2014 13:17:55	97	47	0
Apr 11, 2014 13:17:56	100	50	0
Apr 11, 2014 13:17:57	100	51	0
Apr 11, 2014 13:17:58	100	64	0
Apr 11, 2014 13:17:59	100	83	0
Apr 11, 2014 13:18:00	88	84	0
Apr 11, 2014 13:18:01	84	87	0
Apr 11, 2014 13:18:02	78	75	0
Apr 11, 2014 13:18:03	80	66	0
Apr 11, 2014 13:18:04	90	74	0
Apr 11, 2014 13:18:05	84	66	0
Apr 11, 2014 13:18:06	80	54	0
Apr 11, 2014 13:18:07	90	48	0
Apr 11, 2014 13:18:08	78	44	0
Apr 11, 2014 13:18:09	81	30	0
Apr 11, 2014 13:18:10	88	54	0
Apr 11, 2014 13:18:11	74	63	0
Apr 11, 2014 13:18:12	80	60	0
Apr 11, 2014 13:18:13	88	63	0
Apr 11, 2014 13:18:14	87	57	0
Apr 11, 2014 13:18:15	91	54	0
Apr 11, 2014 13:18:16	91	56	0
Apr 11, 2014 13:18:17	78	66	0
Apr 11, 2014 13:18:19	80	69	0
Apr 11, 2014 13:18:20	81	78	0
Apr 11, 2014 13:18:21	80	77	0
Apr 11, 2014 13:18:22	93	87	0
Apr 11, 2014 13:18:23	94	84	0
Apr 11, 2014 13:18:24	90	88	0
Apr 11, 2014 13:18:25	84	91	0
Apr 11, 2014 13:18:26	91	83	0
Apr 11, 2014 13:18:27	84	80	0
Apr 11, 2014 13:18:28	83	75	0
Apr 11, 2014 13:18:29	81	75	0
Apr 11, 2014 13:18:30	75	84	0
Apr 11, 2014 13:18:31	84	81	0
Apr 11, 2014 13:18:32	87	93	0
Apr 11, 2014 13:18:33	93	84	0
Apr 11, 2014 13:18:34	100	67	0
Apr 11, 2014 13:18:35	94	57	0
Apr 11, 2014 13:18:36	100	54	0
Apr 11, 2014 13:18:37	83	53	0
Apr 11, 2014 13:18:38	87	61	0
Apr 11, 2014 13:18:39	75	87	0
Apr 11, 2014 13:18:40	63	91	0
Apr 11, 2014 13:18:41	80	81	0
Apr 11, 2014 13:18:42	74	83	0
Apr 11, 2014 13:18:43	81	66	0
Apr 11, 2014 13:18:44	84	56	0
Apr 11, 2014 13:18:45	74	80	0
Apr 11, 2014 13:18:46	63	75	0
Apr 11, 2014 13:18:47	60	81	0
Apr 11, 2014 13:18:48	63	81	0
Apr 11, 2014 13:18:49	67	78	0
Apr 11, 2014 13:18:50	70	77	0
Apr 11, 2014 13:18:51	66	75	0
Apr 11, 2014 13:18:52	64	48	0
Apr 11, 2014 13:18:54	61	51	0
Apr 11, 2014 13:18:55	53	41	0
Apr 11, 2014 13:18:56	57	40	0
Apr 11, 2014 13:18:57	51	53	0
Apr 11, 2014 13:18:58	40	30	0
Apr 11, 2014 13:18:59	38	37	0
Apr 11, 2014 13:19:00	26	34	0
Apr 11, 2014 13:19:01	26	47	0
Apr 11, 2014 13:19:02	38	53	0
Apr 11, 2014 13:19:03	57	51	0
Apr 11, 2014 13:19:04	50	38	0
Apr 11, 2014 13:19:05	69	30	0
Apr 11, 2014 13:19:06	88	38	0
Apr 11, 2014 13:19:07	81	51	0
Apr 11, 2014 13:19:08	96	70	0
Apr 11, 2014 13:19:09	93	63	0
Apr 11, 2014 13:19:10	78	77	0
Apr 11, 2014 13:19:11	80	64	0
Apr 11, 2014 13:19:12	88	61	0
Apr 11, 2014 13:19:13	84	77	0
Apr 11, 2014 13:19:14	90	70	0
Apr 11, 2014 13:19:15	81	90	0
Apr 11, 2014 13:19:16	70	97	0
Apr 11, 2014 13:19:17	64	94	0
Apr 11, 2014 13:19:18	64	81	0
Apr 11, 2014 13:19:19	69	84	0
Apr 11, 2014 13:19:20	75	83	0
Apr 11, 2014 13:19:21	78	84	0
Apr 11, 2014 13:19:22	80	87	0
Apr 11, 2014 13:19:23	83	81	0
Apr 11, 2014 13:19:24	90	75	0
Apr 11, 2014 13:19:25	81	78	0
Apr 11, 2014 13:19:26	94	63	0
Apr 11, 2014 13:19:27	91	53	0
Apr 11, 2014 13:19:28	78	44	0
Apr 11, 2014 13:19:30	90	34	0
Apr 11, 2014 13:19:31	87	50	0
Apr 11, 2014 13:19:32	83	48	0
Apr 11, 2014 13:19:33	90	51	0
Apr 11, 2014 13:19:34	96	48	0
Apr 11, 2014 13:19:35	93	47	0
Apr 11, 2014 13:19:36	93	30	0
Apr 11, 2014 13:19:37	94	24	0
Apr 11, 2014 13:19:38	69	14	0
Apr 11, 2014 13:19:39	63	26	0
Apr 11, 2014 13:19:40	70	40	0
Apr 11, 2014 13:19:41	77	40	0
Apr 11, 2014 13:19:42	100	50	0
Apr 11, 2014 13:19:43	100	27	0
Apr 11, 2014 13:19:44	88	50	0
Apr 11, 2014 13:19:45	93	61	0
Apr 11, 2014 13:19:46	78	69	0
Apr 11, 2014 13:19:47	81	77	0
Apr 11, 2014 13:19:48	93	60	0
Apr 11, 2014 13:19:49	78	60	0
Apr 11, 2014 13:19:50	84	57	0
Apr 11, 2014 13:19:51	81	66	0
Apr 11, 2014 13:19:52	70	87	0
Apr 11, 2014 13:19:53	77	84	0
Apr 11, 2014 13:19:54	66	67	0
Apr 11, 2014 13:19:55	77	57	0
Apr 11, 2014 13:19:56	60	57	0
Apr 11, 2014 13:19:57	54	70	0
Apr 11, 2014 13:19:58	61	66	0
Apr 11, 2014 13:19:59	67	53	0
Apr 11, 2014 13:20:00	83	56	0
Apr 11, 2014 13:20:01	75	41	0
Apr 11, 2014 13:20:02	88	47	0
Apr 11, 2014 13:20:03	64	51	0
Apr 11, 2014 13:20:04	69	48	0
Apr 11, 2014 13:20:06	91	48	0
Apr 11, 2014 13:20:07	70	51	0
Apr 11, 2014 13:20:08	81	61	0
Apr 11, 2014 13:20:09	70	51	0
Apr 11, 2014 13:20:10	67	47	0
Apr 11, 2014 13:20:11	78	53	0
Apr 11, 2014 13:20:12	77	53	0
Apr 11, 2014 13:20:13	83	67	0
Apr 11, 2014 13:20:14	80	74	0
Apr 11, 2014 13:20:15	75	78	0
Apr 11, 2014 13:20:16	75	67	0
Apr 11, 2014 13:20:17	70	61	0
Apr 11, 2014 13:20:18	54	84	0
Apr 11, 2014 13:20:19	54	67	0
Apr 11, 2014 13:20:20	43	88	0
Apr 11, 2014 13:20:21	37	100	0
Apr 11, 2014 13:20:22	38	80	0
Apr 11, 2014 13:20:23	54	81	0
Apr 11, 2014 13:20:24	56	70	0
Apr 11, 2014 13:20:25	64	87	0
Apr 11, 2014 13:20:26	57	88	0
Apr 11, 2014 13:20:27	70	78	0
Apr 11, 2014 13:20:28	80	78	0
Apr 11, 2014 13:20:29	77	78	0
Apr 11, 2014 13:20:30	81	74	0
Apr 11, 2014 13:20:31	81	80	0
Apr 11, 2014 13:20:32	70	78	0
Apr 11, 2014 13:20:33	60	48	0
Apr 11, 2014 13:20:34	47	43	0
Apr 11, 2014 13:20:35	43	35	0
Apr 11, 2014 13:20:36	53	29	0
Apr 11, 2014 13:20:37	66	56	0
Apr 11, 2014 13:20:38	77	63	0
Apr 11, 2014 13:20:40	77	75	0
Apr 11, 2014 13:20:41	75	70	0
Apr 11, 2014 13:20:42	75	67	0
Apr 11, 2014 13:20:43	77	69	0
Apr 11, 2014 13:20:44	69	63	0
Apr 11, 2014 13:20:45	70	63	0
Apr 11, 2014 13:20:46	69	69	0
Apr 11, 2014 13:20:47	70	75	0
Apr 11, 2014 13:20:48	66	69	0
Apr 11, 2014 13:20:49	67	78	0
Apr 11, 2014 13:20:50	63	69	0
Apr 11, 2014 13:20:51	61	69	0
Apr 11, 2014 13:20:52	66	56	0
Apr 11, 2014 13:20:53	60	57	0
Apr 11, 2014 13:20:54	48	53	0
Apr 11, 2014 13:20:55	51	51	0
Apr 11, 2014 13:20:56	50	40	0
Apr 11, 2014 13:20:57	50	51	0
Apr 11, 2014 13:20:58	70	56	0
Apr 11, 2014 13:20:59	75	77	0
Apr 11, 2014 13:21:00	80	70	0
Apr 11, 2014 13:21:01	81	70	0
Apr 11, 2014 13:21:02	70	69	0
Apr 11, 2014 13:21:03	63	67	0
Apr 11, 2014 13:21:04	50	69	0
Apr 11, 2014 13:21:05	51	57	0
Apr 11, 2014 13:21:06	50	51	0
Apr 11, 2014 13:21:07	56	40	0
Apr 11, 2014 13:21:08	70	38	0
Apr 11, 2014 13:21:09	70	47	0
Apr 11, 2014 13:21:10	56	57	0
Apr 11, 2014 13:21:11	34	54	0
Apr 11, 2014 13:21:13	26	66	0
Apr 11, 2014 13:21:14	30	70	0
Apr 11, 2014 13:21:15	44	74	0
Apr 11, 2014 13:21:16	66	100	0
Apr 11, 2014 13:21:17	75	100	0
Apr 11, 2014 13:21:18	83	94	0
Apr 11, 2014 13:21:19	87	94	0
Apr 11, 2014 13:21:20	91	81	0
Apr 11, 2014 13:21:21	78	94	0
Apr 11, 2014 13:21:22	74	83	0
Apr 11, 2014 13:21:23	70	70	0
Apr 11, 2014 13:21:24	77	75	0
Apr 11, 2014 13:21:25	70	70	0
Apr 11, 2014 13:21:26	75	81	0
Apr 11, 2014 13:21:27	77	84	0
Apr 11, 2014 13:21:28	78	81	0
Apr 11, 2014 13:21:29	77	81	0
Apr 11, 2014 13:21:30	75	69	0
Apr 11, 2014 13:21:31	63	70	0
Apr 11, 2014 13:21:32	60	61	0
Apr 11, 2014 13:21:33	69	48	0
Apr 11, 2014 13:21:34	67	48	0
Apr 11, 2014 13:21:35	78	51	0
Apr 11, 2014 13:21:36	80	50	0
Apr 11, 2014 13:21:37	77	57	0
Apr 11, 2014 13:21:38	81	64	0
Apr 11, 2014 13:21:39	88	69	0
Apr 11, 2014 13:21:40	97	64	0
Apr 11, 2014 13:21:41	100	64	0
Apr 11, 2014 13:21:42	100	61	0
Apr 11, 2014 13:21:43	93	67	0
Apr 11, 2014 13:21:45	78	74	0
Apr 11, 2014 13:21:46	66	69	0
Apr 11, 2014 13:21:47	69	53	0
Apr 11, 2014 13:21:48	78	40	0
Apr 11, 2014 13:21:49	81	43	0
Apr 11, 2014 13:21:50	77	78	0
Apr 11, 2014 13:21:51	61	88	0
Apr 11, 2014 13:21:52	53	74	0
Apr 11, 2014 13:21:53	53	77	0
Apr 11, 2014 13:21:54	50	63	0
Apr 11, 2014 13:21:55	51	53	0
Apr 11, 2014 13:21:56	51	60	0
Apr 11, 2014 13:21:57	48	44	0
Apr 11, 2014 13:21:58	53	44	0
Apr 11, 2014 13:21:59	53	26	0
Apr 11, 2014 13:22:00	53	34	0
Apr 11, 2014 13:22:01	60	43	0
Apr 11, 2014 13:22:02	54	56	0
Apr 11, 2014 13:22:03	57	64	0
Apr 11, 2014 13:22:04	61	70	0
Apr 11, 2014 13:22:05	51	48	0
Apr 11, 2014 13:22:06	43	37	0
Apr 11, 2014 13:22:07	37	43	0
Apr 11, 2014 13:22:08	30	20	0
Apr 11, 2014 13:22:09	34	44	0
Apr 11, 2014 13:22:10	29	51	0
Apr 11, 2014 13:22:11	44	56	0
Apr 11, 2014 13:22:12	54	67	0
Apr 11, 2014 13:22:13	61	60	0
Apr 11, 2014 13:22:14	81	67	0
Apr 11, 2014 13:22:15	64	70	0
Apr 11, 2014 13:22:16	69	70	0
Apr 11, 2014 13:22:18	66	77	0
Apr 11, 2014 13:22:19	83	69	0
Apr 11, 2014 13:22:20	75	67	0
Apr 11, 2014 13:22:21	70	63	0
Apr 11, 2014 13:22:22	66	63	0
Apr 11, 2014 13:22:23	56	56	0
Apr 11, 2014 13:22:24	67	63	0
Apr 11, 2014 13:22:25	67	61	0
Apr 11, 2014 13:22:26	63	61	0
Apr 11, 2014 13:22:27	60	67	0
Apr 11, 2014 13:22:28	50	70	0
Apr 11, 2014 13:22:29	61	67	0
Apr 11, 2014 13:22:30	77	75	0
Apr 11, 2014 13:22:31	84	80	0
Apr 11, 2014 13:22:32	83	78	0
Apr 11, 2014 13:22:33	84	81	0
Apr 11, 2014 13:22:34	88	80	0
Apr 11, 2014 13:22:35	80	78	0
Apr 11, 2014 13:22:36	88	77	0
Apr 11, 2014 13:22:37	80	77	0
Apr 11, 2014 13:22:38	74	81	0
Apr 11, 2014 13:22:39	78	90	0
Apr 11, 2014 13:22:40	67	83	0
Apr 11, 2014 13:22:41	66	80	0
Apr 11, 2014 13:22:42	57	80	0
Apr 11, 2014 13:22:43	60	61	0
Apr 11, 2014 13:22:44	70	60	0
Apr 11, 2014 13:22:45	53	47	0
Apr 11, 2014 13:22:46	70	37	0
Apr 11, 2014 13:22:47	50	30	0
Apr 11, 2014 13:22:48	64	50	0
Apr 11, 2014 13:22:49	51	50	0
Apr 11, 2014 13:22:51	34	56	0
Apr 11, 2014 13:22:52	43	69	0
Apr 11, 2014 13:22:53	51	66	0
Apr 11, 2014 13:22:54	51	63	0
Apr 11, 2014 13:22:55	69	61	0
Apr 11, 2014 13:22:56	70	63	0
Apr 11, 2014 13:22:57	56	53	0
Apr 11, 2014 13:22:58	64	51	0
Apr 11, 2014 13:22:59	60	63	0
Apr 11, 2014 13:23:00	70	63	0
Apr 11, 2014 13:23:01	70	87	0
Apr 11, 2014 13:23:02	64	93	0
Apr 11, 2014 13:23:03	69	75	0
Apr 11, 2014 13:23:04	69	77	0
Apr 11, 2014 13:23:05	77	70	0
Apr 11, 2014 13:23:06	69	64	0
Apr 11, 2014 13:23:07	70	67	0
Apr 11, 2014 13:23:08	74	70	0
Apr 11, 2014 13:23:09	74	69	0
Apr 11, 2014 13:23:10	80	64	0
Apr 11, 2014 13:23:11	74	64	0
Apr 11, 2014 13:23:12	75	53	0
Apr 11, 2014 13:23:13	69	66	0
Apr 11, 2014 13:23:14	63	70	0
Apr 11, 2014 13:23:15	56	88	0
Apr 11, 2014 13:23:16	66	66	0
Apr 11, 2014 13:23:17	63	78	0
Apr 11, 2014 13:23:18	70	74	0
Apr 11, 2014 13:23:19	77	81	0
Apr 11, 2014 13:23:20	78	93	0
Apr 11, 2014 13:23:21	87	97	0
Apr 11, 2014 13:23:22	69	96	0
Apr 11, 2014 13:23:24	61	69	0
Apr 11, 2014 13:23:25	66	61	0
Apr 11, 2014 13:23:26	67	50	0
Apr 11, 2014 13:23:27	83	60	0
Apr 11, 2014 13:23:28	94	80	0
Apr 11, 2014 13:23:29	100	77	0
Apr 11, 2014 13:23:30	93	80	0
Apr 11, 2014 13:23:31	90	54	0
Apr 11, 2014 13:23:32	81	44	0
Apr 11, 2014 13:23:33	61	57	0
Apr 11, 2014 13:23:34	75	64	0
Apr 11, 2014 13:23:35	54	69	0
Apr 11, 2014 13:23:36	50	69	0
Apr 11, 2014 13:23:37	57	60	0
Apr 11, 2014 13:23:38	48	53	0
Apr 11, 2014 13:23:39	67	70	0
Apr 11, 2014 13:23:40	78	77	0
Apr 11, 2014 13:23:41	80	83	0
Apr 11, 2014 13:23:42	64	60	0
Apr 11, 2014 13:23:43	70	56	0
Apr 11, 2014 13:23:44	48	53	0
Apr 11, 2014 13:23:45	57	78	0
Apr 11, 2014 13:23:46	47	77	0
Apr 11, 2014 13:23:47	48	67	0
Apr 11, 2014 13:23:48	67	75	0
Apr 11, 2014 13:23:49	70	75	0
Apr 11, 2014 13:23:50	78	69	0
Apr 11, 2014 13:23:51	67	80	0
Apr 11, 2014 13:23:52	54	77	0
Apr 11, 2014 13:23:53	47	80	0
Apr 11, 2014 13:23:54	34	87	0
Apr 11, 2014 13:23:55	40	88	0
Apr 11, 2014 13:23:57	47	81	0
Apr 11, 2014 13:23:58	61	78	0
Apr 11, 2014 13:23:59	70	69	0
Apr 11, 2014 13:24:00	80	63	0
Apr 11, 2014 13:24:01	81	75	0
Apr 11, 2014 13:24:02	78	80	0
Apr 11, 2014 13:24:03	78	84	0
Apr 11, 2014 13:24:04	75	81	0
Apr 11, 2014 13:24:05	61	83	0
Apr 11, 2014 13:24:06	56	81	0
Apr 11, 2014 13:24:07	56	80	0
Apr 11, 2014 13:24:08	57	83	0
Apr 11, 2014 13:24:09	51	75	0
Apr 11, 2014 13:24:10	37	70	0
Apr 11, 2014 13:24:11	24	63	0
Apr 11, 2014 13:24:12	37	57	0
Apr 11, 2014 13:24:13	60	66	0
Apr 11, 2014 13:24:14	75	77	0
Apr 11, 2014 13:24:15	56	77	0
Apr 11, 2014 13:24:16	56	77	0
Apr 11, 2014 13:24:17	57	66	0
Apr 11, 2014 13:24:18	60	54	0
Apr 11, 2014 13:24:19	54	44	0
Apr 11, 2014 13:24:20	64	51	0
Apr 11, 2014 13:24:21	66	47	0
Apr 11, 2014 13:24:22	50	41	0
Apr 11, 2014 13:24:23	44	48	0
Apr 11, 2014 13:24:24	40	50	0
Apr 11, 2014 13:24:25	47	41	0
Apr 11, 2014 13:24:26	57	54	0
Apr 11, 2014 13:24:27	70	56	0
Apr 11, 2014 13:24:28	70	60	0
Apr 11, 2014 13:24:30	60	64	0
Apr 11, 2014 13:24:31	61	60	0
Apr 11, 2014 13:24:32	56	60	0
Apr 11, 2014 13:24:33	44	44	0
Apr 11, 2014 13:24:34	41	38	0
Apr 11, 2014 13:24:35	37	37	0
Apr 11, 2014 13:24:36	30	34	0
Apr 11, 2014 13:24:37	30	34	0
Apr 11, 2014 13:24:38	48	54	0
Apr 11, 2014 13:24:39	44	63	0
Apr 11, 2014 13:24:40	51	66	0
Apr 11, 2014 13:24:41	35	69	0
Apr 11, 2014 13:24:42	34	54	0
Apr 11, 2014 13:24:43	43	30	0
Apr 11, 2014 13:24:44	43	30	26
Apr 11, 2014 13:24:45	54	40	0
Apr 11, 2014 13:24:46	47	43	0
Apr 11, 2014 13:24:47	30	44	0
Apr 11, 2014 13:24:48	16	43	0
Apr 11, 2014 13:24:49	21	37	0
Apr 11, 2014 13:24:50	29	38	0
Apr 11, 2014 13:24:51	38	44	0
Apr 11, 2014 13:24:52	53	54	0
Apr 11, 2014 13:24:53	51	44	0
Apr 11, 2014 13:24:54	38	44	0
Apr 11, 2014 13:24:55	20	40	0
Apr 11, 2014 13:24:56	8	41	0
Apr 11, 2014 13:24:57	7	41	0
Apr 11, 2014 13:24:58	3	29	0
Apr 11, 2014 13:24:59	21	35	0
Apr 11, 2014 13:25:00	30	30	0
Apr 11, 2014 13:25:01	35	41	0
Apr 11, 2014 13:25:02	47	51	0
Apr 11, 2014 13:25:03	44	41	0
Apr 11, 2014 13:25:05	50	48	0
Apr 11, 2014 13:25:06	54	37	0
Apr 11, 2014 13:25:07	57	34	0
Apr 11, 2014 13:25:08	64	41	0
Apr 11, 2014 13:25:09	63	40	0
Apr 11, 2014 13:25:10	57	50	0
Apr 11, 2014 13:25:11	66	57	0
Apr 11, 2014 13:25:12	77	57	0
Apr 11, 2014 13:25:13	93	54	0
Apr 11, 2014 13:25:14	91	48	0
Apr 11, 2014 13:25:15	83	38	0
Apr 11, 2014 13:25:16	77	37	0
Apr 11, 2014 13:25:17	57	35	0
Apr 11, 2014 13:25:18	50	43	0
Apr 11, 2014 13:25:19	54	48	0
Apr 11, 2014 13:25:20	60	53	0
Apr 11, 2014 13:25:21	63	63	0
Apr 11, 2014 13:25:22	57	57	0
Apr 11, 2014 13:25:23	56	64	0
Apr 11, 2014 13:25:24	50	54	0
Apr 11, 2014 13:25:25	44	50	0
Apr 11, 2014 13:25:26	56	50	0
Apr 11, 2014 13:25:27	44	54	0
Apr 11, 2014 13:25:28	30	51	0
Apr 11, 2014 13:25:29	41	51	0
Apr 11, 2014 13:25:30	34	44	0
Apr 11, 2014 13:25:31	47	41	0
Apr 11, 2014 13:25:32	53	54	0
Apr 11, 2014 13:25:33	53	41	0
Apr 11, 2014 13:25:34	56	47	0
Apr 11, 2014 13:25:35	50	43	0
Apr 11, 2014 13:25:36	54	43	0
Apr 11, 2014 13:25:38	54	56	0
Apr 11, 2014 13:25:39	61	53	0
Apr 11, 2014 13:25:40	77	51	0
Apr 11, 2014 13:25:41	96	44	0
Apr 11, 2014 13:25:42	97	43	0
Apr 11, 2014 13:25:43	87	35	0
Apr 11, 2014 13:25:44	78	44	0
Apr 11, 2014 13:25:45	70	44	0
Apr 11, 2014 13:25:46	77	47	0
Apr 11, 2014 13:25:47	63	66	0
Apr 11, 2014 13:25:48	57	70	0
Apr 11, 2014 13:25:49	56	48	0
Apr 11, 2014 13:25:50	47	40	0
Apr 11, 2014 13:25:51	37	27	0
Apr 11, 2014 13:25:52	40	4	0
Apr 11, 2014 13:25:53	44	21	0
Apr 11, 2014 13:25:54	56	23	0
Apr 11, 2014 13:25:55	54	38	0
Apr 11, 2014 13:25:56	47	56	0
Apr 11, 2014 13:25:57	48	61	0
Apr 11, 2014 13:25:58	38	67	0
Apr 11, 2014 13:25:59	50	64	0
Apr 11, 2014 13:26:00	57	61	0
Apr 11, 2014 13:26:01	56	64	0
Apr 11, 2014 13:26:02	64	64	0
Apr 11, 2014 13:26:03	61	60	0
Apr 11, 2014 13:26:04	48	53	0
Apr 11, 2014 13:26:05	34	48	0
Apr 11, 2014 13:26:06	17	43	0
Apr 11, 2014 13:26:07	23	43	0
Apr 11, 2014 13:26:08	35	57	0
Apr 11, 2014 13:26:09	44	50	0
Apr 11, 2014 13:26:10	57	53	0
Apr 11, 2014 13:26:11	56	60	0
Apr 11, 2014 13:26:13	61	53	0
Apr 11, 2014 13:26:14	67	56	0
Apr 11, 2014 13:26:15	61	50	0
Apr 11, 2014 13:26:16	56	53	0
Apr 11, 2014 13:26:17	37	56	0
Apr 11, 2014 13:26:18	13	50	0
Apr 11, 2014 13:26:19	7	43	0
Apr 11, 2014 13:26:20	3	50	0
Apr 11, 2014 13:26:21	16	40	0
Apr 11, 2014 13:26:22	34	43	0
Apr 11, 2014 13:26:23	40	47	0
Apr 11, 2014 13:26:24	37	43	0
Apr 11, 2014 13:26:25	37	57	0
Apr 11, 2014 13:26:26	24	54	0
Apr 11, 2014 13:26:27	34	63	0
Apr 11, 2014 13:26:28	53	64	0
Apr 11, 2014 13:26:29	57	57	0
Apr 11, 2014 13:26:30	61	67	0
Apr 11, 2014 13:26:31	60	63	0
Apr 11, 2014 13:26:32	56	61	0
Apr 11, 2014 13:26:33	51	57	0
Apr 11, 2014 13:26:34	53	51	0
Apr 11, 2014 13:26:35	61	51	0
Apr 11, 2014 13:26:36	57	41	0
Apr 11, 2014 13:26:37	47	50	0
Apr 11, 2014 13:26:38	41	60	0
Apr 11, 2014 13:26:39	34	61	0
Apr 11, 2014 13:26:40	38	69	0
Apr 11, 2014 13:26:41	50	61	0
Apr 11, 2014 13:26:42	63	54	0
Apr 11, 2014 13:26:43	61	53	0
Apr 11, 2014 13:26:44	40	44	0
Apr 11, 2014 13:26:45	40	48	0
Apr 11, 2014 13:26:46	37	48	0
Apr 11, 2014 13:26:48	37	44	0
Apr 11, 2014 13:26:49	64	53	0
Apr 11, 2014 13:26:50	69	47	0
Apr 11, 2014 13:26:51	81	50	0
Apr 11, 2014 13:26:52	74	44	0
Apr 11, 2014 13:26:53	67	51	0
Apr 11, 2014 13:26:54	60	48	0
Apr 11, 2014 13:26:55	53	47	0
Apr 11, 2014 13:26:56	56	60	0
Apr 11, 2014 13:26:57	56	53	0
Apr 11, 2014 13:26:58	54	54	0
Apr 11, 2014 13:26:59	54	47	0
Apr 11, 2014 13:27:00	56	47	0
Apr 11, 2014 13:27:01	56	53	0
Apr 11, 2014 13:27:02	56	57	0
Apr 11, 2014 13:27:03	60	63	0
Apr 11, 2014 13:27:04	63	63	0
Apr 11, 2014 13:27:05	74	56	0
Apr 11, 2014 13:27:06	74	51	0
Apr 11, 2014 13:27:07	77	53	0
Apr 11, 2014 13:27:08	87	56	0
Apr 11, 2014 13:27:09	75	67	0
Apr 11, 2014 13:27:10	77	75	0
Apr 11, 2014 13:27:11	67	64	0
Apr 11, 2014 13:27:12	57	61	0
Apr 11, 2014 13:27:13	57	48	0
Apr 11, 2014 13:27:14	64	50	0
Apr 11, 2014 13:27:15	64	50	0
Apr 11, 2014 13:27:16	60	51	0
Apr 11, 2014 13:27:17	53	41	0
Apr 11, 2014 13:27:18	40	53	0
Apr 11, 2014 13:27:19	38	57	0
Apr 11, 2014 13:27:20	41	60	0
Apr 11, 2014 13:27:21	43	70	0
Apr 11, 2014 13:27:23	41	66	0
Apr 11, 2014 13:27:24	43	56	0
Apr 11, 2014 13:27:25	53	56	0
Apr 11, 2014 13:27:26	61	57	0
Apr 11, 2014 13:27:27	66	60	0
Apr 11, 2014 13:27:28	61	61	0
Apr 11, 2014 13:27:29	57	61	0
Apr 11, 2014 13:27:30	60	63	0
Apr 11, 2014 13:27:31	67	61	0
Apr 11, 2014 13:27:32	80	51	0
Apr 11, 2014 13:27:33	69	51	0
Apr 11, 2014 13:27:34	70	56	0
Apr 11, 2014 13:27:35	64	57	0
Apr 11, 2014 13:27:36	63	67	0
Apr 11, 2014 13:27:37	74	69	0
Apr 11, 2014 13:27:38	66	69	0
Apr 11, 2014 13:27:39	57	69	0
Apr 11, 2014 13:27:40	53	61	0
Apr 11, 2014 13:27:41	44	61	0
Apr 11, 2014 13:27:42	37	61	0
Apr 11, 2014 13:27:43	44	61	0
Apr 11, 2014 13:27:44	54	57	0
Apr 11, 2014 13:27:45	47	44	0
Apr 11, 2014 13:27:46	56	44	0
Apr 11, 2014 13:27:47	54	47	0
Apr 11, 2014 13:27:48	47	48	0
Apr 11, 2014 13:27:49	48	44	0
Apr 11, 2014 13:27:50	51	44	0
Apr 11, 2014 13:27:51	51	43	0
Apr 11, 2014 13:27:52	51	43	0
Apr 11, 2014 13:27:53	63	66	0
Apr 11, 2014 13:27:54	50	63	0
Apr 11, 2014 13:27:55	50	63	0
Apr 11, 2014 13:27:56	44	63	0
Apr 11, 2014 13:27:58	56	48	0
Apr 11, 2014 13:27:59	63	51	0
Apr 11, 2014 13:28:00	83	44	0
Apr 11, 2014 13:28:01	77	44	0
Apr 11, 2014 13:28:02	63	47	0
Apr 11, 2014 13:28:03	57	48	0
Apr 11, 2014 13:28:04	44	51	0
Apr 11, 2014 13:28:05	48	57	0
Apr 11, 2014 13:28:06	57	56	0
Apr 11, 2014 13:28:07	57	57	0
Apr 11, 2014 13:28:08	51	53	0
Apr 11, 2014 13:28:09	41	53	0
Apr 11, 2014 13:28:10	41	61	0
Apr 11, 2014 13:28:11	48	64	0
Apr 11, 2014 13:28:12	60	70	0
Apr 11, 2014 13:28:13	60	66	0
Apr 11, 2014 13:28:14	47	43	0
Apr 11, 2014 13:28:15	43	47	0
Apr 11, 2014 13:28:16	51	43	0
Apr 11, 2014 13:28:17	54	51	0
Apr 11, 2014 13:28:18	53	51	0
Apr 11, 2014 13:28:19	50	47	0
Apr 11, 2014 13:28:20	61	41	0
Apr 11, 2014 13:28:21	74	47	0
Apr 11, 2014 13:28:22	67	37	0
Apr 11, 2014 13:28:23	74	43	0
Apr 11, 2014 13:28:24	64	50	0
Apr 11, 2014 13:28:25	64	51	0
Apr 11, 2014 13:28:26	54	41	0
Apr 11, 2014 13:28:27	54	34	0
Apr 11, 2014 13:28:28	50	20	0
Apr 11, 2014 13:28:29	43	23	0
Apr 11, 2014 13:28:30	64	43	0
Apr 11, 2014 13:28:31	57	47	0
Apr 11, 2014 13:28:32	57	60	0
Apr 11, 2014 13:28:34	69	53	0
Apr 11, 2014 13:28:35	74	53	0
Apr 11, 2014 13:28:36	74	53	0
Apr 11, 2014 13:28:37	88	57	0
Apr 11, 2014 13:28:38	75	60	0
Apr 11, 2014 13:28:39	60	66	0
Apr 11, 2014 13:28:40	74	64	0
Apr 11, 2014 13:28:41	61	61	0
Apr 11, 2014 13:28:42	61	67	0
Apr 11, 2014 13:28:43	64	66	0
Apr 11, 2014 13:28:44	50	64	0
Apr 11, 2014 13:28:45	63	53	0
Apr 11, 2014 13:28:46	67	38	0
Apr 11, 2014 13:28:47	77	47	0
Apr 11, 2014 13:28:48	75	57	0
Apr 11, 2014 13:28:49	66	63	0
Apr 11, 2014 13:28:50	53	60	0
Apr 11, 2014 13:28:51	44	47	0
Apr 11, 2014 13:28:52	48	35	0
Apr 11, 2014 13:28:53	50	38	0
Apr 11, 2014 13:28:54	63	41	0
Apr 11, 2014 13:28:55	61	54	0
Apr 11, 2014 13:28:56	64	63	0
Apr 11, 2014 13:28:57	61	48	0
Apr 11, 2014 13:28:58	57	51	0
Apr 11, 2014 13:28:59	60	53	0
Apr 11, 2014 13:29:00	51	47	0
Apr 11, 2014 13:29:01	57	54	0
Apr 11, 2014 13:29:02	57	51	0
Apr 11, 2014 13:29:03	60	53	0
Apr 11, 2014 13:29:04	66	60	0
Apr 11, 2014 13:29:05	70	56	0
Apr 11, 2014 13:29:06	81	54	0
Apr 11, 2014 13:29:07	94	47	0
Apr 11, 2014 13:29:09	100	43	0
Apr 11, 2014 13:29:10	84	57	0
Apr 11, 2014 13:29:11	80	67	0
Apr 11, 2014 13:29:12	74	70	0
Apr 11, 2014 13:29:13	64	57	0
Apr 11, 2014 13:29:14	64	53	0
Apr 11, 2014 13:29:15	43	66	0
Apr 11, 2014 13:29:16	48	75	0
Apr 11, 2014 13:29:17	61	63	0
Apr 11, 2014 13:29:18	60	54	0
Apr 11, 2014 13:29:19	56	47	0
Apr 11, 2014 13:29:20	61	53	0
Apr 11, 2014 13:29:21	63	54	0
Apr 11, 2014 13:29:22	67	54	0
Apr 11, 2014 13:29:23	74	56	0
Apr 11, 2014 13:29:24	64	57	0
Apr 11, 2014 13:29:25	48	69	0
Apr 11, 2014 13:29:26	44	69	0
Apr 11, 2014 13:29:27	44	69	0
Apr 11, 2014 13:29:28	47	63	0
Apr 11, 2014 13:29:29	44	48	0
Apr 11, 2014 13:29:30	40	44	0
Apr 11, 2014 13:29:31	43	53	0
Apr 11, 2014 13:29:32	41	56	0
Apr 11, 2014 13:29:33	44	66	0
Apr 11, 2014 13:29:34	53	63	0
Apr 11, 2014 13:29:35	50	44	0
Apr 11, 2014 13:29:36	63	40	0
Apr 11, 2014 13:29:37	64	38	0
Apr 11, 2014 13:29:38	57	43	0
Apr 11, 2014 13:29:39	57	41	0
Apr 11, 2014 13:29:40	48	43	0
Apr 11, 2014 13:29:41	53	43	0
Apr 11, 2014 13:29:42	50	40	0
Apr 11, 2014 13:29:44	40	35	0
Apr 11, 2014 13:29:45	27	14	0
Apr 11, 2014 13:29:46	27	13	0
Apr 11, 2014 13:29:47	30	3	0
Apr 11, 2014 13:29:48	35	7	0
Apr 11, 2014 13:29:49	43	20	0
Apr 11, 2014 13:29:50	57	17	0
Apr 11, 2014 13:29:51	64	38	0
Apr 11, 2014 13:29:52	57	21	0
Apr 11, 2014 13:29:53	60	23	0
Apr 11, 2014 13:29:54	51	40	0
Apr 11, 2014 13:29:55	47	41	0
Apr 11, 2014 13:29:56	41	54	0
Apr 11, 2014 13:29:57	30	56	0
Apr 11, 2014 13:29:58	44	53	0
Apr 11, 2014 13:29:59	50	48	0
Apr 11, 2014 13:30:00	61	47	0
Apr 11, 2014 13:30:01	69	41	0
Apr 11, 2014 13:30:02	60	27	0
Apr 11, 2014 13:30:03	56	21	0
Apr 11, 2014 13:30:04	69	24	0
Apr 11, 2014 13:30:05	63	21	0
Apr 11, 2014 13:30:06	74	26	0
Apr 11, 2014 13:30:07	84	35	0
Apr 11, 2014 13:30:08	81	41	0
Apr 11, 2014 13:30:09	87	54	0
Apr 11, 2014 13:30:10	67	47	0
Apr 11, 2014 13:30:11	60	47	0
Apr 11, 2014 13:30:12	56	44	0
Apr 11, 2014 13:30:13	54	34	0
Apr 11, 2014 13:30:14	83	53	0
Apr 11, 2014 13:30:15	78	60	0
Apr 11, 2014 13:30:17	84	64	0
Apr 11, 2014 13:30:18	81	60	0
Apr 11, 2014 13:30:19	70	60	0
Apr 11, 2014 13:30:20	66	57	0
Apr 11, 2014 13:30:21	61	53	0
Apr 11, 2014 13:30:22	54	48	0
Apr 11, 2014 13:30:23	51	53	0
Apr 11, 2014 13:30:24	66	40	0
Apr 11, 2014 13:30:25	67	44	0
Apr 11, 2014 13:30:26	83	54	0
Apr 11, 2014 13:30:27	87	50	0
Apr 11, 2014 13:30:28	66	51	0
Apr 11, 2014 13:30:29	74	57	0
Apr 11, 2014 13:30:30	56	51	0
Apr 11, 2014 13:30:31	67	48	0
Apr 11, 2014 13:30:32	81	60	0
Apr 11, 2014 13:30:33	78	57	0
Apr 11, 2014 13:30:34	78	60	0
Apr 11, 2014 13:30:35	63	63	0
Apr 11, 2014 13:30:36	63	61	0
Apr 11, 2014 13:30:37	60	60	0
Apr 11, 2014 13:30:38	61	48	0
Apr 11, 2014 13:30:39	47	43	0
Apr 11, 2014 13:30:40	48	29	0
Apr 11, 2014 13:30:41	47	30	0
Apr 11, 2014 13:30:42	74	30	0
Apr 11, 2014 13:30:43	66	47	0
Apr 11, 2014 13:30:44	67	40	0
Apr 11, 2014 13:30:45	81	34	0
Apr 11, 2014 13:30:46	67	56	0
Apr 11, 2014 13:30:47	69	48	0
Apr 11, 2014 13:30:48	70	47	0
Apr 11, 2014 13:30:50	57	54	0
Apr 11, 2014 13:30:51	60	50	0
Apr 11, 2014 13:30:52	50	34	0
Apr 11, 2014 13:30:53	34	23	0
Apr 11, 2014 13:30:54	44	17	0
Apr 11, 2014 13:30:55	54	13	0
Apr 11, 2014 13:30:56	61	24	0
Apr 11, 2014 13:30:57	66	40	0
Apr 11, 2014 13:30:58	70	44	0
Apr 11, 2014 13:30:59	53	53	0
Apr 11, 2014 13:31:00	57	70	0
Apr 11, 2014 13:31:01	64	63	0
Apr 11, 2014 13:31:02	53	69	0
Apr 11, 2014 13:31:03	64	67	0
Apr 11, 2014 13:31:04	57	56	0
Apr 11, 2014 13:31:05	66	60	0
Apr 11, 2014 13:31:06	57	57	0
Apr 11, 2014 13:31:07	57	40	0
Apr 11, 2014 13:31:08	57	41	0
Apr 11, 2014 13:31:09	54	53	0
Apr 11, 2014 13:31:10	64	53	0
Apr 11, 2014 13:31:11	56	64	0
Apr 11, 2014 13:31:12	48	61	0
Apr 11, 2014 13:31:13	48	63	0
Apr 11, 2014 13:31:14	48	63	0
Apr 11, 2014 13:31:15	40	66	0
Apr 11, 2014 13:31:16	30	63	0
Apr 11, 2014 13:31:17	24	47	0
Apr 11, 2014 13:31:18	35	48	0
Apr 11, 2014 13:31:19	44	44	0
Apr 11, 2014 13:31:20	47	50	0
Apr 11, 2014 13:31:21	47	60	0
Apr 11, 2014 13:31:23	44	53	0
Apr 11, 2014 13:31:24	41	57	0
Apr 11, 2014 13:31:25	60	41	0
Apr 11, 2014 13:31:26	66	38	0
Apr 11, 2014 13:31:27	63	34	0
Apr 11, 2014 13:31:28	64	27	0
Apr 11, 2014 13:31:29	60	41	0
Apr 11, 2014 13:31:30	54	53	0
Apr 11, 2014 13:31:31	66	51	0
Apr 11, 2014 13:31:32	75	61	0
Apr 11, 2014 13:31:33	80	57	0
Apr 11, 2014 13:31:34	93	48	0
Apr 11, 2014 13:31:35	91	57	0
Apr 11, 2014 13:31:36	88	63	0
Apr 11, 2014 13:31:37	75	57	0
Apr 11, 2014 13:31:38	67	53	0
Apr 11, 2014 13:31:39	67	47	0
Apr 11, 2014 13:31:40	51	24	0
Apr 11, 2014 13:31:41	43	29	0
Apr 11, 2014 13:31:42	51	30	0
Apr 11, 2014 13:31:43	80	40	0
Apr 11, 2014 13:31:44	84	54	0
Apr 11, 2014 13:31:45	100	51	0
Apr 11, 2014 13:31:46	90	48	0
Apr 11, 2014 13:31:47	83	51	0
Apr 11, 2014 13:31:48	75	38	0
Apr 11, 2014 13:31:49	69	51	0
Apr 11, 2014 13:31:50	56	54	0
Apr 11, 2014 13:31:51	26	47	0
Apr 11, 2014 13:31:52	26	47	0
Apr 11, 2014 13:31:53	16	29	0
Apr 11, 2014 13:31:54	27	35	0
Apr 11, 2014 13:31:55	35	48	0
Apr 11, 2014 13:31:56	47	38	0
Apr 11, 2014 13:31:58	47	47	0
Apr 11, 2014 13:31:59	40	30	0
Apr 11, 2014 13:32:00	57	27	0
Apr 11, 2014 13:32:01	54	47	0
Apr 11, 2014 13:32:02	53	41	0
Apr 11, 2014 13:32:03	66	53	0
Apr 11, 2014 13:32:04	60	50	0
Apr 11, 2014 13:32:05	57	27	0
Apr 11, 2014 13:32:06	66	37	0
Apr 11, 2014 13:32:07	69	37	0
Apr 11, 2014 13:32:08	67	35	0
Apr 11, 2014 13:32:09	74	48	0
Apr 11, 2014 13:32:10	66	41	0
Apr 11, 2014 13:32:11	63	37	0
Apr 11, 2014 13:32:12	63	47	0
Apr 11, 2014 13:32:13	69	44	0
Apr 11, 2014 13:32:14	69	44	0
Apr 11, 2014 13:32:15	34	29	0
Apr 11, 2014 13:32:16	38	26	0
Apr 11, 2014 13:32:17	34	17	0
Apr 11, 2014 13:32:18	35	27	0
Apr 11, 2014 13:32:19	56	34	0
Apr 11, 2014 13:32:20	50	35	0
Apr 11, 2014 13:32:21	54	41	0
Apr 11, 2014 13:32:22	64	43	0
Apr 11, 2014 13:32:23	60	44	0
Apr 11, 2014 13:32:24	67	37	0
Apr 11, 2014 13:32:25	75	41	0
Apr 11, 2014 13:32:26	70	48	0
Apr 11, 2014 13:32:27	64	50	0
Apr 11, 2014 13:32:28	74	50	0
Apr 11, 2014 13:32:29	64	48	0
Apr 11, 2014 13:32:30	56	29	0
Apr 11, 2014 13:32:31	63	30	0
Apr 11, 2014 13:32:32	47	41	0
Apr 11, 2014 13:32:34	41	24	0
Apr 11, 2014 13:32:35	51	43	0
Apr 11, 2014 13:32:36	38	40	0
Apr 11, 2014 13:32:37	35	16	0
Apr 11, 2014 13:32:38	37	35	0
Apr 11, 2014 13:32:39	47	27	0
Apr 11, 2014 13:32:40	57	41	0
Apr 11, 2014 13:32:41	60	50	0
Apr 11, 2014 13:32:42	78	43	0
Apr 11, 2014 13:32:43	78	30	0
Apr 11, 2014 13:32:44	100	34	0
Apr 11, 2014 13:32:45	100	44	0
Apr 11, 2014 13:32:46	94	57	0
Apr 11, 2014 13:32:47	93	60	0
Apr 11, 2014 13:32:48	75	57	0
Apr 11, 2014 13:32:49	50	47	0
Apr 11, 2014 13:32:50	30	29	0
Apr 11, 2014 13:32:51	30	20	0
Apr 11, 2014 13:32:52	24	16	0
Apr 11, 2014 13:32:53	29	35	0
Apr 11, 2014 13:32:54	47	44	0
Apr 11, 2014 13:32:55	41	51	0
Apr 11, 2014 13:32:56	51	67	0
Apr 11, 2014 13:32:57	54	60	0
Apr 11, 2014 13:32:58	63	53	0
Apr 11, 2014 13:32:59	80	44	0
Apr 11, 2014 13:33:00	90	37	0
Apr 11, 2014 13:33:01	100	35	0
Apr 11, 2014 13:33:02	97	37	0
Apr 11, 2014 13:33:03	81	41	0
Apr 11, 2014 13:33:04	64	40	0
Apr 11, 2014 13:33:05	56	43	0
Apr 11, 2014 13:33:06	48	50	0
Apr 11, 2014 13:33:07	40	41	0
Apr 11, 2014 13:33:09	34	29	0
Apr 11, 2014 13:33:10	37	27	0
Apr 11, 2014 13:33:11	38	26	0
Apr 11, 2014 13:33:12	56	38	0
Apr 11, 2014 13:33:13	69	61	0
Apr 11, 2014 13:33:14	57	47	0
Apr 11, 2014 13:33:15	51	43	0
Apr 11, 2014 13:33:16	41	29	0
Apr 11, 2014 13:33:17	43	35	0
Apr 11, 2014 13:33:18	38	40	0
Apr 11, 2014 13:33:19	26	41	0
Apr 11, 2014 13:33:20	40	48	0
Apr 11, 2014 13:33:21	43	48	0
Apr 11, 2014 13:33:22	48	41	0
Apr 11, 2014 13:33:23	53	40	0
Apr 11, 2014 13:33:24	38	37	0
Apr 11, 2014 13:33:25	51	29	0
Apr 11, 2014 13:33:26	35	40	0
Apr 11, 2014 13:33:27	24	29	0
Apr 11, 2014 13:33:28	41	34	0
Apr 11, 2014 13:33:29	26	34	0
Apr 11, 2014 13:33:30	38	23	0
Apr 11, 2014 13:33:31	44	38	0
Apr 11, 2014 13:33:32	30	26	0
Apr 11, 2014 13:33:33	35	47	0
Apr 11, 2014 13:33:34	26	44	0
Apr 11, 2014 13:33:35	34	43	0
Apr 11, 2014 13:33:36	26	54	0
Apr 11, 2014 13:33:37	27	43	0
Apr 11, 2014 13:33:38	27	43	0
Apr 11, 2014 13:33:39	26	40	0
Apr 11, 2014 13:33:40	29	50	0
Apr 11, 2014 13:33:41	29	48	0
Apr 11, 2014 13:33:42	37	53	0
Apr 11, 2014 13:33:43	47	48	0
Apr 11, 2014 13:33:44	56	30	0
Apr 11, 2014 13:33:46	60	20	0
Apr 11, 2014 13:33:47	60	17	0
Apr 11, 2014 13:33:48	60	24	0
Apr 11, 2014 13:33:49	63	35	0
Apr 11, 2014 13:33:50	64	40	0
Apr 11, 2014 13:33:51	54	37	0
Apr 11, 2014 13:33:52	47	24	0
Apr 11, 2014 13:33:53	35	7	0
Apr 11, 2014 13:33:54	24	1	0
Apr 11, 2014 13:33:55	14	1	0
Apr 11, 2014 13:33:56	35	10	0
Apr 11, 2014 13:33:57	50	17	0
Apr 11, 2014 13:33:58	56	40	0
Apr 11, 2014 13:33:59	67	48	0
Apr 11, 2014 13:34:00	43	43	0
Apr 11, 2014 13:34:01	41	47	0
Apr 11, 2014 13:34:02	53	43	0
Apr 11, 2014 13:34:03	67	41	0
Apr 11, 2014 13:34:04	80	41	0
Apr 11, 2014 13:34:05	80	35	0
Apr 11, 2014 13:34:06	77	37	0
Apr 11, 2014 13:34:07	67	41	0
Apr 11, 2014 13:34:08	66	56	0
Apr 11, 2014 13:34:09	57	48	0
Apr 11, 2014 13:34:10	57	54	0
Apr 11, 2014 13:34:11	69	50	0
Apr 11, 2014 13:34:12	83	40	0
Apr 11, 2014 13:34:13	87	53	0
Apr 11, 2014 13:34:14	80	47	0
Apr 11, 2014 13:34:15	61	51	0
Apr 11, 2014 13:34:16	53	50	0
Apr 11, 2014 13:34:17	54	48	0
Apr 11, 2014 13:34:18	47	48	0
Apr 11, 2014 13:34:19	37	51	0
Apr 11, 2014 13:34:20	57	51	0
Apr 11, 2014 13:34:22	67	51	0
Apr 11, 2014 13:34:23	91	47	0
Apr 11, 2014 13:34:24	96	38	0
Apr 11, 2014 13:34:25	80	30	0
Apr 11, 2014 13:34:26	78	34	0
Apr 11, 2014 13:34:27	63	21	0
Apr 11, 2014 13:34:28	70	23	0
Apr 11, 2014 13:34:29	77	27	0
Apr 11, 2014 13:34:30	75	27	0
Apr 11, 2014 13:34:31	80	27	0
Apr 11, 2014 13:34:32	77	34	0
Apr 11, 2014 13:34:33	70	27	0
Apr 11, 2014 13:34:34	61	34	0
Apr 11, 2014 13:34:35	64	51	0
Apr 11, 2014 13:34:36	60	56	0
Apr 11, 2014 13:34:37	74	63	0
Apr 11, 2014 13:34:38	81	53	0
Apr 11, 2014 13:34:39	84	51	0
Apr 11, 2014 13:34:40	77	41	0
Apr 11, 2014 13:34:41	67	41	0
Apr 11, 2014 13:34:42	67	53	0
Apr 11, 2014 13:34:43	60	44	0
Apr 11, 2014 13:34:44	77	56	0
Apr 11, 2014 13:34:45	69	43	0
Apr 11, 2014 13:34:46	67	53	0
Apr 11, 2014 13:34:47	56	47	0
Apr 11, 2014 13:34:48	67	44	0
Apr 11, 2014 13:34:49	66	50	0
Apr 11, 2014 13:34:50	74	44	0
Apr 11, 2014 13:34:51	80	44	0
Apr 11, 2014 13:34:52	78	56	0
Apr 11, 2014 13:34:53	78	56	0
Apr 11, 2014 13:34:55	78	61	0
Apr 11, 2014 13:34:56	87	67	0
Apr 11, 2014 13:34:57	81	64	0
Apr 11, 2014 13:34:58	75	57	0
Apr 11, 2014 13:34:59	83	47	0
Apr 11, 2014 13:35:00	83	41	0
Apr 11, 2014 13:35:01	77	47	0
Apr 11, 2014 13:35:02	70	37	0
Apr 11, 2014 13:35:03	60	44	0
Apr 11, 2014 13:35:04	50	51	0
Apr 11, 2014 13:35:05	47	47	0
Apr 11, 2014 13:35:06	50	60	0
Apr 11, 2014 13:35:07	57	60	0
Apr 11, 2014 13:35:08	51	51	0
Apr 11, 2014 13:35:09	53	57	0
Apr 11, 2014 13:35:10	56	48	0
Apr 11, 2014 13:35:11	50	40	0
Apr 11, 2014 13:35:12	61	50	0
Apr 11, 2014 13:35:13	69	35	0
Apr 11, 2014 13:35:14	67	38	0
Apr 11, 2014 13:35:15	67	43	0
Apr 11, 2014 13:35:16	67	43	0
Apr 11, 2014 13:35:17	61	53	0
Apr 11, 2014 13:35:18	57	41	0
Apr 11, 2014 13:35:19	51	41	0
Apr 11, 2014 13:35:20	41	38	0
Apr 11, 2014 13:35:21	40	51	0
Apr 11, 2014 13:35:22	56	60	0
Apr 11, 2014 13:35:23	51	67	0
Apr 11, 2014 13:35:24	61	74	0
Apr 11, 2014 13:35:25	60	54	0
Apr 11, 2014 13:35:26	60	51	0
Apr 11, 2014 13:35:27	64	48	0
Apr 11, 2014 13:35:28	64	50	0
Apr 11, 2014 13:35:29	69	64	0
Apr 11, 2014 13:35:31	66	66	0
Apr 11, 2014 13:35:32	75	63	0
Apr 11, 2014 13:35:33	77	61	0
Apr 11, 2014 13:35:34	75	51	0
Apr 11, 2014 13:35:35	80	43	0
Apr 11, 2014 13:35:36	77	44	0
Apr 11, 2014 13:35:37	75	47	0
Apr 11, 2014 13:35:38	75	44	0
Apr 11, 2014 13:35:39	75	61	0
Apr 11, 2014 13:35:40	66	66	0
Apr 11, 2014 13:35:41	63	67	0
Apr 11, 2014 13:35:42	60	78	0
Apr 11, 2014 13:35:43	54	75	0
Apr 11, 2014 13:35:44	51	66	0
Apr 11, 2014 13:35:45	53	66	0
Apr 11, 2014 13:35:46	50	57	0
Apr 11, 2014 13:35:47	60	54	0
Apr 11, 2014 13:35:48	67	54	0
Apr 11, 2014 13:35:49	81	60	0
Apr 11, 2014 13:35:50	87	63	0
Apr 11, 2014 13:35:51	75	61	0
Apr 11, 2014 13:35:52	75	50	0
Apr 11, 2014 13:35:53	74	47	0
Apr 11, 2014 13:35:54	63	47	0
Apr 11, 2014 13:35:55	64	56	0
Apr 11, 2014 13:35:56	47	69	0
Apr 11, 2014 13:35:57	51	70	0
Apr 11, 2014 13:35:58	56	64	0
Apr 11, 2014 13:35:59	38	43	0
Apr 11, 2014 13:36:00	44	51	0
Apr 11, 2014 13:36:01	34	50	0
Apr 11, 2014 13:36:02	34	56	0
Apr 11, 2014 13:36:03	47	69	0
Apr 11, 2014 13:36:04	43	51	0
Apr 11, 2014 13:36:05	48	50	0
Apr 11, 2014 13:36:07	43	48	0
Apr 11, 2014 13:36:08	48	40	0
Apr 11, 2014 13:36:09	51	40	0
Apr 11, 2014 13:36:10	54	34	0
Apr 11, 2014 13:36:11	64	26	0
Apr 11, 2014 13:36:12	74	29	0
Apr 11, 2014 13:36:13	78	43	0
Apr 11, 2014 13:36:14	74	48	0
Apr 11, 2014 13:36:15	64	66	0
Apr 11, 2014 13:36:16	57	78	0
Apr 11, 2014 13:36:17	51	69	0
Apr 11, 2014 13:36:18	69	48	0
Apr 11, 2014 13:36:19	69	47	0
Apr 11, 2014 13:36:20	67	41	0
Apr 11, 2014 13:36:21	37	37	0
Apr 11, 2014 13:36:22	27	13	0
Apr 11, 2014 13:36:23	16	7	0
Apr 11, 2014 13:36:24	24	11	0
Apr 11, 2014 13:36:25	38	17	0
Apr 11, 2014 13:36:26	48	29	0
Apr 11, 2014 13:36:27	69	40	0
Apr 11, 2014 13:36:28	78	43	0
Apr 11, 2014 13:36:29	100	51	0
Apr 11, 2014 13:36:30	88	66	0
Apr 11, 2014 13:36:31	83	74	0
Apr 11, 2014 13:36:32	64	63	0
Apr 11, 2014 13:36:33	50	63	0
Apr 11, 2014 13:36:34	54	54	0
Apr 11, 2014 13:36:35	50	43	0
Apr 11, 2014 13:36:36	69	48	0
Apr 11, 2014 13:36:37	70	35	0
Apr 11, 2014 13:36:38	69	34	0
Apr 11, 2014 13:36:39	67	35	0
Apr 11, 2014 13:36:40	53	37	0
Apr 11, 2014 13:36:41	53	51	0
Apr 11, 2014 13:36:43	53	53	0
Apr 11, 2014 13:36:44	53	43	0
Apr 11, 2014 13:36:45	54	47	0
Apr 11, 2014 13:36:46	63	43	0
Apr 11, 2014 13:36:47	60	61	0
Apr 11, 2014 13:36:48	63	57	0
Apr 11, 2014 13:36:49	51	51	0
Apr 11, 2014 13:36:50	51	51	0
Apr 11, 2014 13:36:51	60	54	0
Apr 11, 2014 13:36:52	63	60	0
Apr 11, 2014 13:36:53	63	60	0
Apr 11, 2014 13:36:54	51	78	0
Apr 11, 2014 13:36:55	48	54	0
Apr 11, 2014 13:36:56	48	47	0
Apr 11, 2014 13:36:57	51	43	0
Apr 11, 2014 13:36:58	38	21	0
Apr 11, 2014 13:36:59	40	27	0
Apr 11, 2014 13:37:00	24	35	0
Apr 11, 2014 13:37:01	34	38	0
Apr 11, 2014 13:37:02	47	51	0
Apr 11, 2014 13:37:03	44	54	0
Apr 11, 2014 13:37:04	50	57	0
Apr 11, 2014 13:37:05	44	47	0
Apr 11, 2014 13:37:06	38	43	0
Apr 11, 2014 13:37:07	35	37	0
Apr 11, 2014 13:37:08	34	41	0
Apr 11, 2014 13:37:09	38	48	0
Apr 11, 2014 13:37:10	48	48	0
Apr 11, 2014 13:37:11	56	60	0
Apr 11, 2014 13:37:12	63	51	0
Apr 11, 2014 13:37:13	63	51	0
Apr 11, 2014 13:37:14	47	67	0
Apr 11, 2014 13:37:15	40	78	0
Apr 11, 2014 13:37:16	51	78	0
Apr 11, 2014 13:37:18	48	88	0
Apr 11, 2014 13:37:19	51	57	0
Apr 11, 2014 13:37:20	44	60	0
Apr 11, 2014 13:37:21	40	50	0
Apr 11, 2014 13:37:22	51	43	0
Apr 11, 2014 13:37:23	64	56	0
Apr 11, 2014 13:37:24	69	53	0
Apr 11, 2014 13:37:25	84	57	0
Apr 11, 2014 13:37:26	70	57	0
Apr 11, 2014 13:37:27	74	53	0
Apr 11, 2014 13:37:28	56	60	0
Apr 11, 2014 13:37:29	41	61	0
Apr 11, 2014 13:37:30	50	57	0
Apr 11, 2014 13:37:31	29	57	0
Apr 11, 2014 13:37:32	34	54	0
Apr 11, 2014 13:37:33	38	54	0
Apr 11, 2014 13:37:34	41	54	0
Apr 11, 2014 13:37:35	56	53	0
Apr 11, 2014 13:37:36	74	47	0
Apr 11, 2014 13:37:37	78	34	0
Apr 11, 2014 13:37:38	80	40	0
Apr 11, 2014 13:37:39	80	40	0
Apr 11, 2014 13:37:40	61	48	0
Apr 11, 2014 13:37:41	56	67	0
Apr 11, 2014 13:37:42	29	53	0
Apr 11, 2014 13:37:43	23	53	0
Apr 11, 2014 13:37:44	29	48	0
Apr 11, 2014 13:37:45	29	38	0
Apr 11, 2014 13:37:46	54	51	0
Apr 11, 2014 13:37:47	53	48	0
Apr 11, 2014 13:37:48	53	51	0
Apr 11, 2014 13:37:49	53	40	0
Apr 11, 2014 13:37:50	61	41	0
Apr 11, 2014 13:37:51	67	35	0
Apr 11, 2014 13:37:52	74	47	0
Apr 11, 2014 13:37:54	69	61	0
Apr 11, 2014 13:37:55	75	57	0
Apr 11, 2014 13:37:56	77	56	0
Apr 11, 2014 13:37:57	75	60	0
Apr 11, 2014 13:37:58	87	44	0
Apr 11, 2014 13:37:59	66	38	0
Apr 11, 2014 13:38:00	67	47	0
Apr 11, 2014 13:38:01	64	43	0
Apr 11, 2014 13:38:02	60	50	0
Apr 11, 2014 13:38:03	75	57	0
Apr 11, 2014 13:38:04	70	57	0
Apr 11, 2014 13:38:05	48	53	0
Apr 11, 2014 13:38:06	44	50	0
Apr 11, 2014 13:38:07	37	43	0
Apr 11, 2014 13:38:08	47	29	0
Apr 11, 2014 13:38:09	74	38	0
Apr 11, 2014 13:38:10	63	29	0
Apr 11, 2014 13:38:11	69	30	0
Apr 11, 2014 13:38:12	53	44	0
Apr 11, 2014 13:38:13	50	40	0
Apr 11, 2014 13:38:14	60	44	0
Apr 11, 2014 13:38:15	61	38	0
Apr 11, 2014 13:38:16	61	29	0
Apr 11, 2014 13:38:17	70	24	0
Apr 11, 2014 13:38:18	74	30	0
Apr 11, 2014 13:38:19	53	23	0
Apr 11, 2014 13:38:20	53	37	0
Apr 11, 2014 13:38:21	38	43	0
Apr 11, 2014 13:38:22	54	66	0
Apr 11, 2014 13:38:23	54	66	0
Apr 11, 2014 13:38:24	67	66	0
Apr 11, 2014 13:38:25	69	69	0
Apr 11, 2014 13:38:26	78	64	0
Apr 11, 2014 13:38:27	75	66	0
Apr 11, 2014 13:38:28	53	43	0
Apr 11, 2014 13:38:29	48	48	0
Apr 11, 2014 13:38:31	47	53	0
Apr 11, 2014 13:38:32	60	50	0
Apr 11, 2014 13:38:33	80	67	0
Apr 11, 2014 13:38:34	84	48	0
Apr 11, 2014 13:38:35	83	41	0
Apr 11, 2014 13:38:36	83	40	0
Apr 11, 2014 13:38:37	67	50	0
Apr 11, 2014 13:38:38	47	50	0
Apr 11, 2014 13:38:39	30	48	0
Apr 11, 2014 13:38:40	13	53	0
Apr 11, 2014 13:38:41	17	48	0
Apr 11, 2014 13:38:42	29	63	0
Apr 11, 2014 13:38:43	44	75	0
Apr 11, 2014 13:38:44	48	67	0
Apr 11, 2014 13:38:45	43	54	0
Apr 11, 2014 13:38:46	51	54	0
Apr 11, 2014 13:38:47	44	54	0
Apr 11, 2014 13:38:48	53	54	0
Apr 11, 2014 13:38:49	70	66	0
Apr 11, 2014 13:38:50	77	57	0
Apr 11, 2014 13:38:51	78	57	0
Apr 11, 2014 13:38:52	69	66	0
Apr 11, 2014 13:38:53	64	83	0
Apr 11, 2014 13:38:54	57	81	0
Apr 11, 2014 13:38:55	56	77	0
Apr 11, 2014 13:38:56	56	78	0
Apr 11, 2014 13:38:57	66	64	0
Apr 11, 2014 13:38:58	77	70	0
Apr 11, 2014 13:38:59	75	67	0
Apr 11, 2014 13:39:00	67	70	0
Apr 11, 2014 13:39:01	69	75	0
Apr 11, 2014 13:39:02	70	66	0
Apr 11, 2014 13:39:03	74	78	0
Apr 11, 2014 13:39:04	75	75	0
Apr 11, 2014 13:39:05	66	67	0
Apr 11, 2014 13:39:07	57	67	0
Apr 11, 2014 13:39:08	69	63	0
Apr 11, 2014 13:39:09	67	66	0
Apr 11, 2014 13:39:10	56	67	0
Apr 11, 2014 13:39:11	63	69	0
Apr 11, 2014 13:39:12	56	64	0
Apr 11, 2014 13:39:13	61	63	0
Apr 11, 2014 13:39:14	81	60	0
Apr 11, 2014 13:39:15	77	53	0
Apr 11, 2014 13:39:16	91	50	0
Apr 11, 2014 13:39:17	81	48	0
Apr 11, 2014 13:39:18	69	60	0
Apr 11, 2014 13:39:19	70	67	0
Apr 11, 2014 13:39:20	57	66	0
Apr 11, 2014 13:39:21	64	70	0
Apr 11, 2014 13:39:22	56	57	0
Apr 11, 2014 13:39:23	61	48	0
Apr 11, 2014 13:39:24	56	38	0
Apr 11, 2014 13:39:25	77	43	0
Apr 11, 2014 13:39:26	74	43	0
Apr 11, 2014 13:39:27	56	37	0
Apr 11, 2014 13:39:28	53	51	0
Apr 11, 2014 13:39:29	30	30	0
Apr 11, 2014 13:39:30	30	35	0
Apr 11, 2014 13:39:31	40	43	0
Apr 11, 2014 13:39:32	37	30	0
Apr 11, 2014 13:39:33	40	67	0
Apr 11, 2014 13:39:34	27	61	0
Apr 11, 2014 13:39:35	21	48	0
Apr 11, 2014 13:39:36	29	50	0
Apr 11, 2014 13:39:37	26	16	0
Apr 11, 2014 13:39:38	23	16	0
Apr 11, 2014 13:39:39	30	24	0
Apr 11, 2014 13:39:40	41	20	0
Apr 11, 2014 13:39:41	54	35	0
Apr 11, 2014 13:39:43	67	41	0
Apr 11, 2014 13:39:44	51	34	0
Apr 11, 2014 13:39:45	34	43	0
Apr 11, 2014 13:39:46	23	34	0
Apr 11, 2014 13:39:47	16	29	0
Apr 11, 2014 13:39:48	27	30	0
Apr 11, 2014 13:39:49	48	29	0
Apr 11, 2014 13:39:50	63	34	0
Apr 11, 2014 13:39:51	74	34	0
Apr 11, 2014 13:39:52	64	44	0
Apr 11, 2014 13:39:53	64	37	0
Apr 11, 2014 13:39:54	43	56	0
Apr 11, 2014 13:39:55	40	57	0
Apr 11, 2014 13:39:56	30	67	0
Apr 11, 2014 13:39:57	34	53	0
Apr 11, 2014 13:39:58	30	60	0
Apr 11, 2014 13:39:59	41	53	0
Apr 11, 2014 13:40:00	34	54	0
Apr 11, 2014 13:40:01	41	64	0
Apr 11, 2014 13:40:02	57	70	0
Apr 11, 2014 13:40:03	56	70	0
Apr 11, 2014 13:40:04	43	43	0
Apr 11, 2014 13:40:05	48	27	0
Apr 11, 2014 13:40:06	30	24	0
Apr 11, 2014 13:40:07	40	17	0
Apr 11, 2014 13:40:08	74	35	0
Apr 11, 2014 13:40:09	75	43	0
Apr 11, 2014 13:40:10	91	44	0
Apr 11, 2014 13:40:11	90	48	0
Apr 11, 2014 13:40:12	77	34	0
Apr 11, 2014 13:40:13	67	27	0
Apr 11, 2014 13:40:14	66	23	0
Apr 11, 2014 13:40:16	61	10	0
Apr 11, 2014 13:40:17	66	30	0
Apr 11, 2014 13:40:18	69	27	0
Apr 11, 2014 13:40:19	66	30	0
Apr 11, 2014 13:40:20	69	40	0
Apr 11, 2014 13:40:21	67	26	0
Apr 11, 2014 13:40:22	67	26	0
Apr 11, 2014 13:40:23	74	38	0
Apr 11, 2014 13:40:24	80	43	0
Apr 11, 2014 13:40:25	83	34	0
Apr 11, 2014 13:40:26	66	41	0
Apr 11, 2014 13:40:27	67	43	0
Apr 11, 2014 13:40:28	67	43	0
Apr 11, 2014 13:40:29	53	67	0
Apr 11, 2014 13:40:30	44	47	0
Apr 11, 2014 13:40:31	23	47	0
Apr 11, 2014 13:40:32	8	51	0
Apr 11, 2014 13:40:33	8	30	0
Apr 11, 2014 13:40:34	10	50	0
Apr 11, 2014 13:40:35	23	51	0
Apr 11, 2014 13:40:36	11	50	0
Apr 11, 2014 13:40:37	11	57	0
Apr 11, 2014 13:40:38	20	43	0
Apr 11, 2014 13:40:39	23	35	0
Apr 11, 2014 13:40:40	29	41	0
Apr 11, 2014 13:40:41	37	51	0
Apr 11, 2014 13:40:42	29	57	0
Apr 11, 2014 13:40:43	27	50	0
Apr 11, 2014 13:40:44	37	30	0
Apr 11, 2014 13:40:45	34	30	0
Apr 11, 2014 13:40:46	41	29	0
Apr 11, 2014 13:40:47	43	41	0
Apr 11, 2014 13:40:48	35	48	0
Apr 11, 2014 13:40:49	50	51	0
Apr 11, 2014 13:40:50	37	51	0
Apr 11, 2014 13:40:52	29	56	0
Apr 11, 2014 13:40:53	38	54	0
Apr 11, 2014 13:40:54	20	44	0
Apr 11, 2014 13:40:55	16	27	0
Apr 11, 2014 13:40:56	30	27	0
Apr 11, 2014 13:40:57	47	29	0
Apr 11, 2014 13:40:58	48	27	0
Apr 11, 2014 13:40:59	37	29	0
Apr 11, 2014 13:41:00	21	30	0
Apr 11, 2014 13:41:01	16	34	0
Apr 11, 2014 13:41:02	16	34	26
Apr 11, 2014 13:41:03	48	47	0
Apr 11, 2014 13:41:04	61	47	0
Apr 11, 2014 13:41:05	54	51	0
Apr 11, 2014 13:41:06	44	37	0
Apr 11, 2014 13:41:07	41	29	0
Apr 11, 2014 13:41:08	56	27	0
Apr 11, 2014 13:41:09	53	10	0
Apr 11, 2014 13:41:10	61	23	0
Apr 11, 2014 13:41:11	43	29	0
Apr 11, 2014 13:41:12	24	40	0
Apr 11, 2014 13:41:13	41	41	0
Apr 11, 2014 13:41:14	40	43	0
Apr 11, 2014 13:41:15	47	35	0
Apr 11, 2014 13:41:16	47	30	0
Apr 11, 2014 13:41:17	40	43	0
Apr 11, 2014 13:41:18	57	35	0
Apr 11, 2014 13:41:19	66	27	0
Apr 11, 2014 13:41:20	61	10	0
Apr 11, 2014 13:41:21	63	4	0
Apr 11, 2014 13:41:22	30	1	0
Apr 11, 2014 13:41:23	26	4	0
Apr 11, 2014 13:41:24	30	24	0
Apr 11, 2014 13:41:25	61	35	0
Apr 11, 2014 13:41:26	56	26	0
Apr 11, 2014 13:41:28	64	11	0
Apr 11, 2014 13:41:29	67	16	0
Apr 11, 2014 13:41:30	75	20	0
Apr 11, 2014 13:41:31	87	10	0
Apr 11, 2014 13:41:32	90	35	0
Apr 11, 2014 13:41:33	83	30	0
Apr 11, 2014 13:41:34	78	37	0
Apr 11, 2014 13:41:35	87	56	0
Apr 11, 2014 13:41:36	91	35	0
Apr 11, 2014 13:41:37	100	34	0
Apr 11, 2014 13:41:38	94	30	0
Apr 11, 2014 13:41:39	97	26	0
Apr 11, 2014 13:41:40	96	40	0
Apr 11, 2014 13:41:41	80	43	0
Apr 11, 2014 13:41:42	84	47	0
Apr 11, 2014 13:41:43	70	44	0
Apr 11, 2014 13:41:44	60	35	0
Apr 11, 2014 13:41:45	61	34	0
Apr 11, 2014 13:41:46	48	20	0
Apr 11, 2014 13:41:47	38	29	0
Apr 11, 2014 13:41:48	37	27	0
Apr 11, 2014 13:41:49	38	24	0
Apr 11, 2014 13:41:50	37	37	0
Apr 11, 2014 13:41:51	21	20	0
Apr 11, 2014 13:41:52	10	8	0
Apr 11, 2014 13:41:53	7	14	0
Apr 11, 2014 13:41:54	21	8	0
Apr 11, 2014 13:41:55	17	14	0
Apr 11, 2014 13:41:56	27	38	0
Apr 11, 2014 13:41:57	13	47	0
Apr 11, 2014 13:41:58	26	47	0
Apr 11, 2014 13:41:59	26	44	0
Apr 11, 2014 13:42:00	30	40	0
Apr 11, 2014 13:42:01	47	27	0
Apr 11, 2014 13:42:02	63	38	0
Apr 11, 2014 13:42:04	61	23	0
Apr 11, 2014 13:42:05	67	20	0
Apr 11, 2014 13:42:06	37	11	0
Apr 11, 2014 13:42:07	30	8	0
Apr 11, 2014 13:42:08	37	14	0
Apr 11, 2014 13:42:09	40	21	0
Apr 11, 2014 13:42:10	75	38	0
Apr 11, 2014 13:42:11	70	47	0
Apr 11, 2014 13:42:12	70	47	0
Apr 11, 2014 13:42:13	70	44	0
Apr 11, 2014 13:42:14	50	37	0
Apr 11, 2014 13:42:15	53	26	0
Apr 11, 2014 13:42:16	53	35	0
Apr 11, 2014 13:42:17	43	34	0
Apr 11, 2014 13:42:18	37	35	0
Apr 11, 2014 13:42:19	24	29	0
Apr 11, 2014 13:42:20	27	23	0
Apr 11, 2014 13:42:21	17	17	0
Apr 11, 2014 13:42:22	35	29	0
Apr 11, 2014 13:42:23	51	41	0
Apr 11, 2014 13:42:24	63	51	0
Apr 11, 2014 13:42:25	74	56	0
Apr 11, 2014 13:42:26	70	53	0
Apr 11, 2014 13:42:27	75	34	0
Apr 11, 2014 13:42:28	75	37	0
Apr 11, 2014 13:42:29	83	34	0
Apr 11, 2014 13:42:30	70	44	0
Apr 11, 2014 13:42:31	57	60	0
Apr 11, 2014 13:42:32	61	64	0
Apr 11, 2014 13:42:33	57	57	0
Apr 11, 2014 13:42:34	66	56	0
Apr 11, 2014 13:42:35	74	53	0
Apr 11, 2014 13:42:36	75	48	0
Apr 11, 2014 13:42:37	81	53	0
Apr 11, 2014 13:42:39	69	43	0
Apr 11, 2014 13:42:40	75	41	0
Apr 11, 2014 13:42:41	75	40	0
Apr 11, 2014 13:42:42	66	50	0
Apr 11, 2014 13:42:43	70	60	0
Apr 11, 2014 13:42:44	63	66	0
Apr 11, 2014 13:42:45	63	66	0
Apr 11, 2014 13:42:46	57	51	0
Apr 11, 2014 13:42:47	61	53	0
Apr 11, 2014 13:42:48	43	40	0
Apr 11, 2014 13:42:49	47	41	0
Apr 11, 2014 13:42:50	50	38	0
Apr 11, 2014 13:42:51	48	21	0
Apr 11, 2014 13:42:52	48	21	0
Apr 11, 2014 13:42:53	69	29	0
Apr 11, 2014 13:42:54	56	34	0
Apr 11, 2014 13:42:55	53	53	0
Apr 11, 2014 13:42:56	57	44	0
Apr 11, 2014 13:42:57	54	51	0
Apr 11, 2014 13:42:58	66	66	0
Apr 11, 2014 13:42:59	56	56	0
Apr 11, 2014 13:43:00	47	51	0
Apr 11, 2014 13:43:01	53	30	0
Apr 11, 2014 13:43:02	60	26	0
Apr 11, 2014 13:43:03	61	34	0
Apr 11, 2014 13:43:04	77	37	0
Apr 11, 2014 13:43:05	60	56	0
Apr 11, 2014 13:43:06	48	50	0
Apr 11, 2014 13:43:07	41	53	0
Apr 11, 2014 13:43:08	17	40	0
Apr 11, 2014 13:43:09	21	17	0
Apr 11, 2014 13:43:10	26	21	0
Apr 11, 2014 13:43:11	29	20	0
Apr 11, 2014 13:43:12	37	41	0
Apr 11, 2014 13:43:13	43	60	0
Apr 11, 2014 13:43:15	48	57	0
Apr 11, 2014 13:43:16	60	60	0
Apr 11, 2014 13:43:17	69	43	0
Apr 11, 2014 13:43:18	61	30	0
Apr 11, 2014 13:43:19	61	23	0
Apr 11, 2014 13:43:20	57	10	0
Apr 11, 2014 13:43:21	51	16	0
Apr 11, 2014 13:43:22	74	23	0
Apr 11, 2014 13:43:23	90	34	0
Apr 11, 2014 13:43:24	84	38	0
Apr 11, 2014 13:43:25	91	29	0
Apr 11, 2014 13:43:26	88	23	0
Apr 11, 2014 13:43:27	70	23	0
Apr 11, 2014 13:43:28	77	29	0
Apr 11, 2014 13:43:29	61	29	0
Apr 11, 2014 13:43:30	60	34	0
Apr 11, 2014 13:43:31	57	34	0
Apr 11, 2014 13:43:32	75	27	0
Apr 11, 2014 13:43:33	66	47	0
Apr 11, 2014 13:43:34	75	34	0
Apr 11, 2014 13:43:35	69	30	0
Apr 11, 2014 13:43:36	69	40	0
Apr 11, 2014 13:43:37	69	30	0
Apr 11, 2014 13:43:38	44	43	0
Apr 11, 2014 13:43:39	50	30	0
Apr 11, 2014 13:43:40	30	47	0
Apr 11, 2014 13:43:41	29	57	0
Apr 11, 2014 13:43:42	41	57	0
Apr 11, 2014 13:43:43	44	81	0
Apr 11, 2014 13:43:44	51	74	0
Apr 11, 2014 13:43:45	61	47	0
Apr 11, 2014 13:43:46	54	27	0
Apr 11, 2014 13:43:47	53	23	0
Apr 11, 2014 13:43:48	50	11	0
Apr 11, 2014 13:43:49	57	14	0
Apr 11, 2014 13:43:51	67	30	0
Apr 11, 2014 13:43:52	54	16	0
Apr 11, 2014 13:43:53	66	27	0
Apr 11, 2014 13:43:54	47	43	0
Apr 11, 2014 13:43:55	43	43	0
Apr 11, 2014 13:43:56	57	47	0
Apr 11, 2014 13:43:57	47	41	0
Apr 11, 2014 13:43:58	54	27	0
Apr 11, 2014 13:43:59	57	23	0
Apr 11, 2014 13:44:00	29	3	0
Apr 11, 2014 13:44:01	17	14	0
Apr 11, 2014 13:44:02	17	14	0
Apr 11, 2014 13:44:03	23	17	0
Apr 11, 2014 13:44:04	43	37	0
Apr 11, 2014 13:44:05	63	41	0
Apr 11, 2014 13:44:06	66	50	0
Apr 11, 2014 13:44:07	81	67	0
Apr 11, 2014 13:44:08	91	66	0
Apr 11, 2014 13:44:09	84	54	0
Apr 11, 2014 13:44:10	91	56	0
Apr 11, 2014 13:44:11	91	34	0
Apr 11, 2014 13:44:12	81	26	0
Apr 11, 2014 13:44:13	63	37	0
Apr 11, 2014 13:44:14	54	20	0
Apr 11, 2014 13:44:15	48	37	0
Apr 11, 2014 13:44:16	48	53	0
Apr 11, 2014 13:44:17	66	50	0
Apr 11, 2014 13:44:18	53	67	0
Apr 11, 2014 13:44:19	57	64	0
Apr 11, 2014 13:44:20	63	63	0
Apr 11, 2014 13:44:21	63	69	0
Apr 11, 2014 13:44:22	77	51	0
Apr 11, 2014 13:44:23	75	54	0
Apr 11, 2014 13:44:24	70	50	0
Apr 11, 2014 13:44:26	54	50	0
Apr 11, 2014 13:44:27	60	57	0
Apr 11, 2014 13:44:28	57	53	0
Apr 11, 2014 13:44:29	53	44	0
Apr 11, 2014 13:44:30	37	34	0
Apr 11, 2014 13:44:31	30	30	0
Apr 11, 2014 13:44:32	26	30	0
Apr 11, 2014 13:44:33	38	26	0
Apr 11, 2014 13:44:34	43	40	0
Apr 11, 2014 13:44:35	44	47	0
Apr 11, 2014 13:44:36	51	48	0
Apr 11, 2014 13:44:37	48	53	0
Apr 11, 2014 13:44:38	63	43	0
Apr 11, 2014 13:44:39	67	48	0
Apr 11, 2014 13:44:40	70	51	0
Apr 11, 2014 13:44:41	75	50	0
Apr 11, 2014 13:44:42	78	53	0
Apr 11, 2014 13:44:43	78	63	0
Apr 11, 2014 13:44:44	69	60	0
Apr 11, 2014 13:44:45	80	53	0
Apr 11, 2014 13:44:46	69	61	0
Apr 11, 2014 13:44:47	61	47	0
Apr 11, 2014 13:44:48	67	41	0
Apr 11, 2014 13:44:49	61	48	0
Apr 11, 2014 13:44:50	51	35	0
Apr 11, 2014 13:44:51	40	20	0
Apr 11, 2014 13:44:52	40	30	0
Apr 11, 2014 13:44:53	37	38	0
Apr 11, 2014 13:44:54	48	43	0
Apr 11, 2014 13:44:55	70	74	0
Apr 11, 2014 13:44:56	74	54	0
Apr 11, 2014 13:44:57	64	50	0
Apr 11, 2014 13:44:58	63	38	0
Apr 11, 2014 13:44:59	61	34	0
Apr 11, 2014 13:45:00	60	37	0
Apr 11, 2014 13:45:01	77	43	0
Apr 11, 2014 13:45:03	77	37	0
Apr 11, 2014 13:45:04	78	37	0
Apr 11, 2014 13:45:05	91	38	0
Apr 11, 2014 13:45:06	81	34	0
Apr 11, 2014 13:45:07	78	30	0
Apr 11, 2014 13:45:08	70	48	0
Apr 11, 2014 13:45:09	38	40	0
Apr 11, 2014 13:45:10	34	41	0
Apr 11, 2014 13:45:11	38	41	0
Apr 11, 2014 13:45:12	35	35	0
Apr 11, 2014 13:45:13	60	43	0
Apr 11, 2014 13:45:14	51	43	0
Apr 11, 2014 13:45:15	48	48	0
Apr 11, 2014 13:45:16	57	48	0
Apr 11, 2014 13:45:17	47	54	0
Apr 11, 2014 13:45:18	57	44	0
Apr 11, 2014 13:45:19	60	40	0
Apr 11, 2014 13:45:20	53	41	0
Apr 11, 2014 13:45:21	48	34	0
Apr 11, 2014 13:45:22	40	41	0
Apr 11, 2014 13:45:23	29	43	0
Apr 11, 2014 13:45:24	20	34	0
Apr 11, 2014 13:45:25	30	43	0
Apr 11, 2014 13:45:26	21	44	0
Apr 11, 2014 13:45:27	38	43	0
Apr 11, 2014 13:45:28	47	41	0
Apr 11, 2014 13:45:29	48	35	0
Apr 11, 2014 13:45:30	54	38	0
Apr 11, 2014 13:45:31	48	26	0
Apr 11, 2014 13:45:32	51	26	0
Apr 11, 2014 13:45:33	56	13	0
Apr 11, 2014 13:45:34	48	34	0
Apr 11, 2014 13:45:35	47	35	0
Apr 11, 2014 13:45:36	38	41	0
Apr 11, 2014 13:45:37	34	37	0
Apr 11, 2014 13:45:38	29	34	0
Apr 11, 2014 13:45:40	26	30	0
Apr 11, 2014 13:45:41	13	38	0
Apr 11, 2014 13:45:42	14	20	0
Apr 11, 2014 13:45:43	14	10	0
Apr 11, 2014 13:45:44	13	20	0
Apr 11, 2014 13:45:45	30	27	0
Apr 11, 2014 13:45:46	44	43	0
Apr 11, 2014 13:45:47	44	53	0
Apr 11, 2014 13:45:48	43	61	0
Apr 11, 2014 13:45:49	50	64	0
Apr 11, 2014 13:45:50	51	77	0
Apr 11, 2014 13:45:51	56	80	0
Apr 11, 2014 13:45:52	53	80	0
Apr 11, 2014 13:45:53	54	69	0
Apr 11, 2014 13:45:54	43	74	0
Apr 11, 2014 13:45:55	41	69	0
Apr 11, 2014 13:45:56	48	74	0
Apr 11, 2014 13:45:57	37	78	0
Apr 11, 2014 13:45:58	53	74	0
Apr 11, 2014 13:45:59	40	74	0
Apr 11, 2014 13:46:00	38	66	0
Apr 11, 2014 13:46:01	30	69	0
Apr 11, 2014 13:46:02	24	63	0
Apr 11, 2014 13:46:03	38	53	0
Apr 11, 2014 13:46:04	38	38	0
Apr 11, 2014 13:46:05	51	44	0
Apr 11, 2014 13:46:06	60	57	0
Apr 11, 2014 13:46:07	60	61	0
Apr 11, 2014 13:46:08	69	63	0
Apr 11, 2014 13:46:09	63	63	0
Apr 11, 2014 13:46:10	38	61	0
Apr 11, 2014 13:46:11	35	63	0
Apr 11, 2014 13:46:12	24	54	0
Apr 11, 2014 13:46:13	17	53	0
Apr 11, 2014 13:46:15	37	51	0
Apr 11, 2014 13:46:16	30	47	0
Apr 11, 2014 13:46:17	44	56	0
Apr 11, 2014 13:46:18	41	63	0
Apr 11, 2014 13:46:19	48	67	0
Apr 11, 2014 13:46:20	67	70	0
Apr 11, 2014 13:46:21	64	70	0
Apr 11, 2014 13:46:22	61	74	0
Apr 11, 2014 13:46:23	54	77	0
Apr 11, 2014 13:46:24	40	83	0
Apr 11, 2014 13:46:25	34	83	0
Apr 11, 2014 13:46:26	35	75	0
Apr 11, 2014 13:46:27	40	67	0
Apr 11, 2014 13:46:28	38	54	0
Apr 11, 2014 13:46:29	26	50	0
Apr 11, 2014 13:46:30	40	50	0
Apr 11, 2014 13:46:31	41	53	0
Apr 11, 2014 13:46:32	50	61	0
Apr 11, 2014 13:46:33	67	60	0
Apr 11, 2014 13:46:34	44	60	0
Apr 11, 2014 13:46:35	24	48	0
Apr 11, 2014 13:46:36	24	35	0
Apr 11, 2014 13:46:37	40	35	0
Apr 11, 2014 13:46:38	43	37	0
Apr 11, 2014 13:46:39	48	41	0
Apr 11, 2014 13:46:40	54	60	0
Apr 11, 2014 13:46:41	47	66	0
Apr 11, 2014 13:46:42	53	56	0
Apr 11, 2014 13:46:43	53	64	0
Apr 11, 2014 13:46:44	51	57	0
Apr 11, 2014 13:46:45	60	63	0
Apr 11, 2014 13:46:46	43	75	0
Apr 11, 2014 13:46:47	27	64	0
Apr 11, 2014 13:46:48	8	61	0
Apr 11, 2014 13:46:49	1	53	0
Apr 11, 2014 13:46:51	8	50	0
Apr 11, 2014 13:46:52	23	56	0
Apr 11, 2014 13:46:53	37	66	0
Apr 11, 2014 13:46:54	56	66	0
Apr 11, 2014 13:46:55	60	63	0
Apr 11, 2014 13:46:56	60	57	0
Apr 11, 2014 13:46:57	57	47	0
Apr 11, 2014 13:46:58	56	54	0
Apr 11, 2014 13:46:59	64	51	0
Apr 11, 2014 13:47:00	70	56	0
Apr 11, 2014 13:47:01	74	74	0
Apr 11, 2014 13:47:02	77	64	0
Apr 11, 2014 13:47:03	61	67	0
Apr 11, 2014 13:47:04	56	75	0
Apr 11, 2014 13:47:05	57	77	0
Apr 11, 2014 13:47:06	66	80	0
Apr 11, 2014 13:47:07	75	69	0
Apr 11, 2014 13:47:08	75	64	0
Apr 11, 2014 13:47:09	61	67	0
Apr 11, 2014 13:47:10	63	75	0
Apr 11, 2014 13:47:11	53	67	0
Apr 11, 2014 13:47:12	48	60	0
Apr 11, 2014 13:47:13	54	60	0
Apr 11, 2014 13:47:14	34	47	0
Apr 11, 2014 13:47:15	34	61	0
Apr 11, 2014 13:47:16	24	66	0
Apr 11, 2014 13:47:17	29	56	0
Apr 11, 2014 13:47:18	54	57	0
Apr 11, 2014 13:47:19	48	50	0
Apr 11, 2014 13:47:20	54	53	0
Apr 11, 2014 13:47:21	48	57	0
Apr 11, 2014 13:47:22	37	77	0
Apr 11, 2014 13:47:23	43	77	0
Apr 11, 2014 13:47:24	48	75	0
Apr 11, 2014 13:47:25	50	75	0
Apr 11, 2014 13:47:27	56	66	0
Apr 11, 2014 13:47:28	60	60	0
Apr 11, 2014 13:47:29	56	56	0
Apr 11, 2014 13:47:30	47	56	0
Apr 11, 2014 13:47:31	37	60	0
Apr 11, 2014 13:47:32	21	74	0
Apr 11, 2014 13:47:33	29	75	0
Apr 11, 2014 13:47:34	47	75	0
Apr 11, 2014 13:47:35	47	63	0
Apr 11, 2014 13:47:36	40	54	0
Apr 11, 2014 13:47:37	11	56	0
Apr 11, 2014 13:47:38	21	53	0
Apr 11, 2014 13:47:39	29	51	0
Apr 11, 2014 13:47:40	34	57	0
Apr 11, 2014 13:47:41	38	61	0
Apr 11, 2014 13:47:42	35	67	0
Apr 11, 2014 13:47:43	35	61	0
Apr 11, 2014 13:47:44	35	54	0
Apr 11, 2014 13:47:45	30	51	0
Apr 11, 2014 13:47:46	26	35	0
Apr 11, 2014 13:47:47	27	38	0
Apr 11, 2014 13:47:48	40	41	0
Apr 11, 2014 13:47:49	29	37	0
Apr 11, 2014 13:47:50	23	48	0
Apr 11, 2014 13:47:51	27	51	0
Apr 11, 2014 13:47:52	11	48	0
Apr 11, 2014 13:47:53	29	44	0
Apr 11, 2014 13:47:54	34	38	0
Apr 11, 2014 13:47:55	17	40	0
Apr 11, 2014 13:47:56	27	43	0
Apr 11, 2014 13:47:57	11	43	0
Apr 11, 2014 13:47:58	17	40	0
Apr 11, 2014 13:47:59	24	47	0
Apr 11, 2014 13:48:00	21	44	0
Apr 11, 2014 13:48:02	34	48	0
Apr 11, 2014 13:48:03	14	56	0
Apr 11, 2014 13:48:04	14	57	0
Apr 11, 2014 13:48:05	21	57	0
Apr 11, 2014 13:48:06	11	51	0
Apr 11, 2014 13:48:07	38	54	0
Apr 11, 2014 13:48:08	50	51	0
Apr 11, 2014 13:48:09	56	56	0
Apr 11, 2014 13:48:10	51	54	0
Apr 11, 2014 13:48:11	44	50	0
Apr 11, 2014 13:48:12	48	47	0
Apr 11, 2014 13:48:13	40	57	0
Apr 11, 2014 13:48:14	34	74	0
Apr 11, 2014 13:48:15	16	69	0
Apr 11, 2014 13:48:16	14	81	0
Apr 11, 2014 13:48:17	23	78	0
Apr 11, 2014 13:48:18	34	67	0
Apr 11, 2014 13:48:19	43	67	0
Apr 11, 2014 13:48:20	51	69	0
Apr 11, 2014 13:48:21	47	63	0
Apr 11, 2014 13:48:22	44	53	0
Apr 11, 2014 13:48:23	57	63	0
Apr 11, 2014 13:48:24	53	56	0
Apr 11, 2014 13:48:25	66	56	0
Apr 11, 2014 13:48:26	56	69	0
Apr 11, 2014 13:48:27	54	63	0
Apr 11, 2014 13:48:28	48	66	0
Apr 11, 2014 13:48:29	37	67	0
Apr 11, 2014 13:48:30	48	51	0
Apr 11, 2014 13:48:31	37	51	0
Apr 11, 2014 13:48:32	50	44	0
Apr 11, 2014 13:48:33	61	47	0
Apr 11, 2014 13:48:34	56	54	0
Apr 11, 2014 13:48:35	67	63	0
Apr 11, 2014 13:48:36	53	60	0
Apr 11, 2014 13:48:38	29	66	0
Apr 11, 2014 13:48:39	37	69	0
Apr 11, 2014 13:48:40	48	83	0
Apr 11, 2014 13:48:41	51	66	0
Apr 11, 2014 13:48:42	51	63	0
Apr 11, 2014 13:48:43	48	61	0
Apr 11, 2014 13:48:44	41	51	0
Apr 11, 2014 13:48:45	57	54	0
Apr 11, 2014 13:48:46	57	51	0
Apr 11, 2014 13:48:47	63	60	0
Apr 11, 2014 13:48:48	70	61	0
Apr 11, 2014 13:48:49	63	64	0
Apr 11, 2014 13:48:50	70	66	0
Apr 11, 2014 13:48:51	70	66	0
Apr 11, 2014 13:48:52	69	75	0
Apr 11, 2014 13:48:53	74	69	0
Apr 11, 2014 13:48:54	53	69	0
Apr 11, 2014 13:48:55	54	69	0
Apr 11, 2014 13:48:56	50	70	0
Apr 11, 2014 13:48:57	43	74	0
Apr 11, 2014 13:48:58	43	74	25
Apr 11, 2014 13:48:59	40	61	0
Apr 11, 2014 13:49:00	29	63	0
Apr 11, 2014 13:49:01	17	44	0
Apr 11, 2014 13:49:02	24	48	0
Apr 11, 2014 13:49:03	34	61	0
Apr 11, 2014 13:49:04	38	54	0
Apr 11, 2014 13:49:05	54	54	0
Apr 11, 2014 13:49:06	48	60	0
Apr 11, 2014 13:49:07	44	56	0
Apr 11, 2014 13:49:08	48	64	0
Apr 11, 2014 13:49:09	34	66	0
Apr 11, 2014 13:49:10	43	53	0
Apr 11, 2014 13:49:11	35	43	0
Apr 11, 2014 13:49:12	43	47	0
Apr 11, 2014 13:49:14	44	54	0
Apr 11, 2014 13:49:15	44	56	0
Apr 11, 2014 13:49:16	50	61	0
Apr 11, 2014 13:49:17	47	67	0
Apr 11, 2014 13:49:18	27	63	0
Apr 11, 2014 13:49:19	21	56	0
Apr 11, 2014 13:49:20	20	53	0
Apr 11, 2014 13:49:21	24	54	0
Apr 11, 2014 13:49:22	24	54	51
Apr 11, 2014 13:49:23	27	48	0
Apr 11, 2014 13:49:24	35	51	0
Apr 11, 2014 13:49:25	34	53	0
Apr 11, 2014 13:49:26	40	48	0
Apr 11, 2014 13:49:27	40	48	25
Apr 11, 2014 13:49:28	40	48	51
Apr 11, 2014 13:49:29	43	57	0
Apr 11, 2014 13:49:30	60	57	0
Apr 11, 2014 13:49:31	60	57	25
Apr 11, 2014 13:49:32	60	56	0
Apr 11, 2014 13:49:33	50	61	0
Apr 11, 2014 13:49:34	44	50	0
Apr 11, 2014 13:49:35	44	50	51
Apr 11, 2014 13:49:36	21	41	0
Apr 11, 2014 13:49:37	21	41	51
Apr 11, 2014 13:49:38	17	47	0
Apr 11, 2014 13:49:39	17	47	51
Apr 11, 2014 13:49:40	17	47	51
Apr 11, 2014 13:49:41	17	34	0
Apr 11, 2014 13:49:42	17	34	25
Apr 11, 2014 13:49:43	17	34	25
Apr 11, 2014 13:49:44	17	34	25
Apr 11, 2014 13:49:45	17	34	25
Apr 11, 2014 13:49:46	17	34	25
Apr 11, 2014 13:49:47	51	40	0
Apr 11, 2014 13:49:48	63	54	0
Apr 11, 2014 13:49:50	67	51	0
Apr 11, 2014 13:49:51	67	51	25
Apr 11, 2014 13:49:52	67	51	51
Apr 11, 2014 13:49:53	67	51	25
Apr 11, 2014 13:49:54	78	66	0
Apr 11, 2014 13:49:55	60	70	0
Apr 11, 2014 13:49:56	60	70	51
Apr 11, 2014 13:49:57	60	70	25
Apr 11, 2014 13:49:58	60	70	25
Apr 11, 2014 13:49:59	60	70	25
Apr 11, 2014 13:50:00	70	64	0
Apr 11, 2014 13:50:01	74	70	0
Apr 11, 2014 13:50:02	60	67	0
Apr 11, 2014 13:50:03	57	67	0
Apr 11, 2014 13:50:04	57	67	51
Apr 11, 2014 13:50:05	57	67	25
Apr 11, 2014 13:50:06	23	60	0
Apr 11, 2014 13:50:07	21	48	0
Apr 11, 2014 13:50:08	37	50	0
Apr 11, 2014 13:50:09	56	38	0
Apr 11, 2014 13:50:10	74	47	0
Apr 11, 2014 13:50:11	63	50	0
Apr 11, 2014 13:50:12	51	56	0
Apr 11, 2014 13:50:13	51	54	0
Apr 11, 2014 13:50:14	70	60	0
Apr 11, 2014 13:50:15	64	56	0
Apr 11, 2014 13:50:16	38	60	0
Apr 11, 2014 13:50:17	34	64	0
Apr 11, 2014 13:50:18	34	64	25
Apr 11, 2014 13:50:19	4	61	0
Apr 11, 2014 13:50:20	17	60	0
Apr 11, 2014 13:50:21	37	60	0
Apr 11, 2014 13:50:22	44	60	0
Apr 11, 2014 13:50:23	44	60	25
Apr 11, 2014 13:50:25	53	67	0
Apr 11, 2014 13:50:26	53	77	0
Apr 11, 2014 13:50:27	57	90	0
Apr 11, 2014 13:50:28	74	87	0
Apr 11, 2014 13:50:29	66	67	0
Apr 11, 2014 13:50:30	60	67	0
Apr 11, 2014 13:50:31	61	48	0
Apr 11, 2014 13:50:32	47	48	0
Apr 11, 2014 13:50:33	63	60	0
Apr 11, 2014 13:50:34	63	60	25
Apr 11, 2014 13:50:35	63	60	51
Apr 11, 2014 13:50:36	63	60	51
Apr 11, 2014 13:50:37	63	60	26
Apr 11, 2014 13:50:38	77	44	0
Apr 11, 2014 13:50:39	67	56	0
Apr 11, 2014 13:50:40	67	56	51
Apr 11, 2014 13:50:41	56	60	51
Apr 11, 2014 13:50:42	40	51	0
Apr 11, 2014 13:50:43	40	51	25
Apr 11, 2014 13:50:44	29	70	0
Apr 11, 2014 13:50:45	29	70	25
Apr 11, 2014 13:50:46	29	70	0
Apr 11, 2014 13:50:47	29	70	25
Apr 11, 2014 13:50:48	37	74	0
Apr 11, 2014 13:50:49	44	87	0
Apr 11, 2014 13:50:50	53	78	0
Apr 11, 2014 13:50:51	53	78	51
Apr 11, 2014 13:50:52	53	78	25
Apr 11, 2014 13:50:53	53	78	25
Apr 11, 2014 13:50:54	53	78	25
Apr 11, 2014 13:50:55	57	81	0
Apr 11, 2014 13:50:56	57	81	51
Apr 11, 2014 13:50:57	57	81	25
Apr 11, 2014 13:50:58	57	81	0
Apr 11, 2014 13:50:59	50	75	0
Apr 11, 2014 13:51:01	50	75	51
Apr 11, 2014 13:51:02	50	75	51
Apr 11, 2014 13:51:03	38	56	0
Apr 11, 2014 13:51:04	38	56	25
Apr 11, 2014 13:51:05	38	56	25
Apr 11, 2014 13:51:06	38	56	25
Apr 11, 2014 13:51:07	27	53	0
Apr 11, 2014 13:51:08	27	53	25
Apr 11, 2014 13:51:09	13	47	0
Apr 11, 2014 13:51:10	13	47	0
Apr 11, 2014 13:51:11	43	63	0
Apr 11, 2014 13:51:12	63	64	0
Apr 11, 2014 13:51:13	54	57	0
Apr 11, 2014 13:51:14	50	64	0
Apr 11, 2014 13:51:15	40	47	0
Apr 11, 2014 13:51:16	41	53	0
Apr 11, 2014 13:51:17	38	60	0
Apr 11, 2014 13:51:18	30	54	0
Apr 11, 2014 13:51:19	50	63	0
Apr 11, 2014 13:51:20	60	60	0
Apr 11, 2014 13:51:21	63	61	0
Apr 11, 2014 13:51:22	54	60	0
Apr 11, 2014 13:51:23	64	67	0
Apr 11, 2014 13:51:24	51	78	0
Apr 11, 2014 13:51:25	51	57	0
Apr 11, 2014 13:51:26	66	69	0
Apr 11, 2014 13:51:27	51	69	0
Apr 11, 2014 13:51:28	38	50	0
Apr 11, 2014 13:51:29	48	63	0
Apr 11, 2014 13:51:30	34	54	0
Apr 11, 2014 13:51:31	34	54	25
Apr 11, 2014 13:51:32	34	54	25
Apr 11, 2014 13:51:33	34	54	25
Apr 11, 2014 13:51:34	38	56	0
Apr 11, 2014 13:51:35	57	75	0
Apr 11, 2014 13:51:37	50	69	0
Apr 11, 2014 13:51:38	63	78	0
Apr 11, 2014 13:51:39	66	88	0
Apr 11, 2014 13:51:40	61	90	0
Apr 11, 2014 13:51:41	61	87	0
