Apr 14, 2014 16:48:15	43	87	0
Apr 14, 2014 16:48:16	43	87	0
Apr 14, 2014 16:48:17	69	84	0
Apr 14, 2014 16:48:18	70	64	0
Apr 14, 2014 16:48:19	75	69	0
Apr 14, 2014 16:48:20	80	64	0
Apr 14, 2014 16:48:21	77	37	0
Apr 14, 2014 16:48:22	78	50	0
Apr 14, 2014 16:48:23	83	38	0
Apr 14, 2014 16:48:24	78	30	0
Apr 14, 2014 16:48:25	90	54	0
Apr 14, 2014 16:48:26	94	61	0
Apr 14, 2014 16:48:27	100	66	0
Apr 14, 2014 16:48:29	100	83	0
Apr 14, 2014 16:48:30	94	77	0
Apr 14, 2014 16:48:31	70	50	0
Apr 14, 2014 16:48:32	66	53	0
Apr 14, 2014 16:48:33	70	69	0
Apr 14, 2014 16:48:34	81	74	0
Apr 14, 2014 16:48:35	70	69	0
Apr 14, 2014 16:48:36	64	53	0
Apr 14, 2014 16:48:37	61	60	0
Apr 14, 2014 16:48:38	50	70	0
Apr 14, 2014 16:48:39	53	74	0
Apr 14, 2014 16:48:40	43	56	0
Apr 14, 2014 16:48:41	38	27	0
Apr 14, 2014 16:48:42	43	23	0
Apr 14, 2014 16:48:43	74	35	0
Apr 14, 2014 16:48:44	94	64	0
Apr 14, 2014 16:48:45	97	75	0
Apr 14, 2014 16:48:46	100	67	0
Apr 14, 2014 16:48:47	94	63	0
Apr 14, 2014 16:48:48	83	47	0
Apr 14, 2014 16:48:49	83	54	0
Apr 14, 2014 16:48:50	63	64	0
Apr 14, 2014 16:48:51	51	56	0
Apr 14, 2014 16:48:52	41	61	0
Apr 14, 2014 16:48:53	38	53	0
Apr 14, 2014 16:48:54	48	60	0
Apr 14, 2014 16:48:55	57	67	0
Apr 14, 2014 16:48:56	74	70	0
Apr 14, 2014 16:48:57	88	81	0
Apr 14, 2014 16:48:58	88	84	0
Apr 14, 2014 16:48:59	84	94	0
Apr 14, 2014 16:49:00	94	100	0
Apr 14, 2014 16:49:01	93	100	0
Apr 14, 2014 16:49:02	100	91	0
Apr 14, 2014 16:49:03	100	91	0
Apr 14, 2014 16:49:05	100	81	0
Apr 14, 2014 16:49:06	100	78	0
Apr 14, 2014 16:49:07	91	75	0
Apr 14, 2014 16:49:08	91	78	0
Apr 14, 2014 16:49:09	93	80	0
Apr 14, 2014 16:49:10	88	91	0
Apr 14, 2014 16:49:11	83	100	0
Apr 14, 2014 16:49:12	64	80	0
Apr 14, 2014 16:49:13	60	70	0
Apr 14, 2014 16:49:14	67	64	0
Apr 14, 2014 16:49:15	83	57	0
Apr 14, 2014 16:49:16	91	81	0
Apr 14, 2014 16:49:17	100	91	0
Apr 14, 2014 16:49:18	100	81	0
Apr 14, 2014 16:49:19	93	84	0
Apr 14, 2014 16:49:20	97	66	0
Apr 14, 2014 16:49:21	77	51	0
Apr 14, 2014 16:49:22	57	61	0
Apr 14, 2014 16:49:23	61	69	0
Apr 14, 2014 16:49:24	64	74	0
Apr 14, 2014 16:49:25	83	81	0
Apr 14, 2014 16:49:26	100	88	0
Apr 14, 2014 16:49:27	100	67	0
Apr 14, 2014 16:49:28	96	75	0
Apr 14, 2014 16:49:29	93	69	0
Apr 14, 2014 16:49:30	81	70	0
Apr 14, 2014 16:49:31	61	70	0
Apr 14, 2014 16:49:32	61	63	0
Apr 14, 2014 16:49:33	44	50	0
Apr 14, 2014 16:49:34	34	57	0
Apr 14, 2014 16:49:35	29	57	0
Apr 14, 2014 16:49:36	48	63	0
Apr 14, 2014 16:49:37	38	60	0
Apr 14, 2014 16:49:38	53	51	0
Apr 14, 2014 16:49:39	67	57	0
Apr 14, 2014 16:49:40	56	63	0
Apr 14, 2014 16:49:42	74	63	0
Apr 14, 2014 16:49:43	84	63	0
Apr 14, 2014 16:49:44	81	60	0
Apr 14, 2014 16:49:45	91	66	0
Apr 14, 2014 16:49:46	96	69	0
Apr 14, 2014 16:49:47	100	78	0
Apr 14, 2014 16:49:48	100	81	0
Apr 14, 2014 16:49:49	100	83	0
Apr 14, 2014 16:49:50	93	84	0
Apr 14, 2014 16:49:51	81	78	0
Apr 14, 2014 16:49:52	74	66	0
Apr 14, 2014 16:49:53	61	51	0
Apr 14, 2014 16:49:54	61	48	0
Apr 14, 2014 16:49:55	67	51	0
Apr 14, 2014 16:49:56	67	51	0
Apr 14, 2014 16:49:57	88	75	0
Apr 14, 2014 16:49:58	97	84	0
Apr 14, 2014 16:49:59	94	83	0
Apr 14, 2014 16:50:00	88	83	0
Apr 14, 2014 16:50:01	80	93	0
Apr 14, 2014 16:50:02	66	100	0
Apr 14, 2014 16:50:03	54	100	0
Apr 14, 2014 16:50:04	74	100	0
Apr 14, 2014 16:50:05	78	97	0
Apr 14, 2014 16:50:06	91	93	0
Apr 14, 2014 16:50:07	81	100	0
Apr 14, 2014 16:50:08	93	100	0
Apr 14, 2014 16:50:09	91	97	0
Apr 14, 2014 16:50:10	90	69	0
Apr 14, 2014 16:50:11	91	66	0
Apr 14, 2014 16:50:12	81	74	0
Apr 14, 2014 16:50:13	78	70	0
Apr 14, 2014 16:50:14	80	83	0
Apr 14, 2014 16:50:15	77	61	0
Apr 14, 2014 16:50:16	87	54	0
Apr 14, 2014 16:50:17	78	56	0
Apr 14, 2014 16:50:19	77	54	0
Apr 14, 2014 16:50:20	80	75	0
Apr 14, 2014 16:50:21	78	80	0
Apr 14, 2014 16:50:22	77	93	0
Apr 14, 2014 16:50:23	78	100	0
Apr 14, 2014 16:50:24	66	93	0
Apr 14, 2014 16:50:25	56	80	0
Apr 14, 2014 16:50:26	48	56	0
Apr 14, 2014 16:50:27	40	50	0
Apr 14, 2014 16:50:28	44	43	0
Apr 14, 2014 16:50:29	44	48	0
Apr 14, 2014 16:50:30	50	48	0
Apr 14, 2014 16:50:31	67	56	0
Apr 14, 2014 16:50:32	74	60	0
Apr 14, 2014 16:50:33	80	57	0
Apr 14, 2014 16:50:34	81	44	0
Apr 14, 2014 16:50:35	60	47	0
Apr 14, 2014 16:50:36	57	43	0
Apr 14, 2014 16:50:37	37	50	0
Apr 14, 2014 16:50:38	40	43	0
Apr 14, 2014 16:50:39	51	47	0
Apr 14, 2014 16:50:40	75	56	0
Apr 14, 2014 16:50:41	94	64	0
Apr 14, 2014 16:50:42	100	70	0
Apr 14, 2014 16:50:43	100	83	0
Apr 14, 2014 16:50:44	93	93	0
Apr 14, 2014 16:50:45	84	96	0
Apr 14, 2014 16:50:46	84	93	0
Apr 14, 2014 16:50:47	78	81	0
Apr 14, 2014 16:50:48	81	77	0
Apr 14, 2014 16:50:49	83	67	0
Apr 14, 2014 16:50:50	80	67	0
Apr 14, 2014 16:50:51	83	69	0
Apr 14, 2014 16:50:52	77	50	0
Apr 14, 2014 16:50:53	74	69	0
Apr 14, 2014 16:50:54	50	67	0
Apr 14, 2014 16:50:56	56	75	0
Apr 14, 2014 16:50:57	67	88	0
Apr 14, 2014 16:50:58	66	61	0
Apr 14, 2014 16:50:59	78	66	0
Apr 14, 2014 16:51:00	61	48	0
Apr 14, 2014 16:51:01	67	57	0
Apr 14, 2014 16:51:02	69	69	0
Apr 14, 2014 16:51:03	60	56	0
Apr 14, 2014 16:51:04	74	77	0
Apr 14, 2014 16:51:05	69	64	0
Apr 14, 2014 16:51:06	78	75	0
Apr 14, 2014 16:51:07	100	78	0
Apr 14, 2014 16:51:08	100	66	0
Apr 14, 2014 16:51:09	100	57	0
Apr 14, 2014 16:51:10	100	69	0
Apr 14, 2014 16:51:11	100	64	0
Apr 14, 2014 16:51:12	100	74	0
Apr 14, 2014 16:51:13	88	84	0
Apr 14, 2014 16:51:14	66	54	0
Apr 14, 2014 16:51:15	66	54	0
Apr 14, 2014 16:51:16	20	43	0
Apr 14, 2014 16:51:17	27	41	0
Apr 14, 2014 16:51:18	50	60	0
Apr 14, 2014 16:51:19	69	88	0
Apr 14, 2014 16:51:20	80	88	0
Apr 14, 2014 16:51:21	80	78	0
Apr 14, 2014 16:51:22	66	77	0
Apr 14, 2014 16:51:23	57	60	0
Apr 14, 2014 16:51:24	56	56	0
Apr 14, 2014 16:51:25	56	60	0
Apr 14, 2014 16:51:26	66	67	0
Apr 14, 2014 16:51:27	70	81	0
Apr 14, 2014 16:51:28	75	64	0
Apr 14, 2014 16:51:29	66	66	0
Apr 14, 2014 16:51:30	56	61	0
Apr 14, 2014 16:51:31	61	60	0
Apr 14, 2014 16:51:33	60	69	0
Apr 14, 2014 16:51:34	56	70	0
Apr 14, 2014 16:51:35	61	66	0
Apr 14, 2014 16:51:36	50	67	0
Apr 14, 2014 16:51:37	47	63	0
Apr 14, 2014 16:51:38	47	69	0
Apr 14, 2014 16:51:39	44	77	0
Apr 14, 2014 16:51:40	50	70	0
Apr 14, 2014 16:51:41	41	66	0
Apr 14, 2014 16:51:42	40	69	0
Apr 14, 2014 16:51:43	34	77	0
Apr 14, 2014 16:51:44	30	69	0
Apr 14, 2014 16:51:45	30	64	0
Apr 14, 2014 16:51:46	35	74	0
Apr 14, 2014 16:51:47	44	67	0
Apr 14, 2014 16:51:48	53	56	0
Apr 14, 2014 16:51:49	64	70	0
Apr 14, 2014 16:51:50	67	69	0
Apr 14, 2014 16:51:51	75	77	0
Apr 14, 2014 16:51:52	70	97	0
Apr 14, 2014 16:51:53	70	93	0
Apr 14, 2014 16:51:54	66	88	0
Apr 14, 2014 16:51:55	61	83	0
Apr 14, 2014 16:51:56	57	70	0
Apr 14, 2014 16:51:57	44	70	0
Apr 14, 2014 16:51:58	43	60	0
Apr 14, 2014 16:51:59	41	61	0
Apr 14, 2014 16:52:00	50	74	0
Apr 14, 2014 16:52:01	57	80	0
Apr 14, 2014 16:52:02	61	96	0
Apr 14, 2014 16:52:03	53	81	0
Apr 14, 2014 16:52:04	53	69	0
Apr 14, 2014 16:52:05	61	69	0
Apr 14, 2014 16:52:06	57	61	0
Apr 14, 2014 16:52:07	44	69	0
Apr 14, 2014 16:52:08	43	75	0
Apr 14, 2014 16:52:09	41	70	0
Apr 14, 2014 16:52:11	51	69	0
Apr 14, 2014 16:52:12	74	77	0
Apr 14, 2014 16:52:13	69	80	0
Apr 14, 2014 16:52:14	61	84	0
Apr 14, 2014 16:52:15	53	87	0
Apr 14, 2014 16:52:16	48	88	0
Apr 14, 2014 16:52:17	66	87	0
Apr 14, 2014 16:52:18	66	66	0
Apr 14, 2014 16:52:19	67	64	0
Apr 14, 2014 16:52:20	50	56	0
Apr 14, 2014 16:52:21	56	54	0
Apr 14, 2014 16:52:22	51	74	0
Apr 14, 2014 16:52:23	64	67	0
Apr 14, 2014 16:52:24	70	87	0
Apr 14, 2014 16:52:25	47	88	0
Apr 14, 2014 16:52:26	61	84	0
Apr 14, 2014 16:52:27	50	88	0
Apr 14, 2014 16:52:28	66	83	0
Apr 14, 2014 16:52:29	74	81	0
Apr 14, 2014 16:52:30	70	84	0
Apr 14, 2014 16:52:31	64	80	0
Apr 14, 2014 16:52:32	54	80	0
Apr 14, 2014 16:52:33	66	77	0
Apr 14, 2014 16:52:34	61	69	0
Apr 14, 2014 16:52:35	78	77	0
Apr 14, 2014 16:52:36	81	78	0
Apr 14, 2014 16:52:37	81	90	0
Apr 14, 2014 16:52:38	87	97	0
Apr 14, 2014 16:52:39	84	100	0
Apr 14, 2014 16:52:40	75	100	0
Apr 14, 2014 16:52:41	75	96	0
Apr 14, 2014 16:52:42	63	100	0
Apr 14, 2014 16:52:43	51	80	0
Apr 14, 2014 16:52:44	41	80	0
Apr 14, 2014 16:52:45	37	50	0
Apr 14, 2014 16:52:47	40	51	0
Apr 14, 2014 16:52:48	40	51	0
Apr 14, 2014 16:52:49	53	47	0
Apr 14, 2014 16:52:50	67	60	0
Apr 14, 2014 16:52:51	63	57	0
Apr 14, 2014 16:52:52	60	54	0
Apr 14, 2014 16:52:53	41	38	0
Apr 14, 2014 16:52:54	38	53	0
Apr 14, 2014 16:52:55	43	47	0
Apr 14, 2014 16:52:56	27	44	0
Apr 14, 2014 16:52:57	38	63	0
Apr 14, 2014 16:52:58	41	41	0
Apr 14, 2014 16:52:59	61	51	0
Apr 14, 2014 16:53:00	78	63	0
Apr 14, 2014 16:53:01	70	54	0
Apr 14, 2014 16:53:02	60	57	0
Apr 14, 2014 16:53:03	37	64	0
Apr 14, 2014 16:53:04	34	60	0
Apr 14, 2014 16:53:05	48	47	0
Apr 14, 2014 16:53:06	74	41	0
Apr 14, 2014 16:53:07	84	35	0
Apr 14, 2014 16:53:08	81	44	0
Apr 14, 2014 16:53:09	78	56	0
Apr 14, 2014 16:53:10	67	63	0
Apr 14, 2014 16:53:11	57	69	0
Apr 14, 2014 16:53:12	63	66	0
Apr 14, 2014 16:53:13	50	64	0
Apr 14, 2014 16:53:14	50	63	0
Apr 14, 2014 16:53:15	44	56	0
Apr 14, 2014 16:53:16	50	61	0
Apr 14, 2014 16:53:17	43	77	0
Apr 14, 2014 16:53:18	53	84	0
Apr 14, 2014 16:53:19	57	94	0
Apr 14, 2014 16:53:20	69	84	0
Apr 14, 2014 16:53:21	69	77	0
Apr 14, 2014 16:53:23	56	80	0
Apr 14, 2014 16:53:24	61	56	0
Apr 14, 2014 16:53:25	53	66	0
Apr 14, 2014 16:53:26	60	74	0
Apr 14, 2014 16:53:27	54	54	0
Apr 14, 2014 16:53:28	61	66	0
Apr 14, 2014 16:53:29	66	67	0
Apr 14, 2014 16:53:30	54	37	0
Apr 14, 2014 16:53:31	63	51	0
Apr 14, 2014 16:53:32	44	37	0
Apr 14, 2014 16:53:33	38	29	0
Apr 14, 2014 16:53:34	37	61	0
Apr 14, 2014 16:53:35	37	44	0
Apr 14, 2014 16:53:36	37	61	0
Apr 14, 2014 16:53:37	43	66	0
Apr 14, 2014 16:53:38	54	69	0
Apr 14, 2014 16:53:39	60	81	0
Apr 14, 2014 16:53:40	80	88	0
Apr 14, 2014 16:53:41	67	87	0
Apr 14, 2014 16:53:42	66	81	0
Apr 14, 2014 16:53:43	66	78	0
Apr 14, 2014 16:53:44	57	74	0
Apr 14, 2014 16:53:45	61	64	0
Apr 14, 2014 16:53:46	51	77	0
Apr 14, 2014 16:53:47	56	77	0
Apr 14, 2014 16:53:48	69	77	0
Apr 14, 2014 16:53:49	74	77	0
Apr 14, 2014 16:53:50	78	67	0
Apr 14, 2014 16:53:51	74	70	0
Apr 14, 2014 16:53:52	64	81	0
Apr 14, 2014 16:53:53	60	88	0
Apr 14, 2014 16:53:54	61	87	0
Apr 14, 2014 16:53:55	54	78	0
Apr 14, 2014 16:53:56	57	75	0
Apr 14, 2014 16:53:57	64	66	0
Apr 14, 2014 16:53:59	63	64	0
Apr 14, 2014 16:54:00	57	69	0
Apr 14, 2014 16:54:01	63	66	0
Apr 14, 2014 16:54:02	61	77	0
Apr 14, 2014 16:54:03	43	74	0
Apr 14, 2014 16:54:04	41	75	0
Apr 14, 2014 16:54:05	37	80	0
Apr 14, 2014 16:54:06	20	69	0
Apr 14, 2014 16:54:07	34	63	0
Apr 14, 2014 16:54:08	41	56	0
Apr 14, 2014 16:54:09	43	56	0
Apr 14, 2014 16:54:10	53	67	0
Apr 14, 2014 16:54:11	63	78	0
Apr 14, 2014 16:54:12	57	75	0
Apr 14, 2014 16:54:13	51	67	0
Apr 14, 2014 16:54:14	34	48	0
Apr 14, 2014 16:54:15	34	48	0
Apr 14, 2014 16:54:16	41	67	0
Apr 14, 2014 16:54:17	51	77	0
Apr 14, 2014 16:54:18	63	66	0
Apr 14, 2014 16:54:19	57	51	0
Apr 14, 2014 16:54:20	44	44	0
Apr 14, 2014 16:54:21	50	51	0
Apr 14, 2014 16:54:22	43	50	0
Apr 14, 2014 16:54:23	51	57	0
Apr 14, 2014 16:54:24	61	60	0
Apr 14, 2014 16:54:25	67	41	0
Apr 14, 2014 16:54:26	70	47	0
Apr 14, 2014 16:54:27	70	53	0
Apr 14, 2014 16:54:28	74	54	0
Apr 14, 2014 16:54:29	69	69	0
Apr 14, 2014 16:54:30	69	75	0
Apr 14, 2014 16:54:31	66	63	0
Apr 14, 2014 16:54:32	57	60	0
Apr 14, 2014 16:54:33	51	54	0
Apr 14, 2014 16:54:34	41	67	0
Apr 14, 2014 16:54:36	35	69	0
Apr 14, 2014 16:54:37	27	66	0
Apr 14, 2014 16:54:38	26	75	0
Apr 14, 2014 16:54:39	40	63	0
Apr 14, 2014 16:54:40	53	75	0
Apr 14, 2014 16:54:41	61	80	0
Apr 14, 2014 16:54:42	60	84	0
Apr 14, 2014 16:54:43	57	81	0
Apr 14, 2014 16:54:44	53	61	0
Apr 14, 2014 16:54:45	48	64	0
Apr 14, 2014 16:54:46	53	66	0
Apr 14, 2014 16:54:47	50	61	0
Apr 14, 2014 16:54:48	48	57	0
Apr 14, 2014 16:54:49	50	41	0
Apr 14, 2014 16:54:50	41	26	0
Apr 14, 2014 16:54:51	41	48	0
Apr 14, 2014 16:54:52	54	54	0
Apr 14, 2014 16:54:53	61	51	0
Apr 14, 2014 16:54:54	51	50	0
Apr 14, 2014 16:54:55	48	51	0
Apr 14, 2014 16:54:56	51	56	0
Apr 14, 2014 16:54:57	53	69	0
Apr 14, 2014 16:54:58	61	74	0
Apr 14, 2014 16:54:59	69	67	0
Apr 14, 2014 16:55:00	64	66	0
Apr 14, 2014 16:55:01	67	74	0
Apr 14, 2014 16:55:02	70	80	0
Apr 14, 2014 16:55:03	70	75	0
Apr 14, 2014 16:55:04	64	70	0
Apr 14, 2014 16:55:05	64	53	0
Apr 14, 2014 16:55:06	63	60	0
Apr 14, 2014 16:55:07	66	67	0
Apr 14, 2014 16:55:08	60	77	0
Apr 14, 2014 16:55:09	54	88	0
Apr 14, 2014 16:55:10	56	70	0
Apr 14, 2014 16:55:12	53	66	0
Apr 14, 2014 16:55:13	56	66	0
Apr 14, 2014 16:55:14	54	53	0
Apr 14, 2014 16:55:15	48	56	0
Apr 14, 2014 16:55:16	43	67	0
Apr 14, 2014 16:55:17	50	66	0
Apr 14, 2014 16:55:18	47	78	0
Apr 14, 2014 16:55:19	44	84	0
Apr 14, 2014 16:55:20	35	77	0
Apr 14, 2014 16:55:21	48	66	0
Apr 14, 2014 16:55:22	56	70	0
Apr 14, 2014 16:55:23	54	74	0
Apr 14, 2014 16:55:24	53	64	0
Apr 14, 2014 16:55:25	43	75	0
Apr 14, 2014 16:55:26	47	69	0
Apr 14, 2014 16:55:27	63	63	0
Apr 14, 2014 16:55:28	78	53	0
Apr 14, 2014 16:55:29	75	30	0
Apr 14, 2014 16:55:30	57	37	0
Apr 14, 2014 16:55:31	50	40	0
Apr 14, 2014 16:55:32	26	41	0
Apr 14, 2014 16:55:33	16	53	0
Apr 14, 2014 16:55:34	21	23	0
Apr 14, 2014 16:55:35	21	26	0
Apr 14, 2014 16:55:36	20	26	0
Apr 14, 2014 16:55:37	26	21	0
Apr 14, 2014 16:55:38	38	44	0
Apr 14, 2014 16:55:39	44	48	0
Apr 14, 2014 16:55:40	43	54	0
Apr 14, 2014 16:55:41	47	63	0
Apr 14, 2014 16:55:42	41	63	0
Apr 14, 2014 16:55:43	47	56	0
Apr 14, 2014 16:55:44	48	56	0
Apr 14, 2014 16:55:45	61	61	0
Apr 14, 2014 16:55:46	69	66	0
Apr 14, 2014 16:55:48	61	78	0
Apr 14, 2014 16:55:49	70	78	0
Apr 14, 2014 16:55:50	48	63	0
Apr 14, 2014 16:55:51	43	60	0
Apr 14, 2014 16:55:52	40	53	0
Apr 14, 2014 16:55:53	48	57	0
Apr 14, 2014 16:55:54	41	63	0
Apr 14, 2014 16:55:55	41	64	0
Apr 14, 2014 16:55:56	40	69	0
Apr 14, 2014 16:55:57	48	83	0
Apr 14, 2014 16:55:58	48	91	0
Apr 14, 2014 16:55:59	66	90	0
Apr 14, 2014 16:56:00	69	81	0
Apr 14, 2014 16:56:01	61	80	0
Apr 14, 2014 16:56:02	66	66	0
Apr 14, 2014 16:56:03	38	63	0
Apr 14, 2014 16:56:04	30	56	0
Apr 14, 2014 16:56:05	41	53	0
Apr 14, 2014 16:56:06	41	48	0
Apr 14, 2014 16:56:07	48	56	0
Apr 14, 2014 16:56:08	61	75	0
Apr 14, 2014 16:56:09	69	70	0
Apr 14, 2014 16:56:10	61	83	0
Apr 14, 2014 16:56:11	77	84	0
Apr 14, 2014 16:56:12	64	80	0
Apr 14, 2014 16:56:13	57	78	0
Apr 14, 2014 16:56:14	54	63	0
Apr 14, 2014 16:56:15	50	60	0
Apr 14, 2014 16:56:16	43	40	0
Apr 14, 2014 16:56:17	41	37	0
Apr 14, 2014 16:56:18	48	48	0
Apr 14, 2014 16:56:19	38	44	0
Apr 14, 2014 16:56:20	56	61	0
Apr 14, 2014 16:56:21	60	77	0
Apr 14, 2014 16:56:22	66	63	0
Apr 14, 2014 16:56:23	78	63	0
Apr 14, 2014 16:56:25	77	54	0
Apr 14, 2014 16:56:26	75	51	0
Apr 14, 2014 16:56:27	61	56	0
Apr 14, 2014 16:56:28	67	56	0
Apr 14, 2014 16:56:29	69	53	0
Apr 14, 2014 16:56:30	67	48	0
Apr 14, 2014 16:56:31	74	56	0
Apr 14, 2014 16:56:32	74	47	0
Apr 14, 2014 16:56:33	69	44	0
Apr 14, 2014 16:56:34	50	57	0
Apr 14, 2014 16:56:35	41	57	0
Apr 14, 2014 16:56:36	37	69	0
Apr 14, 2014 16:56:37	35	74	0
Apr 14, 2014 16:56:38	54	69	0
Apr 14, 2014 16:56:39	66	54	0
Apr 14, 2014 16:56:40	47	41	0
Apr 14, 2014 16:56:41	35	41	0
Apr 14, 2014 16:56:42	41	47	0
Apr 14, 2014 16:56:43	41	57	0
Apr 14, 2014 16:56:44	48	56	0
Apr 14, 2014 16:56:45	60	50	0
Apr 14, 2014 16:56:46	41	43	0
Apr 14, 2014 16:56:47	29	34	0
Apr 14, 2014 16:56:48	35	35	0
Apr 14, 2014 16:56:49	35	37	0
Apr 14, 2014 16:56:50	38	41	0
Apr 14, 2014 16:56:51	41	43	0
Apr 14, 2014 16:56:52	50	47	0
Apr 14, 2014 16:56:53	48	50	0
Apr 14, 2014 16:56:54	38	47	0
Apr 14, 2014 16:56:55	35	38	0
Apr 14, 2014 16:56:56	47	41	0
Apr 14, 2014 16:56:57	66	56	0
Apr 14, 2014 16:56:58	63	53	0
Apr 14, 2014 16:56:59	66	67	0
Apr 14, 2014 16:57:00	53	67	0
Apr 14, 2014 16:57:01	38	44	0
Apr 14, 2014 16:57:03	37	47	0
Apr 14, 2014 16:57:04	44	44	0
Apr 14, 2014 16:57:05	54	47	0
Apr 14, 2014 16:57:06	77	61	0
Apr 14, 2014 16:57:07	91	60	0
Apr 14, 2014 16:57:08	90	53	0
Apr 14, 2014 16:57:09	94	53	0
Apr 14, 2014 16:57:10	81	56	0
Apr 14, 2014 16:57:11	69	53	0
Apr 14, 2014 16:57:12	60	57	0
Apr 14, 2014 16:57:13	54	61	0
Apr 14, 2014 16:57:14	54	61	0
Apr 14, 2014 16:57:15	48	64	0
Apr 14, 2014 16:57:16	50	63	0
Apr 14, 2014 16:57:17	53	53	0
Apr 14, 2014 16:57:18	61	43	0
Apr 14, 2014 16:57:19	78	40	0
Apr 14, 2014 16:57:20	97	48	0
Apr 14, 2014 16:57:21	93	61	0
Apr 14, 2014 16:57:22	84	75	0
Apr 14, 2014 16:57:23	80	67	0
Apr 14, 2014 16:57:24	61	67	0
Apr 14, 2014 16:57:25	53	61	0
Apr 14, 2014 16:57:26	47	47	0
Apr 14, 2014 16:57:27	47	66	0
Apr 14, 2014 16:57:28	43	54	0
Apr 14, 2014 16:57:29	44	64	0
Apr 14, 2014 16:57:30	38	51	0
Apr 14, 2014 16:57:31	29	23	0
Apr 14, 2014 16:57:32	47	40	0
Apr 14, 2014 16:57:33	47	40	0
Apr 14, 2014 16:57:34	54	54	0
Apr 14, 2014 16:57:35	75	67	0
Apr 14, 2014 16:57:36	56	61	0
Apr 14, 2014 16:57:37	61	69	0
Apr 14, 2014 16:57:38	60	54	0
Apr 14, 2014 16:57:40	56	67	0
Apr 14, 2014 16:57:41	44	51	0
Apr 14, 2014 16:57:42	54	29	0
Apr 14, 2014 16:57:43	47	24	0
Apr 14, 2014 16:57:44	47	26	0
Apr 14, 2014 16:57:45	61	38	0
Apr 14, 2014 16:57:46	48	44	0
Apr 14, 2014 16:57:47	51	51	0
Apr 14, 2014 16:57:48	57	41	0
Apr 14, 2014 16:57:49	78	53	0
Apr 14, 2014 16:57:50	80	64	0
Apr 14, 2014 16:57:51	83	63	0
Apr 14, 2014 16:57:52	70	56	0
Apr 14, 2014 16:57:53	57	44	0
Apr 14, 2014 16:57:54	48	41	0
Apr 14, 2014 16:57:55	40	48	0
Apr 14, 2014 16:57:56	29	67	0
Apr 14, 2014 16:57:57	37	66	0
Apr 14, 2014 16:57:58	40	77	0
Apr 14, 2014 16:57:59	48	53	0
Apr 14, 2014 16:58:00	48	66	0
Apr 14, 2014 16:58:01	61	57	0
Apr 14, 2014 16:58:02	90	67	0
Apr 14, 2014 16:58:03	81	74	0
Apr 14, 2014 16:58:04	80	61	0
Apr 14, 2014 16:58:05	63	56	0
Apr 14, 2014 16:58:06	54	61	0
Apr 14, 2014 16:58:07	43	47	0
Apr 14, 2014 16:58:08	38	44	0
Apr 14, 2014 16:58:09	53	51	0
Apr 14, 2014 16:58:10	60	48	0
Apr 14, 2014 16:58:11	70	66	0
Apr 14, 2014 16:58:12	78	70	0
Apr 14, 2014 16:58:13	78	60	0
Apr 14, 2014 16:58:14	69	67	0
Apr 14, 2014 16:58:16	60	60	0
Apr 14, 2014 16:58:17	53	53	0
Apr 14, 2014 16:58:18	51	60	0
Apr 14, 2014 16:58:19	51	57	0
Apr 14, 2014 16:58:20	61	57	0
Apr 14, 2014 16:58:21	61	60	0
Apr 14, 2014 16:58:22	47	50	0
Apr 14, 2014 16:58:23	60	44	0
Apr 14, 2014 16:58:24	53	37	0
Apr 14, 2014 16:58:25	54	50	0
Apr 14, 2014 16:58:26	75	61	0
Apr 14, 2014 16:58:27	44	51	0
Apr 14, 2014 16:58:28	56	61	0
Apr 14, 2014 16:58:29	54	56	0
Apr 14, 2014 16:58:30	56	70	0
Apr 14, 2014 16:58:31	60	61	0
Apr 14, 2014 16:58:32	67	64	0
Apr 14, 2014 16:58:33	88	70	0
Apr 14, 2014 16:58:34	100	61	0
Apr 14, 2014 16:58:35	96	75	0
Apr 14, 2014 16:58:36	87	60	0
Apr 14, 2014 16:58:37	74	66	0
Apr 14, 2014 16:58:38	70	57	0
Apr 14, 2014 16:58:39	77	48	0
Apr 14, 2014 16:58:40	81	50	0
Apr 14, 2014 16:58:41	93	48	0
Apr 14, 2014 16:58:42	80	66	0
Apr 14, 2014 16:58:43	80	78	0
Apr 14, 2014 16:58:44	84	93	0
Apr 14, 2014 16:58:45	56	81	0
Apr 14, 2014 16:58:46	61	67	0
Apr 14, 2014 16:58:47	54	63	0
Apr 14, 2014 16:58:48	51	56	0
Apr 14, 2014 16:58:49	61	54	0
Apr 14, 2014 16:58:50	57	54	0
Apr 14, 2014 16:58:52	51	50	0
Apr 14, 2014 16:58:53	48	47	0
Apr 14, 2014 16:58:54	60	53	0
Apr 14, 2014 16:58:55	61	63	0
Apr 14, 2014 16:58:56	67	74	0
Apr 14, 2014 16:58:57	70	80	0
Apr 14, 2014 16:58:58	66	64	0
Apr 14, 2014 16:58:59	70	64	0
Apr 14, 2014 16:59:00	66	57	0
Apr 14, 2014 16:59:01	56	34	0
Apr 14, 2014 16:59:02	47	57	0
Apr 14, 2014 16:59:03	47	66	0
Apr 14, 2014 16:59:04	60	94	0
Apr 14, 2014 16:59:05	60	87	0
Apr 14, 2014 16:59:06	60	83	0
Apr 14, 2014 16:59:07	60	78	0
Apr 14, 2014 16:59:08	50	70	0
Apr 14, 2014 16:59:09	34	69	0
Apr 14, 2014 16:59:10	29	60	0
Apr 14, 2014 16:59:11	43	57	0
Apr 14, 2014 16:59:12	53	53	0
Apr 14, 2014 16:59:13	77	53	0
Apr 14, 2014 16:59:14	90	48	0
Apr 14, 2014 16:59:15	78	43	0
Apr 14, 2014 16:59:16	80	40	0
Apr 14, 2014 16:59:17	78	43	0
Apr 14, 2014 16:59:18	69	53	0
Apr 14, 2014 16:59:19	63	51	0
Apr 14, 2014 16:59:20	67	57	0
Apr 14, 2014 16:59:21	66	64	0
Apr 14, 2014 16:59:22	63	67	0
Apr 14, 2014 16:59:23	61	63	0
Apr 14, 2014 16:59:24	44	63	0
Apr 14, 2014 16:59:25	35	56	0
Apr 14, 2014 16:59:26	16	34	0
Apr 14, 2014 16:59:27	23	43	0
Apr 14, 2014 16:59:29	24	50	0
Apr 14, 2014 16:59:30	38	50	0
Apr 14, 2014 16:59:31	63	70	0
Apr 14, 2014 16:59:32	54	67	0
Apr 14, 2014 16:59:33	54	54	0
Apr 14, 2014 16:59:34	57	56	0
Apr 14, 2014 16:59:35	77	56	0
Apr 14, 2014 16:59:36	90	47	0
Apr 14, 2014 16:59:37	83	60	0
Apr 14, 2014 16:59:38	80	56	0
Apr 14, 2014 16:59:39	54	51	0
Apr 14, 2014 16:59:40	51	63	0
Apr 14, 2014 16:59:41	57	67	0
Apr 14, 2014 16:59:42	60	77	0
Apr 14, 2014 16:59:43	80	96	0
Apr 14, 2014 16:59:44	80	100	0
Apr 14, 2014 16:59:45	83	91	0
Apr 14, 2014 16:59:46	78	83	0
Apr 14, 2014 16:59:47	70	81	0
Apr 14, 2014 16:59:48	64	63	0
Apr 14, 2014 16:59:49	34	67	0
Apr 14, 2014 16:59:50	24	74	0
Apr 14, 2014 16:59:51	37	56	0
Apr 14, 2014 16:59:52	47	60	0
Apr 14, 2014 16:59:53	70	54	0
Apr 14, 2014 16:59:54	88	47	0
Apr 14, 2014 16:59:55	96	50	0
Apr 14, 2014 16:59:56	96	61	0
Apr 14, 2014 16:59:57	100	66	0
Apr 14, 2014 16:59:58	87	56	0
Apr 14, 2014 16:59:59	56	66	0
Apr 14, 2014 17:00:00	50	47	0
Apr 14, 2014 17:00:01	43	41	0
Apr 14, 2014 17:00:02	48	48	0
Apr 14, 2014 17:00:03	66	56	0
Apr 14, 2014 17:00:05	70	63	0
Apr 14, 2014 17:00:06	75	60	0
Apr 14, 2014 17:00:07	69	60	0
Apr 14, 2014 17:00:08	66	57	0
Apr 14, 2014 17:00:09	61	51	0
Apr 14, 2014 17:00:10	48	48	0
Apr 14, 2014 17:00:11	38	44	0
Apr 14, 2014 17:00:12	34	34	0
Apr 14, 2014 17:00:13	30	37	0
Apr 14, 2014 17:00:14	38	47	0
Apr 14, 2014 17:00:15	50	48	0
Apr 14, 2014 17:00:16	54	54	0
Apr 14, 2014 17:00:17	30	43	0
Apr 14, 2014 17:00:18	21	43	0
Apr 14, 2014 17:00:19	26	40	0
Apr 14, 2014 17:00:20	17	40	0
Apr 14, 2014 17:00:21	30	51	0
Apr 14, 2014 17:00:22	34	53	0
Apr 14, 2014 17:00:23	23	53	0
Apr 14, 2014 17:00:24	34	57	0
Apr 14, 2014 17:00:25	27	50	0
Apr 14, 2014 17:00:26	40	51	0
Apr 14, 2014 17:00:27	40	60	0
Apr 14, 2014 17:00:28	51	67	0
Apr 14, 2014 17:00:29	80	80	0
Apr 14, 2014 17:00:30	77	91	0
Apr 14, 2014 17:00:31	80	81	0
Apr 14, 2014 17:00:32	57	70	0
Apr 14, 2014 17:00:33	50	66	0
Apr 14, 2014 17:00:34	53	61	0
Apr 14, 2014 17:00:35	80	54	0
Apr 14, 2014 17:00:36	83	63	0
Apr 14, 2014 17:00:37	87	63	0
Apr 14, 2014 17:00:38	81	64	0
Apr 14, 2014 17:00:39	54	66	0
Apr 14, 2014 17:00:41	37	50	0
Apr 14, 2014 17:00:42	47	40	0
Apr 14, 2014 17:00:43	66	44	0
Apr 14, 2014 17:00:44	74	43	0
Apr 14, 2014 17:00:45	93	61	0
Apr 14, 2014 17:00:46	84	66	0
Apr 14, 2014 17:00:47	67	69	0
Apr 14, 2014 17:00:48	77	63	0
Apr 14, 2014 17:00:49	67	63	0
Apr 14, 2014 17:00:50	64	63	0
Apr 14, 2014 17:00:51	80	66	0
Apr 14, 2014 17:00:52	84	67	0
Apr 14, 2014 17:00:53	84	67	0
Apr 14, 2014 17:00:54	91	64	0
Apr 14, 2014 17:00:55	97	60	0
Apr 14, 2014 17:00:56	83	69	0
Apr 14, 2014 17:00:57	75	48	0
Apr 14, 2014 17:00:58	56	47	0
Apr 14, 2014 17:00:59	34	43	0
Apr 14, 2014 17:01:00	43	41	0
Apr 14, 2014 17:01:01	48	56	0
Apr 14, 2014 17:01:02	63	60	0
Apr 14, 2014 17:01:03	78	64	0
Apr 14, 2014 17:01:04	81	64	0
Apr 14, 2014 17:01:05	81	69	0
Apr 14, 2014 17:01:06	78	75	0
Apr 14, 2014 17:01:07	70	70	0
Apr 14, 2014 17:01:08	75	60	0
Apr 14, 2014 17:01:09	75	60	0
Apr 14, 2014 17:01:10	67	60	0
Apr 14, 2014 17:01:11	69	60	0
Apr 14, 2014 17:01:12	77	63	0
Apr 14, 2014 17:01:13	84	56	0
Apr 14, 2014 17:01:14	81	61	0
Apr 14, 2014 17:01:16	84	75	0
Apr 14, 2014 17:01:17	78	84	0
Apr 14, 2014 17:01:18	75	84	0
Apr 14, 2014 17:01:19	61	90	0
Apr 14, 2014 17:01:20	47	77	0
Apr 14, 2014 17:01:21	35	70	0
Apr 14, 2014 17:01:22	21	61	0
Apr 14, 2014 17:01:23	27	47	0
Apr 14, 2014 17:01:24	35	51	0
Apr 14, 2014 17:01:25	41	51	0
Apr 14, 2014 17:01:26	43	54	0
Apr 14, 2014 17:01:27	40	64	0
Apr 14, 2014 17:01:28	43	66	0
Apr 14, 2014 17:01:29	34	53	0
Apr 14, 2014 17:01:30	24	43	0
Apr 14, 2014 17:01:31	21	48	0
Apr 14, 2014 17:01:32	16	47	0
Apr 14, 2014 17:01:33	26	54	0
Apr 14, 2014 17:01:34	34	63	0
Apr 14, 2014 17:01:35	35	48	0
Apr 14, 2014 17:01:36	29	44	0
Apr 14, 2014 17:01:37	10	48	0
Apr 14, 2014 17:01:38	24	57	0
Apr 14, 2014 17:01:39	43	63	0
Apr 14, 2014 17:01:40	54	66	0
Apr 14, 2014 17:01:41	78	81	0
Apr 14, 2014 17:01:42	64	74	0
Apr 14, 2014 17:01:43	38	60	0
Apr 14, 2014 17:01:44	26	40	0
Apr 14, 2014 17:01:45	17	26	0
Apr 14, 2014 17:01:46	26	21	0
Apr 14, 2014 17:01:47	44	30	0
Apr 14, 2014 17:01:48	57	53	0
Apr 14, 2014 17:01:49	69	61	0
Apr 14, 2014 17:01:50	75	77	0
Apr 14, 2014 17:01:51	84	75	0
Apr 14, 2014 17:01:53	83	69	0
Apr 14, 2014 17:01:54	78	75	0
Apr 14, 2014 17:01:55	78	70	0
Apr 14, 2014 17:01:56	56	61	0
Apr 14, 2014 17:01:57	64	56	0
Apr 14, 2014 17:01:58	67	56	0
Apr 14, 2014 17:01:59	67	54	0
Apr 14, 2014 17:02:00	90	67	0
Apr 14, 2014 17:02:01	81	77	0
Apr 14, 2014 17:02:02	78	69	0
Apr 14, 2014 17:02:03	83	67	0
Apr 14, 2014 17:02:04	81	69	0
Apr 14, 2014 17:02:05	83	57	0
Apr 14, 2014 17:02:06	70	53	0
Apr 14, 2014 17:02:07	64	60	0
Apr 14, 2014 17:02:08	75	56	0
Apr 14, 2014 17:02:09	81	38	0
Apr 14, 2014 17:02:10	87	30	0
Apr 14, 2014 17:02:11	83	37	0
Apr 14, 2014 17:02:12	75	40	0
Apr 14, 2014 17:02:13	78	66	0
Apr 14, 2014 17:02:14	84	66	0
Apr 14, 2014 17:02:15	81	54	0
Apr 14, 2014 17:02:16	84	54	0
Apr 14, 2014 17:02:17	93	54	0
Apr 14, 2014 17:02:18	87	63	0
Apr 14, 2014 17:02:19	84	70	0
Apr 14, 2014 17:02:20	84	63	0
Apr 14, 2014 17:02:21	78	61	0
Apr 14, 2014 17:02:22	83	50	0
Apr 14, 2014 17:02:23	88	53	0
Apr 14, 2014 17:02:24	91	51	0
Apr 14, 2014 17:02:25	96	53	0
Apr 14, 2014 17:02:26	67	61	0
Apr 14, 2014 17:02:27	75	57	0
Apr 14, 2014 17:02:29	70	66	0
Apr 14, 2014 17:02:30	81	61	0
Apr 14, 2014 17:02:31	100	66	0
Apr 14, 2014 17:02:32	83	53	0
Apr 14, 2014 17:02:33	80	56	0
Apr 14, 2014 17:02:34	54	66	0
Apr 14, 2014 17:02:35	57	48	0
Apr 14, 2014 17:02:36	56	69	0
Apr 14, 2014 17:02:37	57	64	0
Apr 14, 2014 17:02:38	81	48	0
Apr 14, 2014 17:02:39	78	63	0
Apr 14, 2014 17:02:40	81	61	0
Apr 14, 2014 17:02:41	81	70	0
Apr 14, 2014 17:02:42	66	64	0
Apr 14, 2014 17:02:43	69	64	0
Apr 14, 2014 17:02:44	74	64	0
Apr 14, 2014 17:02:45	64	69	0
Apr 14, 2014 17:02:46	94	74	0
Apr 14, 2014 17:02:47	100	60	0
Apr 14, 2014 17:02:48	100	61	0
Apr 14, 2014 17:02:49	100	51	0
Apr 14, 2014 17:02:50	91	51	0
Apr 14, 2014 17:02:51	87	51	0
Apr 14, 2014 17:02:52	70	51	0
Apr 14, 2014 17:02:53	50	51	0
Apr 14, 2014 17:02:54	57	57	0
Apr 14, 2014 17:02:55	61	60	0
Apr 14, 2014 17:02:56	66	54	0
Apr 14, 2014 17:02:57	67	69	0
Apr 14, 2014 17:02:58	63	53	0
Apr 14, 2014 17:02:59	61	57	0
Apr 14, 2014 17:03:00	83	51	0
Apr 14, 2014 17:03:01	97	29	0
Apr 14, 2014 17:03:02	100	43	0
Apr 14, 2014 17:03:03	100	47	0
Apr 14, 2014 17:03:05	84	61	0
Apr 14, 2014 17:03:06	77	66	0
Apr 14, 2014 17:03:07	69	77	0
Apr 14, 2014 17:03:08	78	67	0
Apr 14, 2014 17:03:09	80	60	0
Apr 14, 2014 17:03:10	66	69	0
Apr 14, 2014 17:03:11	48	64	0
Apr 14, 2014 17:03:12	54	69	0
Apr 14, 2014 17:03:13	64	64	0
Apr 14, 2014 17:03:14	69	78	0
Apr 14, 2014 17:03:15	67	74	0
Apr 14, 2014 17:03:16	51	77	0
Apr 14, 2014 17:03:17	41	91	0
Apr 14, 2014 17:03:18	34	81	0
Apr 14, 2014 17:03:19	41	84	0
Apr 14, 2014 17:03:20	47	83	0
Apr 14, 2014 17:03:21	38	61	0
Apr 14, 2014 17:03:22	51	57	0
Apr 14, 2014 17:03:23	44	60	0
Apr 14, 2014 17:03:24	48	57	0
Apr 14, 2014 17:03:25	64	66	0
Apr 14, 2014 17:03:26	69	64	0
Apr 14, 2014 17:03:27	67	63	0
Apr 14, 2014 17:03:28	61	61	0
Apr 14, 2014 17:03:29	50	60	0
Apr 14, 2014 17:03:30	26	44	0
Apr 14, 2014 17:03:31	23	38	0
Apr 14, 2014 17:03:32	23	38	0
Apr 14, 2014 17:03:33	21	16	0
Apr 14, 2014 17:03:34	29	29	0
Apr 14, 2014 17:03:35	43	29	0
Apr 14, 2014 17:03:36	57	24	0
Apr 14, 2014 17:03:37	67	43	0
Apr 14, 2014 17:03:38	84	47	0
Apr 14, 2014 17:03:39	75	41	0
Apr 14, 2014 17:03:41	78	44	0
Apr 14, 2014 17:03:42	75	50	0
Apr 14, 2014 17:03:43	77	51	0
Apr 14, 2014 17:03:44	75	61	0
Apr 14, 2014 17:03:45	77	67	0
Apr 14, 2014 17:03:46	83	60	0
Apr 14, 2014 17:03:47	93	56	0
Apr 14, 2014 17:03:48	93	53	0
Apr 14, 2014 17:03:49	87	57	0
Apr 14, 2014 17:03:50	83	57	0
Apr 14, 2014 17:03:51	70	69	0
Apr 14, 2014 17:03:52	81	56	0
Apr 14, 2014 17:03:53	88	51	0
Apr 14, 2014 17:03:54	87	57	0
Apr 14, 2014 17:03:55	100	56	0
Apr 14, 2014 17:03:56	84	60	0
Apr 14, 2014 17:03:57	75	56	0
Apr 14, 2014 17:03:58	67	50	0
Apr 14, 2014 17:03:59	44	40	0
Apr 14, 2014 17:04:00	44	37	0
Apr 14, 2014 17:04:01	35	38	0
Apr 14, 2014 17:04:02	23	26	0
Apr 14, 2014 17:04:03	35	30	0
Apr 14, 2014 17:04:04	47	41	0
Apr 14, 2014 17:04:05	69	41	0
Apr 14, 2014 17:04:06	90	60	0
Apr 14, 2014 17:04:07	100	63	0
Apr 14, 2014 17:04:08	88	67	0
Apr 14, 2014 17:04:09	80	80	0
Apr 14, 2014 17:04:10	61	67	0
Apr 14, 2014 17:04:11	47	51	0
Apr 14, 2014 17:04:12	20	26	0
Apr 14, 2014 17:04:13	35	34	0
Apr 14, 2014 17:04:14	43	47	0
Apr 14, 2014 17:04:15	64	48	0
Apr 14, 2014 17:04:17	74	57	0
Apr 14, 2014 17:04:18	69	61	0
Apr 14, 2014 17:04:19	75	69	0
Apr 14, 2014 17:04:20	64	75	0
Apr 14, 2014 17:04:21	53	70	0
Apr 14, 2014 17:04:22	34	50	0
Apr 14, 2014 17:04:23	14	30	0
Apr 14, 2014 17:04:24	16	30	0
Apr 14, 2014 17:04:25	14	21	0
Apr 14, 2014 17:04:26	35	41	0
Apr 14, 2014 17:04:27	60	38	0
Apr 14, 2014 17:04:28	63	41	0
Apr 14, 2014 17:04:29	78	50	0
Apr 14, 2014 17:04:30	83	37	0
Apr 14, 2014 17:04:31	75	56	0
Apr 14, 2014 17:04:32	91	56	0
Apr 14, 2014 17:04:33	90	53	0
Apr 14, 2014 17:04:34	88	67	0
Apr 14, 2014 17:04:35	88	63	0
Apr 14, 2014 17:04:36	75	64	0
Apr 14, 2014 17:04:37	63	47	0
Apr 14, 2014 17:04:38	61	30	0
Apr 14, 2014 17:04:39	60	24	0
Apr 14, 2014 17:04:40	57	23	0
Apr 14, 2014 17:04:41	75	35	0
Apr 14, 2014 17:04:42	77	27	0
Apr 14, 2014 17:04:43	81	44	0
Apr 14, 2014 17:04:44	78	54	0
Apr 14, 2014 17:04:45	70	78	0
Apr 14, 2014 17:04:46	67	70	0
Apr 14, 2014 17:04:47	67	75	0
Apr 14, 2014 17:04:48	67	78	0
Apr 14, 2014 17:04:49	75	74	0
Apr 14, 2014 17:04:50	74	67	0
Apr 14, 2014 17:04:51	74	66	0
Apr 14, 2014 17:04:52	78	53	0
Apr 14, 2014 17:04:54	67	44	0
Apr 14, 2014 17:04:55	69	44	0
Apr 14, 2014 17:04:56	74	43	0
Apr 14, 2014 17:04:57	75	47	0
Apr 14, 2014 17:04:58	84	53	0
Apr 14, 2014 17:04:59	81	56	0
Apr 14, 2014 17:05:00	77	57	0
Apr 14, 2014 17:05:01	74	61	0
Apr 14, 2014 17:05:02	74	61	0
Apr 14, 2014 17:05:03	70	60	0
Apr 14, 2014 17:05:04	78	64	0
Apr 14, 2014 17:05:05	80	60	0
Apr 14, 2014 17:05:06	66	63	0
Apr 14, 2014 17:05:07	51	63	0
Apr 14, 2014 17:05:08	38	63	0
Apr 14, 2014 17:05:09	14	69	0
Apr 14, 2014 17:05:10	13	63	0
Apr 14, 2014 17:05:11	27	63	0
Apr 14, 2014 17:05:12	40	48	0
Apr 14, 2014 17:05:13	54	47	0
Apr 14, 2014 17:05:14	67	50	0
Apr 14, 2014 17:05:15	69	51	0
Apr 14, 2014 17:05:16	57	66	0
Apr 14, 2014 17:05:17	67	64	0
Apr 14, 2014 17:05:18	67	66	0
Apr 14, 2014 17:05:19	78	64	0
Apr 14, 2014 17:05:20	91	61	0
Apr 14, 2014 17:05:21	81	69	0
Apr 14, 2014 17:05:22	75	77	0
Apr 14, 2014 17:05:23	64	87	0
Apr 14, 2014 17:05:24	50	87	0
Apr 14, 2014 17:05:25	48	77	0
Apr 14, 2014 17:05:26	50	69	0
Apr 14, 2014 17:05:27	38	67	0
Apr 14, 2014 17:05:28	38	60	0
Apr 14, 2014 17:05:29	41	64	0
Apr 14, 2014 17:05:31	34	61	0
Apr 14, 2014 17:05:32	35	47	0
Apr 14, 2014 17:05:33	40	51	0
Apr 14, 2014 17:05:34	44	54	0
Apr 14, 2014 17:05:35	56	43	0
Apr 14, 2014 17:05:36	64	61	0
Apr 14, 2014 17:05:37	67	66	0
Apr 14, 2014 17:05:38	63	63	0
Apr 14, 2014 17:05:39	66	70	0
Apr 14, 2014 17:05:40	64	56	0
Apr 14, 2014 17:05:41	74	47	0
Apr 14, 2014 17:05:42	81	47	0
Apr 14, 2014 17:05:43	75	47	0
Apr 14, 2014 17:05:44	78	51	0
Apr 14, 2014 17:05:45	67	61	0
Apr 14, 2014 17:05:46	67	54	0
Apr 14, 2014 17:05:47	87	60	0
Apr 14, 2014 17:05:48	91	51	0
Apr 14, 2014 17:05:49	83	63	0
Apr 14, 2014 17:05:50	78	43	0
Apr 14, 2014 17:05:51	75	41	0
Apr 14, 2014 17:05:52	80	47	0
Apr 14, 2014 17:05:53	84	47	0
Apr 14, 2014 17:05:54	90	51	0
Apr 14, 2014 17:05:55	90	57	0
Apr 14, 2014 17:05:56	93	51	0
Apr 14, 2014 17:05:57	81	48	0
Apr 14, 2014 17:05:58	75	66	0
Apr 14, 2014 17:05:59	69	77	0
Apr 14, 2014 17:06:00	70	70	0
Apr 14, 2014 17:06:01	77	78	0
Apr 14, 2014 17:06:02	78	74	0
Apr 14, 2014 17:06:03	81	57	0
Apr 14, 2014 17:06:04	70	77	0
Apr 14, 2014 17:06:05	64	80	0
Apr 14, 2014 17:06:07	64	87	0
Apr 14, 2014 17:06:08	70	87	0
Apr 14, 2014 17:06:09	53	61	0
Apr 14, 2014 17:06:10	64	51	0
Apr 14, 2014 17:06:11	63	47	0
Apr 14, 2014 17:06:12	56	48	0
Apr 14, 2014 17:06:13	88	63	0
Apr 14, 2014 17:06:14	84	67	0
Apr 14, 2014 17:06:15	90	63	0
Apr 14, 2014 17:06:16	83	61	0
Apr 14, 2014 17:06:17	63	78	0
Apr 14, 2014 17:06:18	57	75	0
Apr 14, 2014 17:06:19	57	56	0
Apr 14, 2014 17:06:20	75	41	0
Apr 14, 2014 17:06:21	66	43	0
Apr 14, 2014 17:06:22	74	56	0
Apr 14, 2014 17:06:23	57	60	0
Apr 14, 2014 17:06:24	41	53	0
Apr 14, 2014 17:06:25	43	44	0
Apr 14, 2014 17:06:26	26	41	0
Apr 14, 2014 17:06:27	38	37	0
Apr 14, 2014 17:06:28	51	41	0
Apr 14, 2014 17:06:29	53	50	0
Apr 14, 2014 17:06:30	61	51	0
Apr 14, 2014 17:06:31	61	51	0
Apr 14, 2014 17:06:32	54	64	0
Apr 14, 2014 17:06:33	43	56	0
Apr 14, 2014 17:06:34	37	56	0
Apr 14, 2014 17:06:35	34	51	0
Apr 14, 2014 17:06:36	20	50	0
Apr 14, 2014 17:06:37	38	57	0
Apr 14, 2014 17:06:38	41	56	0
Apr 14, 2014 17:06:39	51	57	0
Apr 14, 2014 17:06:40	57	61	0
Apr 14, 2014 17:06:41	54	66	0
Apr 14, 2014 17:06:42	54	69	0
Apr 14, 2014 17:06:43	56	75	0
Apr 14, 2014 17:06:45	41	87	0
Apr 14, 2014 17:06:46	27	83	0
Apr 14, 2014 17:06:47	17	61	0
Apr 14, 2014 17:06:48	29	61	0
Apr 14, 2014 17:06:49	44	43	0
Apr 14, 2014 17:06:50	80	54	0
Apr 14, 2014 17:06:51	63	63	0
Apr 14, 2014 17:06:52	50	63	0
Apr 14, 2014 17:06:53	34	64	0
Apr 14, 2014 17:06:54	20	66	0
Apr 14, 2014 17:06:55	29	54	0
Apr 14, 2014 17:06:56	20	50	0
Apr 14, 2014 17:06:57	37	47	0
Apr 14, 2014 17:06:58	50	53	0
Apr 14, 2014 17:06:59	44	56	0
Apr 14, 2014 17:07:00	66	64	0
Apr 14, 2014 17:07:01	67	69	0
Apr 14, 2014 17:07:02	67	63	0
Apr 14, 2014 17:07:03	75	63	0
Apr 14, 2014 17:07:04	77	51	0
Apr 14, 2014 17:07:05	54	40	0
Apr 14, 2014 17:07:06	50	44	0
Apr 14, 2014 17:07:07	35	43	0
Apr 14, 2014 17:07:08	40	48	0
Apr 14, 2014 17:07:09	56	63	0
Apr 14, 2014 17:07:10	43	56	0
Apr 14, 2014 17:07:11	43	56	0
Apr 14, 2014 17:07:12	54	64	0
Apr 14, 2014 17:07:13	56	50	0
Apr 14, 2014 17:07:14	69	53	0
Apr 14, 2014 17:07:15	61	56	0
Apr 14, 2014 17:07:16	51	53	0
Apr 14, 2014 17:07:17	40	56	0
Apr 14, 2014 17:07:18	44	63	0
Apr 14, 2014 17:07:20	56	54	0
Apr 14, 2014 17:07:21	70	53	0
Apr 14, 2014 17:07:22	70	44	0
Apr 14, 2014 17:07:23	51	48	0
Apr 14, 2014 17:07:24	43	44	0
Apr 14, 2014 17:07:25	35	48	0
Apr 14, 2014 17:07:26	23	44	0
Apr 14, 2014 17:07:27	43	44	0
Apr 14, 2014 17:07:28	47	47	0
Apr 14, 2014 17:07:29	50	54	0
Apr 14, 2014 17:07:30	57	67	0
Apr 14, 2014 17:07:31	56	70	0
Apr 14, 2014 17:07:32	54	96	0
Apr 14, 2014 17:07:33	56	96	0
Apr 14, 2014 17:07:34	60	90	0
Apr 14, 2014 17:07:35	57	100	0
Apr 14, 2014 17:07:36	57	90	0
Apr 14, 2014 17:07:37	66	77	0
Apr 14, 2014 17:07:38	60	74	0
Apr 14, 2014 17:07:39	53	74	0
Apr 14, 2014 17:07:40	57	70	0
Apr 14, 2014 17:07:41	53	75	0
Apr 14, 2014 17:07:42	57	80	0
Apr 14, 2014 17:07:43	64	61	0
Apr 14, 2014 17:07:44	57	67	0
Apr 14, 2014 17:07:45	54	80	0
Apr 14, 2014 17:07:46	40	90	0
Apr 14, 2014 17:07:47	40	100	0
Apr 14, 2014 17:07:48	26	94	0
Apr 14, 2014 17:07:49	21	87	0
Apr 14, 2014 17:07:50	27	61	0
Apr 14, 2014 17:07:51	20	53	0
Apr 14, 2014 17:07:52	30	37	0
Apr 14, 2014 17:07:53	30	43	0
Apr 14, 2014 17:07:54	27	48	0
Apr 14, 2014 17:07:55	30	41	0
Apr 14, 2014 17:07:57	35	48	0
Apr 14, 2014 17:07:58	17	43	0
Apr 14, 2014 17:07:59	17	24	0
Apr 14, 2014 17:08:00	11	27	0
Apr 14, 2014 17:08:01	1	23	0
Apr 14, 2014 17:08:02	7	27	0
Apr 14, 2014 17:08:03	10	35	0
Apr 14, 2014 17:08:04	24	48	0
Apr 14, 2014 17:08:05	20	60	0
Apr 14, 2014 17:08:06	20	60	26
Apr 14, 2014 17:08:07	20	60	26
Apr 14, 2014 17:08:08	24	75	0
Apr 14, 2014 17:08:09	14	77	0
Apr 14, 2014 17:08:10	11	77	0
Apr 14, 2014 17:08:11	34	69	0
Apr 14, 2014 17:08:12	34	69	0
Apr 14, 2014 17:08:13	47	83	0
Apr 14, 2014 17:08:14	30	64	0
Apr 14, 2014 17:08:15	20	66	0
Apr 14, 2014 17:08:16	17	48	0
Apr 14, 2014 17:08:17	11	24	0
Apr 14, 2014 17:08:18	27	38	0
Apr 14, 2014 17:08:19	35	50	0
Apr 14, 2014 17:08:20	23	51	0
Apr 14, 2014 17:08:21	10	50	0
Apr 14, 2014 17:08:22	1	40	0
Apr 14, 2014 17:08:23	1	24	0
Apr 14, 2014 17:08:24	20	51	0
Apr 14, 2014 17:08:25	38	64	0
Apr 14, 2014 17:08:26	27	56	0
Apr 14, 2014 17:08:27	17	40	0
Apr 14, 2014 17:08:28	24	27	0
Apr 14, 2014 17:08:29	27	11	0
Apr 14, 2014 17:08:30	27	11	0
Apr 14, 2014 17:08:31	64	20	0
Apr 14, 2014 17:08:33	51	17	0
Apr 14, 2014 17:08:34	34	30	0
Apr 14, 2014 17:08:35	11	30	0
Apr 14, 2014 17:08:36	1	29	0
Apr 14, 2014 17:08:37	8	48	0
Apr 14, 2014 17:08:38	24	53	0
Apr 14, 2014 17:08:39	43	51	0
Apr 14, 2014 17:08:40	44	50	0
Apr 14, 2014 17:08:41	37	41	0
Apr 14, 2014 17:08:42	29	35	0
Apr 14, 2014 17:08:43	23	37	0
Apr 14, 2014 17:08:44	26	43	0
Apr 14, 2014 17:08:45	26	51	0
Apr 14, 2014 17:08:46	17	47	0
Apr 14, 2014 17:08:47	16	48	0
Apr 14, 2014 17:08:48	26	35	0
Apr 14, 2014 17:08:49	17	10	0
Apr 14, 2014 17:08:50	14	1	0
Apr 14, 2014 17:08:51	14	8	0
Apr 14, 2014 17:08:52	1	13	0
Apr 14, 2014 17:08:53	14	27	0
Apr 14, 2014 17:08:54	23	29	0
Apr 14, 2014 17:08:55	26	35	0
Apr 14, 2014 17:08:56	40	47	0
Apr 14, 2014 17:08:57	29	54	0
Apr 14, 2014 17:08:58	43	54	0
Apr 14, 2014 17:08:59	50	56	0
Apr 14, 2014 17:09:00	56	61	0
Apr 14, 2014 17:09:01	51	57	0
Apr 14, 2014 17:09:02	38	34	0
Apr 14, 2014 17:09:03	34	37	0
Apr 14, 2014 17:09:04	13	29	0
Apr 14, 2014 17:09:05	24	34	0
Apr 14, 2014 17:09:06	27	60	0
Apr 14, 2014 17:09:07	23	60	0
Apr 14, 2014 17:09:08	34	66	0
Apr 14, 2014 17:09:10	40	75	0
Apr 14, 2014 17:09:11	37	69	0
Apr 14, 2014 17:09:12	40	78	0
Apr 14, 2014 17:09:13	54	69	0
Apr 14, 2014 17:09:14	50	74	0
Apr 14, 2014 17:09:15	56	70	0
Apr 14, 2014 17:09:16	66	56	0
Apr 14, 2014 17:09:17	51	60	0
Apr 14, 2014 17:09:18	61	60	0
Apr 14, 2014 17:09:19	63	56	0
Apr 14, 2014 17:09:20	64	63	0
Apr 14, 2014 17:09:21	67	57	0
Apr 14, 2014 17:09:22	63	53	0
Apr 14, 2014 17:09:23	51	57	0
Apr 14, 2014 17:09:24	30	51	0
Apr 14, 2014 17:09:25	30	53	0
Apr 14, 2014 17:09:26	48	70	0
Apr 14, 2014 17:09:27	54	87	0
Apr 14, 2014 17:09:28	53	93	0
Apr 14, 2014 17:09:29	43	78	0
Apr 14, 2014 17:09:30	27	66	0
Apr 14, 2014 17:09:31	24	53	0
Apr 14, 2014 17:09:32	20	57	0
Apr 14, 2014 17:09:33	21	51	0
Apr 14, 2014 17:09:34	14	51	0
Apr 14, 2014 17:09:35	21	63	0
Apr 14, 2014 17:09:36	11	43	0
Apr 14, 2014 17:09:37	21	61	0
Apr 14, 2014 17:09:38	29	63	0
Apr 14, 2014 17:09:39	27	56	0
Apr 14, 2014 17:09:40	41	66	0
Apr 14, 2014 17:09:41	40	64	0
Apr 14, 2014 17:09:42	44	78	0
Apr 14, 2014 17:09:43	37	83	0
Apr 14, 2014 17:09:44	26	93	0
Apr 14, 2014 17:09:46	20	81	0
Apr 14, 2014 17:09:47	16	63	0
Apr 14, 2014 17:09:48	24	64	0
Apr 14, 2014 17:09:49	48	60	0
Apr 14, 2014 17:09:50	57	63	0
Apr 14, 2014 17:09:51	54	74	0
Apr 14, 2014 17:09:52	51	57	0
Apr 14, 2014 17:09:53	34	50	0
Apr 14, 2014 17:09:54	30	63	0
Apr 14, 2014 17:09:55	35	67	0
Apr 14, 2014 17:09:56	47	87	0
Apr 14, 2014 17:09:57	53	87	0
Apr 14, 2014 17:09:58	50	64	0
Apr 14, 2014 17:09:59	57	57	0
Apr 14, 2014 17:10:00	57	69	0
Apr 14, 2014 17:10:01	48	87	0
Apr 14, 2014 17:10:02	54	87	0
Apr 14, 2014 17:10:03	26	81	0
Apr 14, 2014 17:10:04	26	77	0
Apr 14, 2014 17:10:05	30	69	0
Apr 14, 2014 17:10:06	24	66	0
Apr 14, 2014 17:10:07	44	75	0
Apr 14, 2014 17:10:08	41	77	0
Apr 14, 2014 17:10:09	40	75	0
Apr 14, 2014 17:10:10	40	75	0
Apr 14, 2014 17:10:11	41	83	0
Apr 14, 2014 17:10:12	43	91	0
Apr 14, 2014 17:10:13	48	100	0
Apr 14, 2014 17:10:14	51	91	0
Apr 14, 2014 17:10:15	47	90	0
Apr 14, 2014 17:10:16	51	80	0
Apr 14, 2014 17:10:17	38	64	0
Apr 14, 2014 17:10:18	38	66	0
Apr 14, 2014 17:10:19	41	67	0
Apr 14, 2014 17:10:20	30	83	0
Apr 14, 2014 17:10:22	29	78	0
Apr 14, 2014 17:10:23	40	78	0
Apr 14, 2014 17:10:24	50	78	0
Apr 14, 2014 17:10:25	48	74	0
Apr 14, 2014 17:10:26	67	81	0
Apr 14, 2014 17:10:27	61	78	0
Apr 14, 2014 17:10:28	44	66	0
Apr 14, 2014 17:10:29	44	60	0
Apr 14, 2014 17:10:30	34	60	0
Apr 14, 2014 17:10:31	29	66	0
Apr 14, 2014 17:10:32	37	61	0
Apr 14, 2014 17:10:33	40	64	0
Apr 14, 2014 17:10:34	48	67	0
Apr 14, 2014 17:10:35	61	78	0
Apr 14, 2014 17:10:36	56	88	0
Apr 14, 2014 17:10:37	56	87	0
Apr 14, 2014 17:10:38	54	84	0
Apr 14, 2014 17:10:39	63	77	0
Apr 14, 2014 17:10:40	63	69	0
Apr 14, 2014 17:10:41	63	81	0
Apr 14, 2014 17:10:42	66	75	0
Apr 14, 2014 17:10:43	50	75	0
Apr 14, 2014 17:10:44	57	74	0
Apr 14, 2014 17:10:45	60	64	0
Apr 14, 2014 17:10:46	60	63	0
Apr 14, 2014 17:10:47	69	75	0
Apr 14, 2014 17:10:48	67	80	0
Apr 14, 2014 17:10:49	69	84	0
Apr 14, 2014 17:10:50	61	94	0
Apr 14, 2014 17:10:51	63	90	0
Apr 14, 2014 17:10:52	67	81	0
Apr 14, 2014 17:10:53	56	90	0
Apr 14, 2014 17:10:54	63	87	0
Apr 14, 2014 17:10:55	56	81	0
Apr 14, 2014 17:10:56	60	80	0
Apr 14, 2014 17:10:58	63	75	0
Apr 14, 2014 17:10:59	60	81	0
Apr 14, 2014 17:11:00	64	90	0
Apr 14, 2014 17:11:01	69	74	0
Apr 14, 2014 17:11:02	66	75	0
Apr 14, 2014 17:11:03	48	53	0
Apr 14, 2014 17:11:04	37	51	0
Apr 14, 2014 17:11:05	24	48	0
Apr 14, 2014 17:11:06	41	38	0
Apr 14, 2014 17:11:07	44	44	0
Apr 14, 2014 17:11:08	51	57	0
Apr 14, 2014 17:11:09	53	70	0
Apr 14, 2014 17:11:10	37	74	0
Apr 14, 2014 17:11:11	38	67	0
Apr 14, 2014 17:11:12	23	44	0
Apr 14, 2014 17:11:13	27	23	0
Apr 14, 2014 17:11:14	23	23	0
Apr 14, 2014 17:11:15	26	34	0
Apr 14, 2014 17:11:16	37	48	0
Apr 14, 2014 17:11:17	48	63	0
Apr 14, 2014 17:11:18	54	70	0
Apr 14, 2014 17:11:19	63	74	0
Apr 14, 2014 17:11:20	48	74	0
Apr 14, 2014 17:11:21	30	67	0
Apr 14, 2014 17:11:22	40	56	0
Apr 14, 2014 17:11:23	38	74	0
Apr 14, 2014 17:11:24	54	77	0
Apr 14, 2014 17:11:25	61	91	0
Apr 14, 2014 17:11:26	40	81	0
Apr 14, 2014 17:11:27	44	57	0
Apr 14, 2014 17:11:28	40	66	0
Apr 14, 2014 17:11:29	27	57	0
Apr 14, 2014 17:11:30	34	70	0
Apr 14, 2014 17:11:31	26	41	0
Apr 14, 2014 17:11:32	38	35	0
Apr 14, 2014 17:11:33	61	27	0
Apr 14, 2014 17:11:35	67	56	0
Apr 14, 2014 17:11:36	67	69	0
Apr 14, 2014 17:11:37	53	67	0
Apr 14, 2014 17:11:38	40	75	0
Apr 14, 2014 17:11:39	38	77	0
Apr 14, 2014 17:11:40	43	66	0
Apr 14, 2014 17:11:41	60	75	0
Apr 14, 2014 17:11:42	60	78	0
Apr 14, 2014 17:11:43	64	60	0
Apr 14, 2014 17:11:44	44	63	0
Apr 14, 2014 17:11:45	41	64	0
Apr 14, 2014 17:11:46	47	70	0
Apr 14, 2014 17:11:47	48	83	0
Apr 14, 2014 17:11:48	57	84	0
Apr 14, 2014 17:11:49	64	93	0
Apr 14, 2014 17:11:50	56	75	0
Apr 14, 2014 17:11:51	53	66	0
Apr 14, 2014 17:11:52	57	64	0
Apr 14, 2014 17:11:53	57	61	0
Apr 14, 2014 17:11:54	64	56	0
Apr 14, 2014 17:11:55	47	50	0
Apr 14, 2014 17:11:56	34	47	0
Apr 14, 2014 17:11:57	20	23	0
Apr 14, 2014 17:11:58	10	30	0
Apr 14, 2014 17:11:59	34	34	0
Apr 14, 2014 17:12:00	34	41	0
Apr 14, 2014 17:12:01	47	54	0
Apr 14, 2014 17:12:02	44	50	0
Apr 14, 2014 17:12:03	40	50	0
Apr 14, 2014 17:12:04	40	51	0
Apr 14, 2014 17:12:05	43	63	0
Apr 14, 2014 17:12:06	53	60	0
Apr 14, 2014 17:12:07	44	70	0
Apr 14, 2014 17:12:08	26	66	0
Apr 14, 2014 17:12:09	34	69	0
Apr 14, 2014 17:12:10	26	66	0
Apr 14, 2014 17:12:12	27	50	0
Apr 14, 2014 17:12:13	38	57	0
Apr 14, 2014 17:12:14	34	44	0
Apr 14, 2014 17:12:15	44	50	0
Apr 14, 2014 17:12:16	51	66	0
Apr 14, 2014 17:12:17	57	57	0
Apr 14, 2014 17:12:18	70	64	0
Apr 14, 2014 17:12:19	64	63	0
Apr 14, 2014 17:12:20	56	57	0
Apr 14, 2014 17:12:21	43	57	0
Apr 14, 2014 17:12:22	30	64	0
Apr 14, 2014 17:12:23	29	67	0
Apr 14, 2014 17:12:24	23	54	0
Apr 14, 2014 17:12:25	34	61	0
Apr 14, 2014 17:12:26	23	27	0
Apr 14, 2014 17:12:27	11	29	0
Apr 14, 2014 17:12:28	20	47	0
Apr 14, 2014 17:12:29	23	64	0
Apr 14, 2014 17:12:30	29	88	0
Apr 14, 2014 17:12:31	47	91	0
Apr 14, 2014 17:12:32	50	75	0
Apr 14, 2014 17:12:33	53	54	0
Apr 14, 2014 17:12:34	51	61	0
Apr 14, 2014 17:12:35	51	77	0
Apr 14, 2014 17:12:36	48	90	0
Apr 14, 2014 17:12:37	56	81	0
Apr 14, 2014 17:12:38	63	78	0
Apr 14, 2014 17:12:39	69	77	0
Apr 14, 2014 17:12:40	70	64	0
Apr 14, 2014 17:12:41	61	64	0
Apr 14, 2014 17:12:42	47	70	0
Apr 14, 2014 17:12:43	43	74	0
Apr 14, 2014 17:12:44	47	67	0
Apr 14, 2014 17:12:45	54	75	0
Apr 14, 2014 17:12:46	63	66	0
Apr 14, 2014 17:12:47	63	63	0
Apr 14, 2014 17:12:49	66	78	0
Apr 14, 2014 17:12:50	75	61	0
Apr 14, 2014 17:12:51	61	50	0
Apr 14, 2014 17:12:52	50	38	0
Apr 14, 2014 17:12:53	43	29	0
Apr 14, 2014 17:12:54	41	41	0
Apr 14, 2014 17:12:55	56	61	0
Apr 14, 2014 17:12:56	70	60	0
Apr 14, 2014 17:12:57	75	64	0
Apr 14, 2014 17:12:58	69	60	0
Apr 14, 2014 17:12:59	69	48	0
Apr 14, 2014 17:13:00	60	51	0
Apr 14, 2014 17:13:01	56	48	0
Apr 14, 2014 17:13:02	56	43	0
Apr 14, 2014 17:13:03	47	29	0
Apr 14, 2014 17:13:04	40	29	0
Apr 14, 2014 17:13:05	27	30	0
Apr 14, 2014 17:13:06	20	47	0
Apr 14, 2014 17:13:07	34	63	0
Apr 14, 2014 17:13:08	43	66	0
Apr 14, 2014 17:13:09	43	66	0
Apr 14, 2014 17:13:10	43	57	0
Apr 14, 2014 17:13:11	44	50	0
Apr 14, 2014 17:13:12	47	56	0
Apr 14, 2014 17:13:13	56	64	0
Apr 14, 2014 17:13:14	57	50	0
Apr 14, 2014 17:13:15	50	54	0
Apr 14, 2014 17:13:16	51	35	0
Apr 14, 2014 17:13:17	41	17	0
Apr 14, 2014 17:13:18	44	35	0
Apr 14, 2014 17:13:19	57	34	0
Apr 14, 2014 17:13:20	50	38	0
Apr 14, 2014 17:13:21	57	34	0
Apr 14, 2014 17:13:22	48	29	0
Apr 14, 2014 17:13:23	38	26	0
Apr 14, 2014 17:13:25	40	27	0
Apr 14, 2014 17:13:26	43	37	0
Apr 14, 2014 17:13:27	51	37	0
Apr 14, 2014 17:13:28	56	44	0
Apr 14, 2014 17:13:29	60	60	0
Apr 14, 2014 17:13:30	51	61	0
Apr 14, 2014 17:13:31	48	61	0
Apr 14, 2014 17:13:32	44	56	0
Apr 14, 2014 17:13:33	50	50	0
Apr 14, 2014 17:13:34	66	43	0
Apr 14, 2014 17:13:35	70	53	0
Apr 14, 2014 17:13:36	66	60	0
Apr 14, 2014 17:13:37	57	54	0
Apr 14, 2014 17:13:38	44	60	0
Apr 14, 2014 17:13:39	48	56	0
Apr 14, 2014 17:13:40	43	35	0
Apr 14, 2014 17:13:41	34	37	0
Apr 14, 2014 17:13:42	35	48	0
Apr 14, 2014 17:13:43	38	53	0
Apr 14, 2014 17:13:44	41	70	0
Apr 14, 2014 17:13:45	35	74	0
Apr 14, 2014 17:13:46	26	63	0
Apr 14, 2014 17:13:47	13	47	0
Apr 14, 2014 17:13:48	14	57	0
Apr 14, 2014 17:13:49	21	67	0
Apr 14, 2014 17:13:50	29	74	0
Apr 14, 2014 17:13:51	38	88	0
Apr 14, 2014 17:13:52	37	81	0
Apr 14, 2014 17:13:53	53	57	0
Apr 14, 2014 17:13:54	47	53	0
Apr 14, 2014 17:13:55	50	61	0
Apr 14, 2014 17:13:56	44	69	0
Apr 14, 2014 17:13:57	29	66	0
Apr 14, 2014 17:13:58	34	64	0
Apr 14, 2014 17:13:59	34	64	26
Apr 14, 2014 17:14:01	35	56	0
Apr 14, 2014 17:14:02	38	51	0
Apr 14, 2014 17:14:03	34	54	0
Apr 14, 2014 17:14:04	17	44	0
Apr 14, 2014 17:14:05	21	47	0
Apr 14, 2014 17:14:06	30	44	0
Apr 14, 2014 17:14:07	37	48	0
Apr 14, 2014 17:14:08	60	66	0
Apr 14, 2014 17:14:09	57	70	0
Apr 14, 2014 17:14:10	54	83	0
Apr 14, 2014 17:14:11	50	83	0
Apr 14, 2014 17:14:12	35	69	0
Apr 14, 2014 17:14:13	27	70	0
Apr 14, 2014 17:14:14	27	63	0
Apr 14, 2014 17:14:15	34	54	0
Apr 14, 2014 17:14:16	56	60	0
Apr 14, 2014 17:14:17	57	57	0
Apr 14, 2014 17:14:18	51	64	0
Apr 14, 2014 17:14:19	48	66	0
Apr 14, 2014 17:14:20	34	61	0
Apr 14, 2014 17:14:21	37	54	0
Apr 14, 2014 17:14:22	54	60	0
Apr 14, 2014 17:14:23	57	63	0
Apr 14, 2014 17:14:24	77	69	0
Apr 14, 2014 17:14:25	96	67	0
Apr 14, 2014 17:14:26	93	51	0
Apr 14, 2014 17:14:27	88	50	0
Apr 14, 2014 17:14:28	75	23	0
Apr 14, 2014 17:14:29	51	40	0
Apr 14, 2014 17:14:30	48	50	0
Apr 14, 2014 17:14:31	63	48	0
Apr 14, 2014 17:14:32	67	66	0
Apr 14, 2014 17:14:33	75	60	0
Apr 14, 2014 17:14:34	77	51	0
Apr 14, 2014 17:14:35	69	50	0
Apr 14, 2014 17:14:37	63	51	0
Apr 14, 2014 17:14:38	47	50	0
Apr 14, 2014 17:14:39	35	53	0
Apr 14, 2014 17:14:40	20	50	0
Apr 14, 2014 17:14:41	21	48	0
Apr 14, 2014 17:14:42	29	43	0
Apr 14, 2014 17:14:43	27	37	0
Apr 14, 2014 17:14:44	30	35	0
Apr 14, 2014 17:14:45	37	37	0
Apr 14, 2014 17:14:46	24	43	0
Apr 14, 2014 17:14:47	27	54	0
Apr 14, 2014 17:14:48	14	48	0
Apr 14, 2014 17:14:49	14	41	0
Apr 14, 2014 17:14:50	14	30	0
Apr 14, 2014 17:14:51	10	11	0
Apr 14, 2014 17:14:52	16	24	0
Apr 14, 2014 17:14:53	20	27	0
Apr 14, 2014 17:14:54	27	38	0
Apr 14, 2014 17:14:55	38	61	0
Apr 14, 2014 17:14:56	37	51	0
Apr 14, 2014 17:14:57	29	50	0
Apr 14, 2014 17:14:58	35	61	0
Apr 14, 2014 17:14:59	44	64	0
Apr 14, 2014 17:15:00	53	75	0
Apr 14, 2014 17:15:01	74	80	0
Apr 14, 2014 17:15:02	57	60	0
Apr 14, 2014 17:15:03	51	63	0
Apr 14, 2014 17:15:04	57	50	0
Apr 14, 2014 17:15:05	48	47	0
Apr 14, 2014 17:15:06	63	64	0
Apr 14, 2014 17:15:07	60	57	0
Apr 14, 2014 17:15:08	50	75	0
Apr 14, 2014 17:15:09	50	75	0
Apr 14, 2014 17:15:10	69	67	0
Apr 14, 2014 17:15:11	70	74	0
Apr 14, 2014 17:15:12	64	74	0
Apr 14, 2014 17:15:13	63	70	0
Apr 14, 2014 17:15:15	63	69	0
Apr 14, 2014 17:15:16	66	69	0
Apr 14, 2014 17:15:17	61	70	0
Apr 14, 2014 17:15:18	60	78	0
Apr 14, 2014 17:15:19	64	67	0
Apr 14, 2014 17:15:20	60	54	0
Apr 14, 2014 17:15:21	63	67	0
Apr 14, 2014 17:15:22	50	80	0
Apr 14, 2014 17:15:23	41	90	0
Apr 14, 2014 17:15:24	44	100	0
Apr 14, 2014 17:15:25	51	94	0
Apr 14, 2014 17:15:26	64	75	0
Apr 14, 2014 17:15:27	69	69	0
Apr 14, 2014 17:15:28	70	69	0
Apr 14, 2014 17:15:29	78	53	0
Apr 14, 2014 17:15:30	63	57	0
Apr 14, 2014 17:15:31	50	44	0
Apr 14, 2014 17:15:32	38	30	0
Apr 14, 2014 17:15:33	17	38	0
Apr 14, 2014 17:15:34	10	37	0
Apr 14, 2014 17:15:35	13	48	0
Apr 14, 2014 17:15:36	13	50	0
Apr 14, 2014 17:15:37	16	48	0
Apr 14, 2014 17:15:38	7	37	0
Apr 14, 2014 17:15:39	3	38	0
Apr 14, 2014 17:15:40	1	24	0
Apr 14, 2014 17:15:41	1	23	0
Apr 14, 2014 17:15:42	7	47	0
Apr 14, 2014 17:15:43	10	43	0
Apr 14, 2014 17:15:44	8	41	0
Apr 14, 2014 17:15:45	1	30	0
Apr 14, 2014 17:15:46	3	34	0
Apr 14, 2014 17:15:47	11	34	0
Apr 14, 2014 17:15:48	14	30	0
Apr 14, 2014 17:15:49	41	38	0
Apr 14, 2014 17:15:50	50	43	0
Apr 14, 2014 17:15:52	61	61	0
Apr 14, 2014 17:15:53	54	67	0
Apr 14, 2014 17:15:54	38	61	0
Apr 14, 2014 17:15:55	23	44	0
Apr 14, 2014 17:15:56	10	35	0
Apr 14, 2014 17:15:57	10	41	0
Apr 14, 2014 17:15:58	14	41	0
Apr 14, 2014 17:15:59	20	51	0
Apr 14, 2014 17:16:00	13	50	0
Apr 14, 2014 17:16:01	20	38	0
Apr 14, 2014 17:16:02	14	40	0
Apr 14, 2014 17:16:03	13	41	0
Apr 14, 2014 17:16:04	26	41	0
Apr 14, 2014 17:16:05	21	44	0
Apr 14, 2014 17:16:06	24	50	0
Apr 14, 2014 17:16:07	17	51	0
Apr 14, 2014 17:16:08	23	54	0
Apr 14, 2014 17:16:09	34	61	0
Apr 14, 2014 17:16:10	44	66	0
Apr 14, 2014 17:16:11	63	67	0
Apr 14, 2014 17:16:12	67	67	0
Apr 14, 2014 17:16:13	63	74	0
Apr 14, 2014 17:16:14	43	54	0
Apr 14, 2014 17:16:15	26	34	0
Apr 14, 2014 17:16:16	24	13	0
Apr 14, 2014 17:16:17	34	14	0
Apr 14, 2014 17:16:18	47	35	0
Apr 14, 2014 17:16:19	60	51	0
Apr 14, 2014 17:16:20	66	54	0
Apr 14, 2014 17:16:21	67	53	0
Apr 14, 2014 17:16:22	51	66	0
Apr 14, 2014 17:16:23	38	54	0
Apr 14, 2014 17:16:24	29	56	0
Apr 14, 2014 17:16:25	27	69	0
Apr 14, 2014 17:16:26	41	60	0
Apr 14, 2014 17:16:28	38	69	0
Apr 14, 2014 17:16:29	38	75	0
Apr 14, 2014 17:16:30	51	75	0
Apr 14, 2014 17:16:31	43	57	0
Apr 14, 2014 17:16:32	47	57	0
Apr 14, 2014 17:16:33	41	53	0
Apr 14, 2014 17:16:34	29	47	0
Apr 14, 2014 17:16:35	48	64	0
Apr 14, 2014 17:16:36	57	57	0
Apr 14, 2014 17:16:37	61	64	0
Apr 14, 2014 17:16:38	70	70	0
Apr 14, 2014 17:16:39	64	57	0
Apr 14, 2014 17:16:40	63	57	0
Apr 14, 2014 17:16:41	66	51	0
Apr 14, 2014 17:16:42	50	41	0
Apr 14, 2014 17:16:43	51	53	0
Apr 14, 2014 17:16:44	41	54	0
Apr 14, 2014 17:16:45	54	54	0
Apr 14, 2014 17:16:46	53	61	0
Apr 14, 2014 17:16:47	67	57	0
Apr 14, 2014 17:16:48	54	60	0
Apr 14, 2014 17:16:49	48	66	0
Apr 14, 2014 17:16:50	53	75	0
Apr 14, 2014 17:16:51	35	69	0
Apr 14, 2014 17:16:52	43	75	0
Apr 14, 2014 17:16:53	48	70	0
Apr 14, 2014 17:16:54	30	60	0
Apr 14, 2014 17:16:55	37	60	0
Apr 14, 2014 17:16:56	17	56	0
Apr 14, 2014 17:16:57	23	50	0
Apr 14, 2014 17:16:58	34	54	0
Apr 14, 2014 17:16:59	48	53	0
Apr 14, 2014 17:17:00	67	53	0
Apr 14, 2014 17:17:01	70	56	0
Apr 14, 2014 17:17:02	83	67	0
Apr 14, 2014 17:17:04	87	70	0
Apr 14, 2014 17:17:05	67	81	0
Apr 14, 2014 17:17:06	57	75	0
Apr 14, 2014 17:17:07	47	69	0
Apr 14, 2014 17:17:08	34	70	0
Apr 14, 2014 17:17:09	50	66	0
Apr 14, 2014 17:17:10	61	70	0
Apr 14, 2014 17:17:11	64	67	0
Apr 14, 2014 17:17:12	64	75	0
Apr 14, 2014 17:17:13	61	75	0
Apr 14, 2014 17:17:14	60	78	0
Apr 14, 2014 17:17:15	47	74	0
Apr 14, 2014 17:17:16	37	61	0
Apr 14, 2014 17:17:17	34	54	0
Apr 14, 2014 17:17:18	48	64	0
Apr 14, 2014 17:17:19	61	66	0
Apr 14, 2014 17:17:20	64	74	0
Apr 14, 2014 17:17:21	64	80	0
Apr 14, 2014 17:17:22	54	74	0
Apr 14, 2014 17:17:23	48	84	0
Apr 14, 2014 17:17:24	48	93	0
Apr 14, 2014 17:17:25	50	88	0
Apr 14, 2014 17:17:26	54	100	0
Apr 14, 2014 17:17:27	50	97	0
Apr 14, 2014 17:17:28	47	94	0
Apr 14, 2014 17:17:29	41	83	0
Apr 14, 2014 17:17:30	37	80	0
Apr 14, 2014 17:17:31	50	74	0
Apr 14, 2014 17:17:32	51	70	0
Apr 14, 2014 17:17:33	63	78	0
Apr 14, 2014 17:17:34	60	75	0
Apr 14, 2014 17:17:35	51	90	0
Apr 14, 2014 17:17:36	53	88	0
Apr 14, 2014 17:17:37	51	83	0
Apr 14, 2014 17:17:38	53	77	0
Apr 14, 2014 17:17:40	44	54	0
Apr 14, 2014 17:17:41	40	50	0
Apr 14, 2014 17:17:42	44	56	0
Apr 14, 2014 17:17:43	57	70	0
Apr 14, 2014 17:17:44	66	81	0
Apr 14, 2014 17:17:45	61	81	0
Apr 14, 2014 17:17:46	51	91	0
Apr 14, 2014 17:17:47	47	97	0
Apr 14, 2014 17:17:48	44	87	0
Apr 14, 2014 17:17:49	51	84	0
Apr 14, 2014 17:17:50	53	77	0
Apr 14, 2014 17:17:51	56	87	0
Apr 14, 2014 17:17:52	61	88	0
Apr 14, 2014 17:17:53	56	84	0
Apr 14, 2014 17:17:54	54	81	0
Apr 14, 2014 17:17:55	63	80	0
Apr 14, 2014 17:17:56	44	77	0
Apr 14, 2014 17:17:57	56	78	0
Apr 14, 2014 17:17:58	54	70	0
Apr 14, 2014 17:17:59	57	64	0
Apr 14, 2014 17:18:00	81	61	0
Apr 14, 2014 17:18:01	77	57	0
Apr 14, 2014 17:18:02	69	51	0
Apr 14, 2014 17:18:03	56	57	0
Apr 14, 2014 17:18:04	43	51	0
Apr 14, 2014 17:18:05	29	34	0
Apr 14, 2014 17:18:06	24	40	0
Apr 14, 2014 17:18:07	20	30	0
Apr 14, 2014 17:18:08	20	30	0
Apr 14, 2014 17:18:09	16	26	0
Apr 14, 2014 17:18:10	20	14	0
Apr 14, 2014 17:18:11	23	16	0
Apr 14, 2014 17:18:12	23	24	0
Apr 14, 2014 17:18:13	17	38	0
Apr 14, 2014 17:18:14	24	56	0
Apr 14, 2014 17:18:15	17	48	0
Apr 14, 2014 17:18:17	38	56	0
Apr 14, 2014 17:18:18	41	63	0
Apr 14, 2014 17:18:19	40	63	0
Apr 14, 2014 17:18:20	48	67	0
Apr 14, 2014 17:18:21	38	41	0
Apr 14, 2014 17:18:22	44	38	0
Apr 14, 2014 17:18:23	51	53	0
Apr 14, 2014 17:18:24	51	66	0
Apr 14, 2014 17:18:25	56	75	0
Apr 14, 2014 17:18:26	35	64	0
Apr 14, 2014 17:18:27	27	63	0
Apr 14, 2014 17:18:28	29	66	0
Apr 14, 2014 17:18:29	23	80	0
Apr 14, 2014 17:18:30	47	81	0
Apr 14, 2014 17:18:31	53	69	0
Apr 14, 2014 17:18:32	53	63	0
Apr 14, 2014 17:18:33	61	54	0
Apr 14, 2014 17:18:34	64	63	0
Apr 14, 2014 17:18:35	51	56	0
Apr 14, 2014 17:18:36	41	41	0
Apr 14, 2014 17:18:37	24	40	0
Apr 14, 2014 17:18:38	26	35	0
Apr 14, 2014 17:18:39	38	51	0
Apr 14, 2014 17:18:40	56	61	0
Apr 14, 2014 17:18:41	63	70	0
Apr 14, 2014 17:18:42	51	84	0
Apr 14, 2014 17:18:43	54	80	0
Apr 14, 2014 17:18:44	54	70	0
Apr 14, 2014 17:18:45	50	57	0
Apr 14, 2014 17:18:46	50	53	0
Apr 14, 2014 17:18:47	47	54	0
Apr 14, 2014 17:18:48	30	63	0
Apr 14, 2014 17:18:49	41	70	0
Apr 14, 2014 17:18:50	43	67	0
Apr 14, 2014 17:18:51	38	53	0
Apr 14, 2014 17:18:53	38	48	0
Apr 14, 2014 17:18:54	50	40	0
Apr 14, 2014 17:18:55	64	48	0
Apr 14, 2014 17:18:56	69	44	0
Apr 14, 2014 17:18:57	66	48	0
Apr 14, 2014 17:18:58	60	64	0
Apr 14, 2014 17:18:59	51	67	0
Apr 14, 2014 17:19:00	53	69	0
Apr 14, 2014 17:19:01	54	75	0
Apr 14, 2014 17:19:02	50	74	0
Apr 14, 2014 17:19:03	56	64	0
Apr 14, 2014 17:19:04	53	74	0
Apr 14, 2014 17:19:05	54	64	0
Apr 14, 2014 17:19:06	61	60	0
Apr 14, 2014 17:19:07	60	75	0
Apr 14, 2014 17:19:08	57	70	0
Apr 14, 2014 17:19:09	60	78	0
Apr 14, 2014 17:19:10	51	74	0
Apr 14, 2014 17:19:11	53	60	0
Apr 14, 2014 17:19:12	50	57	0
Apr 14, 2014 17:19:13	51	67	0
Apr 14, 2014 17:19:14	50	87	0
Apr 14, 2014 17:19:15	43	84	0
Apr 14, 2014 17:19:16	50	78	0
Apr 14, 2014 17:19:17	47	57	0
Apr 14, 2014 17:19:18	53	50	0
Apr 14, 2014 17:19:19	54	47	0
Apr 14, 2014 17:19:20	54	47	0
Apr 14, 2014 17:19:21	43	47	0
Apr 14, 2014 17:19:22	43	53	0
Apr 14, 2014 17:19:23	44	63	0
Apr 14, 2014 17:19:24	44	88	0
Apr 14, 2014 17:19:25	48	80	0
Apr 14, 2014 17:19:26	44	77	0
Apr 14, 2014 17:19:27	48	87	0
Apr 14, 2014 17:19:28	50	64	0
Apr 14, 2014 17:19:30	51	60	0
Apr 14, 2014 17:19:31	51	63	0
Apr 14, 2014 17:19:32	56	54	0
Apr 14, 2014 17:19:33	63	57	0
Apr 14, 2014 17:19:34	56	63	0
Apr 14, 2014 17:19:35	64	66	0
Apr 14, 2014 17:19:36	61	70	0
Apr 14, 2014 17:19:37	56	66	0
Apr 14, 2014 17:19:38	53	60	0
Apr 14, 2014 17:19:39	37	38	0
Apr 14, 2014 17:19:40	24	24	0
Apr 14, 2014 17:19:41	24	21	0
Apr 14, 2014 17:19:42	34	13	0
Apr 14, 2014 17:19:43	34	23	0
Apr 14, 2014 17:19:44	24	29	0
Apr 14, 2014 17:19:45	11	30	0
Apr 14, 2014 17:19:46	7	47	0
Apr 14, 2014 17:19:47	16	50	0
Apr 14, 2014 17:19:48	16	50	0
Apr 14, 2014 17:19:49	34	63	0
Apr 14, 2014 17:19:50	40	57	0
Apr 14, 2014 17:19:51	48	56	0
Apr 14, 2014 17:19:52	57	38	0
Apr 14, 2014 17:19:53	56	44	0
Apr 14, 2014 17:19:54	44	66	0
Apr 14, 2014 17:19:55	34	75	0
Apr 14, 2014 17:19:56	51	75	0
Apr 14, 2014 17:19:57	53	70	0
Apr 14, 2014 17:19:58	51	54	0
Apr 14, 2014 17:19:59	60	63	0
Apr 14, 2014 17:20:00	64	66	0
Apr 14, 2014 17:20:01	61	54	0
Apr 14, 2014 17:20:02	63	66	0
Apr 14, 2014 17:20:03	44	54	0
Apr 14, 2014 17:20:04	34	53	0
Apr 14, 2014 17:20:06	44	56	0
Apr 14, 2014 17:20:07	44	56	0
Apr 14, 2014 17:20:08	44	56	0
Apr 14, 2014 17:20:09	66	70	0
Apr 14, 2014 17:20:10	64	74	0
Apr 14, 2014 17:20:11	56	74	0
Apr 14, 2014 17:20:12	47	61	0
Apr 14, 2014 17:20:13	29	54	0
Apr 14, 2014 17:20:14	8	63	0
Apr 14, 2014 17:20:15	24	54	0
Apr 14, 2014 17:20:16	41	60	0
Apr 14, 2014 17:20:17	53	63	0
Apr 14, 2014 17:20:18	70	60	0
Apr 14, 2014 17:20:19	66	63	0
Apr 14, 2014 17:20:20	56	64	0
Apr 14, 2014 17:20:21	44	53	0
Apr 14, 2014 17:20:22	40	44	0
Apr 14, 2014 17:20:23	27	38	0
Apr 14, 2014 17:20:24	27	23	0
Apr 14, 2014 17:20:25	35	24	0
Apr 14, 2014 17:20:26	53	41	0
Apr 14, 2014 17:20:27	56	51	0
Apr 14, 2014 17:20:28	44	61	0
Apr 14, 2014 17:20:29	41	63	0
Apr 14, 2014 17:20:30	37	64	0
Apr 14, 2014 17:20:31	37	57	0
Apr 14, 2014 17:20:32	41	57	0
Apr 14, 2014 17:20:33	43	61	0
Apr 14, 2014 17:20:34	41	67	0
Apr 14, 2014 17:20:35	44	54	0
Apr 14, 2014 17:20:36	51	61	0
Apr 14, 2014 17:20:37	34	54	0
Apr 14, 2014 17:20:38	24	40	0
Apr 14, 2014 17:20:39	21	43	0
Apr 14, 2014 17:20:40	3	35	0
Apr 14, 2014 17:20:42	8	29	0
Apr 14, 2014 17:20:43	24	41	0
Apr 14, 2014 17:20:44	21	54	0
Apr 14, 2014 17:20:45	21	51	0
Apr 14, 2014 17:20:46	38	66	0
Apr 14, 2014 17:20:47	41	54	0
Apr 14, 2014 17:20:48	41	54	0
Apr 14, 2014 17:20:49	67	56	0
Apr 14, 2014 17:20:50	47	56	0
Apr 14, 2014 17:20:51	40	64	0
Apr 14, 2014 17:20:52	35	81	0
Apr 14, 2014 17:20:53	40	74	0
Apr 14, 2014 17:20:54	57	66	0
Apr 14, 2014 17:20:55	54	64	0
Apr 14, 2014 17:20:56	54	53	0
Apr 14, 2014 17:20:57	41	56	0
Apr 14, 2014 17:20:58	43	60	0
Apr 14, 2014 17:20:59	38	50	0
Apr 14, 2014 17:21:00	51	47	0
Apr 14, 2014 17:21:01	54	37	0
Apr 14, 2014 17:21:02	43	37	0
Apr 14, 2014 17:21:03	51	50	0
Apr 14, 2014 17:21:04	37	50	0
Apr 14, 2014 17:21:05	35	56	0
Apr 14, 2014 17:21:06	54	44	0
Apr 14, 2014 17:21:07	51	53	0
Apr 14, 2014 17:21:08	53	56	0
Apr 14, 2014 17:21:09	44	48	0
Apr 14, 2014 17:21:10	41	50	0
Apr 14, 2014 17:21:11	53	38	0
Apr 14, 2014 17:21:12	63	43	0
Apr 14, 2014 17:21:13	66	60	0
Apr 14, 2014 17:21:14	53	87	0
Apr 14, 2014 17:21:15	53	80	0
Apr 14, 2014 17:21:16	54	88	0
Apr 14, 2014 17:21:17	56	84	0
Apr 14, 2014 17:21:19	51	66	0
Apr 14, 2014 17:21:20	47	75	0
Apr 14, 2014 17:21:21	40	63	0
Apr 14, 2014 17:21:22	34	63	0
Apr 14, 2014 17:21:23	29	60	0
Apr 14, 2014 17:21:24	38	47	0
Apr 14, 2014 17:21:25	48	43	0
Apr 14, 2014 17:21:26	53	35	0
Apr 14, 2014 17:21:27	70	38	0
Apr 14, 2014 17:21:28	61	54	0
Apr 14, 2014 17:21:29	51	74	0
Apr 14, 2014 17:21:30	54	81	0
Apr 14, 2014 17:21:31	54	87	0
Apr 14, 2014 17:21:32	63	91	0
Apr 14, 2014 17:21:33	56	97	0
Apr 14, 2014 17:21:34	51	87	0
Apr 14, 2014 17:21:35	44	96	0
Apr 14, 2014 17:21:36	41	96	0
Apr 14, 2014 17:21:37	60	87	0
Apr 14, 2014 17:21:38	61	94	0
Apr 14, 2014 17:21:39	54	70	0
Apr 14, 2014 17:21:40	50	74	0
Apr 14, 2014 17:21:41	35	80	0
Apr 14, 2014 17:21:42	38	80	0
Apr 14, 2014 17:21:43	51	94	0
Apr 14, 2014 17:21:44	57	88	0
Apr 14, 2014 17:21:45	64	87	0
Apr 14, 2014 17:21:46	37	83	0
Apr 14, 2014 17:21:47	38	74	0
Apr 14, 2014 17:21:48	35	74	0
Apr 14, 2014 17:21:49	30	64	0
Apr 14, 2014 17:21:50	48	75	0
Apr 14, 2014 17:21:51	40	74	0
Apr 14, 2014 17:21:52	23	60	0
Apr 14, 2014 17:21:53	30	64	0
Apr 14, 2014 17:21:54	30	64	0
Apr 14, 2014 17:21:56	38	77	0
Apr 14, 2014 17:21:57	60	69	0
Apr 14, 2014 17:21:58	54	77	0
Apr 14, 2014 17:21:59	63	57	0
Apr 14, 2014 17:22:00	53	67	0
Apr 14, 2014 17:22:01	44	56	0
Apr 14, 2014 17:22:02	41	60	0
Apr 14, 2014 17:22:03	34	57	0
Apr 14, 2014 17:22:04	26	48	0
Apr 14, 2014 17:22:05	26	38	0
Apr 14, 2014 17:22:06	23	30	0
Apr 14, 2014 17:22:07	13	16	0
Apr 14, 2014 17:22:08	35	16	0
Apr 14, 2014 17:22:09	34	34	0
Apr 14, 2014 17:22:10	27	21	0
Apr 14, 2014 17:22:11	48	41	0
Apr 14, 2014 17:22:12	44	61	0
Apr 14, 2014 17:22:13	53	63	0
Apr 14, 2014 17:22:14	63	80	0
Apr 14, 2014 17:22:15	63	69	0
Apr 14, 2014 17:22:16	66	60	0
Apr 14, 2014 17:22:17	69	54	0
Apr 14, 2014 17:22:18	61	48	0
Apr 14, 2014 17:22:19	51	57	0
Apr 14, 2014 17:22:20	56	47	0
Apr 14, 2014 17:22:21	48	34	0
Apr 14, 2014 17:22:22	35	24	0
Apr 14, 2014 17:22:23	41	10	0
Apr 14, 2014 17:22:24	41	26	0
Apr 14, 2014 17:22:25	44	38	0
Apr 14, 2014 17:22:26	69	64	0
Apr 14, 2014 17:22:27	69	80	0
Apr 14, 2014 17:22:28	63	67	0
Apr 14, 2014 17:22:29	69	70	0
Apr 14, 2014 17:22:30	70	61	0
Apr 14, 2014 17:22:32	63	53	0
Apr 14, 2014 17:22:33	48	48	0
Apr 14, 2014 17:22:34	34	50	0
Apr 14, 2014 17:22:35	38	47	0
Apr 14, 2014 17:22:36	43	53	0
Apr 14, 2014 17:22:37	54	48	0
Apr 14, 2014 17:22:38	63	54	0
Apr 14, 2014 17:22:39	67	66	0
Apr 14, 2014 17:22:40	63	57	0
Apr 14, 2014 17:22:41	48	61	0
Apr 14, 2014 17:22:42	38	54	0
Apr 14, 2014 17:22:43	29	47	0
Apr 14, 2014 17:22:44	24	47	0
Apr 14, 2014 17:22:45	29	44	0
Apr 14, 2014 17:22:46	43	35	0
Apr 14, 2014 17:22:47	24	21	0
Apr 14, 2014 17:22:48	13	3	0
Apr 14, 2014 17:22:49	14	10	0
Apr 14, 2014 17:22:50	1	20	0
Apr 14, 2014 17:22:51	8	20	0
Apr 14, 2014 17:22:52	21	30	0
Apr 14, 2014 17:22:53	30	21	0
Apr 14, 2014 17:22:54	50	17	0
Apr 14, 2014 17:22:55	64	27	0
Apr 14, 2014 17:22:56	69	35	0
Apr 14, 2014 17:22:57	78	29	0
Apr 14, 2014 17:22:58	74	34	0
Apr 14, 2014 17:22:59	61	24	0
Apr 14, 2014 17:23:00	57	27	0
Apr 14, 2014 17:23:01	43	37	0
Apr 14, 2014 17:23:02	50	38	0
Apr 14, 2014 17:23:03	56	48	0
Apr 14, 2014 17:23:04	60	50	0
Apr 14, 2014 17:23:05	53	56	0
Apr 14, 2014 17:23:06	50	60	0
Apr 14, 2014 17:23:07	54	57	0
Apr 14, 2014 17:23:09	56	70	0
Apr 14, 2014 17:23:10	47	70	0
Apr 14, 2014 17:23:11	47	70	26
Apr 14, 2014 17:23:12	47	80	0
Apr 14, 2014 17:23:13	26	64	0
Apr 14, 2014 17:23:14	24	53	0
Apr 14, 2014 17:23:15	43	50	0
Apr 14, 2014 17:23:16	56	38	0
Apr 14, 2014 17:23:17	75	40	0
Apr 14, 2014 17:23:18	67	43	0
Apr 14, 2014 17:23:19	70	48	0
Apr 14, 2014 17:23:20	66	54	0
Apr 14, 2014 17:23:21	67	70	0
Apr 14, 2014 17:23:22	78	69	0
Apr 14, 2014 17:23:23	67	51	0
Apr 14, 2014 17:23:24	75	47	0
Apr 14, 2014 17:23:25	70	34	0
Apr 14, 2014 17:23:26	77	35	0
Apr 14, 2014 17:23:27	75	53	0
Apr 14, 2014 17:23:28	61	67	0
Apr 14, 2014 17:23:29	61	77	0
Apr 14, 2014 17:23:30	61	69	0
Apr 14, 2014 17:23:31	77	56	0
Apr 14, 2014 17:23:32	90	37	0
Apr 14, 2014 17:23:33	91	34	0
Apr 14, 2014 17:23:34	84	57	0
Apr 14, 2014 17:23:35	80	70	0
Apr 14, 2014 17:23:36	80	69	0
Apr 14, 2014 17:23:37	87	57	0
Apr 14, 2014 17:23:38	83	57	0
Apr 14, 2014 17:23:39	78	61	0
Apr 14, 2014 17:23:40	81	64	0
Apr 14, 2014 17:23:41	63	74	0
Apr 14, 2014 17:23:42	69	67	0
Apr 14, 2014 17:23:43	75	64	0
Apr 14, 2014 17:23:45	66	69	0
Apr 14, 2014 17:23:46	77	75	0
Apr 14, 2014 17:23:47	54	63	0
Apr 14, 2014 17:23:48	41	63	0
Apr 14, 2014 17:23:49	24	53	0
Apr 14, 2014 17:23:50	23	43	0
Apr 14, 2014 17:23:51	34	61	0
Apr 14, 2014 17:23:52	53	54	0
Apr 14, 2014 17:23:53	63	51	0
Apr 14, 2014 17:23:54	78	50	0
Apr 14, 2014 17:23:55	80	51	0
Apr 14, 2014 17:23:56	70	61	0
Apr 14, 2014 17:23:57	74	69	0
Apr 14, 2014 17:23:58	47	69	0
Apr 14, 2014 17:23:59	60	61	0
Apr 14, 2014 17:24:00	47	66	0
Apr 14, 2014 17:24:01	48	67	0
Apr 14, 2014 17:24:02	61	81	0
Apr 14, 2014 17:24:03	44	90	0
Apr 14, 2014 17:24:04	53	66	0
Apr 14, 2014 17:24:05	43	56	0
Apr 14, 2014 17:24:06	24	29	0
Apr 14, 2014 17:24:07	13	38	0
Apr 14, 2014 17:24:08	20	53	0
Apr 14, 2014 17:24:09	34	54	0
Apr 14, 2014 17:24:10	47	51	0
Apr 14, 2014 17:24:11	74	54	0
Apr 14, 2014 17:24:12	64	40	0
Apr 14, 2014 17:24:13	70	44	0
Apr 14, 2014 17:24:14	69	47	0
Apr 14, 2014 17:24:15	63	51	0
Apr 14, 2014 17:24:16	78	70	0
