00:00:00	43	87	0
00:00:01	43	87	0
00:00:02	69	84	0
00:00:03	70	64	0
00:00:04	75	69	0
00:00:05	80	64	0
00:00:06	77	37	0
00:00:07	78	50	0
00:00:08	83	38	0
00:00:09	78	30	0
00:00:10	90	54	0
00:00:11	94	61	0
00:00:12	100	66	0
00:00:14	100	83	0
00:00:15	94	77	0
00:00:16	70	50	0
00:00:17	66	53	0
00:00:18	70	69	0
00:00:19	81	74	0
00:00:20	70	69	0
00:00:21	64	53	0
00:00:22	61	60	0
00:00:23	50	70	0
00:00:24	53	74	0
00:00:25	43	56	0
00:00:26	38	27	0
00:00:27	43	23	0
00:00:28	74	35	0
00:00:29	94	64	0
00:00:30	97	75	0
00:00:31	100	67	0
00:00:32	94	63	0
00:00:33	83	47	0
00:00:34	83	54	0
00:00:35	63	64	0
00:00:36	51	56	0
00:00:37	41	61	0
00:00:38	38	53	0
00:00:39	48	60	0
00:00:40	57	67	0
00:00:41	74	70	0
00:00:42	88	81	0
00:00:43	88	84	0
00:00:44	84	94	0
00:00:45	94	100	0
00:00:46	93	100	0
00:00:47	100	91	0
00:00:48	100	91	0
00:00:50	100	81	0
00:00:51	100	78	0
00:00:52	91	75	0
00:00:53	91	78	0
00:00:54	93	80	0
00:00:55	88	91	0
00:00:56	83	100	0
00:00:57	64	80	0
00:00:58	60	70	0
00:00:59	67	64	0
00:01:00	83	57	0
00:01:01	91	81	0
00:01:02	100	91	0
00:01:03	100	81	0
00:01:04	93	84	0
00:01:05	97	66	0
00:01:06	77	51	0
00:01:07	57	61	0
00:01:08	61	69	0
00:01:09	64	74	0
00:01:10	83	81	0
00:01:11	100	88	0
00:01:12	100	67	0
00:01:13	96	75	0
00:01:14	93	69	0
00:01:15	81	70	0
00:01:16	61	70	0
00:01:17	61	63	0
00:01:18	44	50	0
00:01:19	34	57	0
00:01:20	29	57	0
00:01:21	48	63	0
00:01:22	38	60	0
00:01:23	53	51	0
00:01:24	67	57	0
00:01:25	56	63	0
00:01:27	74	63	0
00:01:28	84	63	0
00:01:29	81	60	0
00:01:30	91	66	0
00:01:31	96	69	0
00:01:32	100	78	0
00:01:33	100	81	0
00:01:34	100	83	0
00:01:35	93	84	0
00:01:36	81	78	0
00:01:37	74	66	0
00:01:38	61	51	0
00:01:39	61	48	0
00:01:40	67	51	0
00:01:41	67	51	0
00:01:42	88	75	0
00:01:43	97	84	0
00:01:44	94	83	0
00:01:45	88	83	0
00:01:46	80	93	0
00:01:47	66	100	0
00:01:48	54	100	0
00:01:49	74	100	0
00:01:50	78	97	0
00:01:51	91	93	0
00:01:52	81	100	0
00:01:53	93	100	0
00:01:54	91	97	0
00:01:55	90	69	0
00:01:56	91	66	0
00:01:57	81	74	0
00:01:58	78	70	0
00:01:59	80	83	0
00:02:00	77	61	0
00:02:01	87	54	0
00:02:02	78	56	0
00:02:04	77	54	0
00:02:05	80	75	0
00:02:06	78	80	0
00:02:07	77	93	0
00:02:08	78	100	0
00:02:09	66	93	0
00:02:10	56	80	0
00:02:11	48	56	0
00:02:12	40	50	0
00:02:13	44	43	0
00:02:14	44	48	0
00:02:15	50	48	0
00:02:16	67	56	0
00:02:17	74	60	0
00:02:18	80	57	0
00:02:19	81	44	0
00:02:20	60	47	0
00:02:21	57	43	0
00:02:22	37	50	0
00:02:23	40	43	0
00:02:24	51	47	0
00:02:25	75	56	0
00:02:26	94	64	0
00:02:27	100	70	0
00:02:28	100	83	0
00:02:29	93	93	0
00:02:30	84	96	0
00:02:31	84	93	0
00:02:32	78	81	0
00:02:33	81	77	0
00:02:34	83	67	0
00:02:35	80	67	0
00:02:36	83	69	0
00:02:37	77	50	0
00:02:38	74	69	0
00:02:39	50	67	0
00:02:41	56	75	0
00:02:42	67	88	0
00:02:43	66	61	0
00:02:44	78	66	0
00:02:45	61	48	0
00:02:46	67	57	0
00:02:47	69	69	0
00:02:48	60	56	0
00:02:49	74	77	0
00:02:50	69	64	0
00:02:51	78	75	0
00:02:52	100	78	0
00:02:53	100	66	0
00:02:54	100	57	0
00:02:55	100	69	0
00:02:56	100	64	0
00:02:57	100	74	0
00:02:58	88	84	0
00:02:59	66	54	0
00:03:00	66	54	0
00:03:01	20	43	0
00:03:02	27	41	0
00:03:03	50	60	0
00:03:04	69	88	0
00:03:05	80	88	0
00:03:06	80	78	0
00:03:07	66	77	0
00:03:08	57	60	0
00:03:09	56	56	0
00:03:10	56	60	0
00:03:11	66	67	0
00:03:12	70	81	0
00:03:13	75	64	0
00:03:14	66	66	0
00:03:15	56	61	0
00:03:16	61	60	0
00:03:18	60	69	0
00:03:19	56	70	0
00:03:20	61	66	0
00:03:21	50	67	0
00:03:22	47	63	0
00:03:23	47	69	0
00:03:24	44	77	0
00:03:25	50	70	0
00:03:26	41	66	0
00:03:27	40	69	0
00:03:28	34	77	0
00:03:29	30	69	0
00:03:30	30	64	0
00:03:31	35	74	0
00:03:32	44	67	0
00:03:33	53	56	0
00:03:34	64	70	0
00:03:35	67	69	0
00:03:36	75	77	0
00:03:37	70	97	0
00:03:38	70	93	0
00:03:39	66	88	0
00:03:40	61	83	0
00:03:41	57	70	0
00:03:42	44	70	0
00:03:43	43	60	0
00:03:44	41	61	0
00:03:45	50	74	0
00:03:46	57	80	0
00:03:47	61	96	0
00:03:48	53	81	0
00:03:49	53	69	0
00:03:50	61	69	0
00:03:51	57	61	0
00:03:52	44	69	0
00:03:53	43	75	0
00:03:54	41	70	0
00:03:56	51	69	0
00:03:57	74	77	0
00:03:58	69	80	0
00:03:59	61	84	0
00:04:00	53	87	0
00:04:01	48	88	0
00:04:02	66	87	0
00:04:03	66	66	0
00:04:04	67	64	0
00:04:05	50	56	0
00:04:06	56	54	0
00:04:07	51	74	0
00:04:08	64	67	0
00:04:09	70	87	0
00:04:10	47	88	0
00:04:11	61	84	0
00:04:12	50	88	0
00:04:13	66	83	0
00:04:14	74	81	0
00:04:15	70	84	0
00:04:16	64	80	0
00:04:17	54	80	0
00:04:18	66	77	0
00:04:19	61	69	0
00:04:20	78	77	0
00:04:21	81	78	0
00:04:22	81	90	0
00:04:23	87	97	0
00:04:24	84	100	0
00:04:25	75	100	0
00:04:26	75	96	0
00:04:27	63	100	0
00:04:28	51	80	0
00:04:29	41	80	0
00:04:30	37	50	0
00:04:32	40	51	0
00:04:33	40	51	0
00:04:34	53	47	0
00:04:35	67	60	0
00:04:36	63	57	0
00:04:37	60	54	0
00:04:38	41	38	0
00:04:39	38	53	0
00:04:40	43	47	0
00:04:41	27	44	0
00:04:42	38	63	0
00:04:43	41	41	0
00:04:44	61	51	0
00:04:45	78	63	0
00:04:46	70	54	0
00:04:47	60	57	0
00:04:48	37	64	0
00:04:49	34	60	0
00:04:50	48	47	0
00:04:51	74	41	0
00:04:52	84	35	0
00:04:53	81	44	0
00:04:54	78	56	0
00:04:55	67	63	0
00:04:56	57	69	0
00:04:57	63	66	0
00:04:58	50	64	0
00:04:59	50	63	0
00:05:00	44	56	0
00:05:01	50	61	0
00:05:02	43	77	0
00:05:03	53	84	0
00:05:04	57	94	0
00:05:05	69	84	0
00:05:06	69	77	0
00:05:08	56	80	0
00:05:09	61	56	0
00:05:10	53	66	0
00:05:11	60	74	0
00:05:12	54	54	0
00:05:13	61	66	0
00:05:14	66	67	0
00:05:15	54	37	0
00:05:16	63	51	0
00:05:17	44	37	0
00:05:18	38	29	0
00:05:19	37	61	0
00:05:20	37	44	0
00:05:21	37	61	0
00:05:22	43	66	0
00:05:23	54	69	0
00:05:24	60	81	0
00:05:25	80	88	0
00:05:26	67	87	0
00:05:27	66	81	0
00:05:28	66	78	0
00:05:29	57	74	0
00:05:30	61	64	0
00:05:31	51	77	0
00:05:32	56	77	0
00:05:33	69	77	0
00:05:34	74	77	0
00:05:35	78	67	0
00:05:36	74	70	0
00:05:37	64	81	0
00:05:38	60	88	0
00:05:39	61	87	0
00:05:40	54	78	0
00:05:41	57	75	0
00:05:42	64	66	0
00:05:44	63	64	0
00:05:45	57	69	0
00:05:46	63	66	0
00:05:47	61	77	0
00:05:48	43	74	0
00:05:49	41	75	0
00:05:50	37	80	0
00:05:51	20	69	0
00:05:52	34	63	0
00:05:53	41	56	0
00:05:54	43	56	0
00:05:55	53	67	0
00:05:56	63	78	0
00:05:57	57	75	0
00:05:58	51	67	0
00:05:59	34	48	0
00:06:00	34	48	0
00:06:01	41	67	0
00:06:02	51	77	0
00:06:03	63	66	0
00:06:04	57	51	0
00:06:05	44	44	0
00:06:06	50	51	0
00:06:07	43	50	0
00:06:08	51	57	0
00:06:09	61	60	0
00:06:10	67	41	0
00:06:11	70	47	0
00:06:12	70	53	0
00:06:13	74	54	0
00:06:14	69	69	0
00:06:15	69	75	0
00:06:16	66	63	0
00:06:17	57	60	0
00:06:18	51	54	0
00:06:19	41	67	0
00:06:21	35	69	0
00:06:22	27	66	0
00:06:23	26	75	0
00:06:24	40	63	0
00:06:25	53	75	0
00:06:26	61	80	0
00:06:27	60	84	0
00:06:28	57	81	0
00:06:29	53	61	0
00:06:30	48	64	0
00:06:31	53	66	0
00:06:32	50	61	0
00:06:33	48	57	0
00:06:34	50	41	0
00:06:35	41	26	0
00:06:36	41	48	0
00:06:37	54	54	0
00:06:38	61	51	0
00:06:39	51	50	0
00:06:40	48	51	0
00:06:41	51	56	0
00:06:42	53	69	0
00:06:43	61	74	0
00:06:44	69	67	0
00:06:45	64	66	0
00:06:46	67	74	0
00:06:47	70	80	0
00:06:48	70	75	0
00:06:49	64	70	0
00:06:50	64	53	0
00:06:51	63	60	0
00:06:52	66	67	0
00:06:53	60	77	0
00:06:54	54	88	0
00:06:55	56	70	0
00:06:57	53	66	0
00:06:58	56	66	0
00:06:59	54	53	0
00:07:00	48	56	0
00:07:01	43	67	0
00:07:02	50	66	0
00:07:03	47	78	0
00:07:04	44	84	0
00:07:05	35	77	0
00:07:06	48	66	0
00:07:07	56	70	0
00:07:08	54	74	0
00:07:09	53	64	0
00:07:10	43	75	0
00:07:11	47	69	0
00:07:12	63	63	0
00:07:13	78	53	0
00:07:14	75	30	0
00:07:15	57	37	0
00:07:16	50	40	0
00:07:17	26	41	0
00:07:18	16	53	0
00:07:19	21	23	0
00:07:20	21	26	0
00:07:21	20	26	0
00:07:22	26	21	0
00:07:23	38	44	0
00:07:24	44	48	0
00:07:25	43	54	0
00:07:26	47	63	0
00:07:27	41	63	0
00:07:28	47	56	0
00:07:29	48	56	0
00:07:30	61	61	0
00:07:31	69	66	0
00:07:33	61	78	0
00:07:34	70	78	0
00:07:35	48	63	0
00:07:36	43	60	0
00:07:37	40	53	0
00:07:38	48	57	0
00:07:39	41	63	0
00:07:40	41	64	0
00:07:41	40	69	0
00:07:42	48	83	0
00:07:43	48	91	0
00:07:44	66	90	0
00:07:45	69	81	0
00:07:46	61	80	0
00:07:47	66	66	0
00:07:48	38	63	0
00:07:49	30	56	0
00:07:50	41	53	0
00:07:51	41	48	0
00:07:52	48	56	0
00:07:53	61	75	0
00:07:54	69	70	0
00:07:55	61	83	0
00:07:56	77	84	0
00:07:57	64	80	0
00:07:58	57	78	0
00:07:59	54	63	0
00:08:00	50	60	0
00:08:01	43	40	0
00:08:02	41	37	0
00:08:03	48	48	0
00:08:04	38	44	0
00:08:05	56	61	0
00:08:06	60	77	0
00:08:07	66	63	0
00:08:08	78	63	0
00:08:10	77	54	0
00:08:11	75	51	0
00:08:12	61	56	0
00:08:13	67	56	0
00:08:14	69	53	0
00:08:15	67	48	0
00:08:16	74	56	0
00:08:17	74	47	0
00:08:18	69	44	0
00:08:19	50	57	0
00:08:20	41	57	0
00:08:21	37	69	0
00:08:22	35	74	0
00:08:23	54	69	0
00:08:24	66	54	0
00:08:25	47	41	0
00:08:26	35	41	0
00:08:27	41	47	0
00:08:28	41	57	0
00:08:29	48	56	0
00:08:30	60	50	0
00:08:31	41	43	0
00:08:32	29	34	0
00:08:33	35	35	0
00:08:34	35	37	0
00:08:35	38	41	0
00:08:36	41	43	0
00:08:37	50	47	0
00:08:38	48	50	0
00:08:39	38	47	0
00:08:40	35	38	0
00:08:41	47	41	0
00:08:42	66	56	0
00:08:43	63	53	0
00:08:44	66	67	0
00:08:45	53	67	0
00:08:46	38	44	0
00:08:48	37	47	0
00:08:49	44	44	0
00:08:50	54	47	0
00:08:51	77	61	0
00:08:52	91	60	0
00:08:53	90	53	0
00:08:54	94	53	0
00:08:55	81	56	0
00:08:56	69	53	0
00:08:57	60	57	0
00:08:58	54	61	0
00:08:59	54	61	0
00:09:00	48	64	0
00:09:01	50	63	0
00:09:02	53	53	0
00:09:03	61	43	0
00:09:04	78	40	0
00:09:05	97	48	0
00:09:06	93	61	0
00:09:07	84	75	0
00:09:08	80	67	0
00:09:09	61	67	0
00:09:10	53	61	0
00:09:11	47	47	0
00:09:12	47	66	0
00:09:13	43	54	0
00:09:14	44	64	0
00:09:15	38	51	0
00:09:16	29	23	0
00:09:17	47	40	0
00:09:18	47	40	0
00:09:19	54	54	0
00:09:20	75	67	0
00:09:21	56	61	0
00:09:22	61	69	0
00:09:23	60	54	0
00:09:25	56	67	0
00:09:26	44	51	0
00:09:27	54	29	0
00:09:28	47	24	0
00:09:29	47	26	0
00:09:30	61	38	0
00:09:31	48	44	0
00:09:32	51	51	0
00:09:33	57	41	0
00:09:34	78	53	0
00:09:35	80	64	0
00:09:36	83	63	0
00:09:37	70	56	0
00:09:38	57	44	0
00:09:39	48	41	0
00:09:40	40	48	0
00:09:41	29	67	0
00:09:42	37	66	0
00:09:43	40	77	0
00:09:44	48	53	0
00:09:45	48	66	0
00:09:46	61	57	0
00:09:47	90	67	0
00:09:48	81	74	0
00:09:49	80	61	0
00:09:50	63	56	0
00:09:51	54	61	0
00:09:52	43	47	0
00:09:53	38	44	0
00:09:54	53	51	0
00:09:55	60	48	0
00:09:56	70	66	0
00:09:57	78	70	0
00:09:58	78	60	0
00:09:59	69	67	0
00:10:01	60	60	0
00:10:02	53	53	0
00:10:03	51	60	0
00:10:04	51	57	0
00:10:05	61	57	0
00:10:06	61	60	0
00:10:07	47	50	0
00:10:08	60	44	0
00:10:09	53	37	0
00:10:10	54	50	0
00:10:11	75	61	0
00:10:12	44	51	0
00:10:13	56	61	0
00:10:14	54	56	0
00:10:15	56	70	0
00:10:16	60	61	0
00:10:17	67	64	0
00:10:18	88	70	0
00:10:19	100	61	0
00:10:20	96	75	0
00:10:21	87	60	0
00:10:22	74	66	0
00:10:23	70	57	0
00:10:24	77	48	0
00:10:25	81	50	0
00:10:26	93	48	0
00:10:27	80	66	0
00:10:28	80	78	0
00:10:29	84	93	0
00:10:30	56	81	0
00:10:31	61	67	0
00:10:32	54	63	0
00:10:33	51	56	0
00:10:34	61	54	0
00:10:35	57	54	0
00:10:37	51	50	0
00:10:38	48	47	0
00:10:39	60	53	0
00:10:40	61	63	0
00:10:41	67	74	0
00:10:42	70	80	0
00:10:43	66	64	0
00:10:44	70	64	0
00:10:45	66	57	0
00:10:46	56	34	0
00:10:47	47	57	0
00:10:48	47	66	0
00:10:49	60	94	0
00:10:50	60	87	0
00:10:51	60	83	0
00:10:52	60	78	0
00:10:53	50	70	0
00:10:54	34	69	0
00:10:55	29	60	0
00:10:56	43	57	0
00:10:57	53	53	0
00:10:58	77	53	0
00:10:59	90	48	0
00:11:00	78	43	0
00:11:01	80	40	0
00:11:02	78	43	0
00:11:03	69	53	0
00:11:04	63	51	0
00:11:05	67	57	0
00:11:06	66	64	0
00:11:07	63	67	0
00:11:08	61	63	0
00:11:09	44	63	0
00:11:10	35	56	0
00:11:11	16	34	0
00:11:12	23	43	0
00:11:14	24	50	0
00:11:15	38	50	0
00:11:16	63	70	0
00:11:17	54	67	0
00:11:18	54	54	0
00:11:19	57	56	0
00:11:20	77	56	0
00:11:21	90	47	0
00:11:22	83	60	0
00:11:23	80	56	0
00:11:24	54	51	0
00:11:25	51	63	0
00:11:26	57	67	0
00:11:27	60	77	0
00:11:28	80	96	0
00:11:29	80	100	0
00:11:30	83	91	0
00:11:31	78	83	0
00:11:32	70	81	0
00:11:33	64	63	0
00:11:34	34	67	0
00:11:35	24	74	0
00:11:36	37	56	0
00:11:37	47	60	0
00:11:38	70	54	0
00:11:39	88	47	0
00:11:40	96	50	0
00:11:41	96	61	0
00:11:42	100	66	0
00:11:43	87	56	0
00:11:44	56	66	0
00:11:45	50	47	0
00:11:46	43	41	0
00:11:47	48	48	0
00:11:48	66	56	0
00:11:50	70	63	0
00:11:51	75	60	0
00:11:52	69	60	0
00:11:53	66	57	0
00:11:54	61	51	0
00:11:55	48	48	0
00:11:56	38	44	0
00:11:57	34	34	0
00:11:58	30	37	0
00:11:59	38	47	0
00:12:00	50	48	0
00:12:01	54	54	0
00:12:02	30	43	0
00:12:03	21	43	0
00:12:04	26	40	0
00:12:05	17	40	0
00:12:06	30	51	0
00:12:07	34	53	0
00:12:08	23	53	0
00:12:09	34	57	0
00:12:10	27	50	0
00:12:11	40	51	0
00:12:12	40	60	0
00:12:13	51	67	0
00:12:14	80	80	0
00:12:15	77	91	0
00:12:16	80	81	0
00:12:17	57	70	0
00:12:18	50	66	0
00:12:19	53	61	0
00:12:20	80	54	0
00:12:21	83	63	0
00:12:22	87	63	0
00:12:23	81	64	0
00:12:24	54	66	0
00:12:26	37	50	0
00:12:27	47	40	0
00:12:28	66	44	0
00:12:29	74	43	0
00:12:30	93	61	0
00:12:31	84	66	0
00:12:32	67	69	0
00:12:33	77	63	0
00:12:34	67	63	0
00:12:35	64	63	0
00:12:36	80	66	0
00:12:37	84	67	0
00:12:38	84	67	0
00:12:39	91	64	0
00:12:40	97	60	0
00:12:41	83	69	0
00:12:42	75	48	0
00:12:43	56	47	0
00:12:44	34	43	0
00:12:45	43	41	0
00:12:46	48	56	0
00:12:47	63	60	0
00:12:48	78	64	0
00:12:49	81	64	0
00:12:50	81	69	0
00:12:51	78	75	0
00:12:52	70	70	0
00:12:53	75	60	0
00:12:54	75	60	0
00:12:55	67	60	0
00:12:56	69	60	0
00:12:57	77	63	0
00:12:58	84	56	0
00:12:59	81	61	0
00:13:01	84	75	0
00:13:02	78	84	0
00:13:03	75	84	0
00:13:04	61	90	0
00:13:05	47	77	0
00:13:06	35	70	0
00:13:07	21	61	0
00:13:08	27	47	0
00:13:09	35	51	0
00:13:10	41	51	0
00:13:11	43	54	0
00:13:12	40	64	0
00:13:13	43	66	0
00:13:14	34	53	0
00:13:15	24	43	0
00:13:16	21	48	0
00:13:17	16	47	0
00:13:18	26	54	0
00:13:19	34	63	0
00:13:20	35	48	0
00:13:21	29	44	0
00:13:22	10	48	0
00:13:23	24	57	0
00:13:24	43	63	0
00:13:25	54	66	0
00:13:26	78	81	0
00:13:27	64	74	0
00:13:28	38	60	0
00:13:29	26	40	0
00:13:30	17	26	0
00:13:31	26	21	0
00:13:32	44	30	0
00:13:33	57	53	0
00:13:34	69	61	0
00:13:35	75	77	0
00:13:36	84	75	0
00:13:38	83	69	0
00:13:39	78	75	0
00:13:40	78	70	0
00:13:41	56	61	0
00:13:42	64	56	0
00:13:43	67	56	0
00:13:44	67	54	0
00:13:45	90	67	0
00:13:46	81	77	0
00:13:47	78	69	0
00:13:48	83	67	0
00:13:49	81	69	0
00:13:50	83	57	0
00:13:51	70	53	0
00:13:52	64	60	0
00:13:53	75	56	0
00:13:54	81	38	0
00:13:55	87	30	0
00:13:56	83	37	0
00:13:57	75	40	0
00:13:58	78	66	0
00:13:59	84	66	0
00:14:00	81	54	0
00:14:01	84	54	0
00:14:02	93	54	0
00:14:03	87	63	0
00:14:04	84	70	0
00:14:05	84	63	0
00:14:06	78	61	0
00:14:07	83	50	0
00:14:08	88	53	0
00:14:09	91	51	0
00:14:10	96	53	0
00:14:11	67	61	0
00:14:12	75	57	0
00:14:14	70	66	0
00:14:15	81	61	0
00:14:16	100	66	0
00:14:17	83	53	0
00:14:18	80	56	0
00:14:19	54	66	0
00:14:20	57	48	0
00:14:21	56	69	0
00:14:22	57	64	0
00:14:23	81	48	0
00:14:24	78	63	0
00:14:25	81	61	0
00:14:26	81	70	0
00:14:27	66	64	0
00:14:28	69	64	0
00:14:29	74	64	0
00:14:30	64	69	0
00:14:31	94	74	0
00:14:32	100	60	0
00:14:33	100	61	0
00:14:34	100	51	0
00:14:35	91	51	0
00:14:36	87	51	0
00:14:37	70	51	0
00:14:38	50	51	0
00:14:39	57	57	0
00:14:40	61	60	0
00:14:41	66	54	0
00:14:42	67	69	0
00:14:43	63	53	0
00:14:44	61	57	0
00:14:45	83	51	0
00:14:46	97	29	0
00:14:47	100	43	0
00:14:48	100	47	0
00:14:50	84	61	0
00:14:51	77	66	0
00:14:52	69	77	0
00:14:53	78	67	0
00:14:54	80	60	0
00:14:55	66	69	0
00:14:56	48	64	0
00:14:57	54	69	0
00:14:58	64	64	0
00:14:59	69	78	0
00:15:00	67	74	0
00:15:01	51	77	0
00:15:02	41	91	0
00:15:03	34	81	0
00:15:04	41	84	0
00:15:05	47	83	0
00:15:06	38	61	0
00:15:07	51	57	0
00:15:08	44	60	0
00:15:09	48	57	0
00:15:10	64	66	0
00:15:11	69	64	0
00:15:12	67	63	0
00:15:13	61	61	0
00:15:14	50	60	0
00:15:15	26	44	0
00:15:16	23	38	0
00:15:17	23	38	0
00:15:18	21	16	0
00:15:19	29	29	0
00:15:20	43	29	0
00:15:21	57	24	0
00:15:22	67	43	0
00:15:23	84	47	0
00:15:24	75	41	0
00:15:26	78	44	0
00:15:27	75	50	0
00:15:28	77	51	0
00:15:29	75	61	0
00:15:30	77	67	0
00:15:31	83	60	0
00:15:32	93	56	0
00:15:33	93	53	0
00:15:34	87	57	0
00:15:35	83	57	0
00:15:36	70	69	0
00:15:37	81	56	0
00:15:38	88	51	0
00:15:39	87	57	0
00:15:40	100	56	0
00:15:41	84	60	0
00:15:42	75	56	0
00:15:43	67	50	0
00:15:44	44	40	0
00:15:45	44	37	0
00:15:46	35	38	0
00:15:47	23	26	0
00:15:48	35	30	0
00:15:49	47	41	0
00:15:50	69	41	0
00:15:51	90	60	0
00:15:52	100	63	0
00:15:53	88	67	0
00:15:54	80	80	0
00:15:55	61	67	0
00:15:56	47	51	0
00:15:57	20	26	0
00:15:58	35	34	0
00:15:59	43	47	0
00:16:00	64	48	0
00:16:02	74	57	0
00:16:03	69	61	0
00:16:04	75	69	0
00:16:05	64	75	0
00:16:06	53	70	0
00:16:07	34	50	0
00:16:08	14	30	0
00:16:09	16	30	0
00:16:10	14	21	0
00:16:11	35	41	0
00:16:12	60	38	0
00:16:13	63	41	0
00:16:14	78	50	0
00:16:15	83	37	0
00:16:16	75	56	0
00:16:17	91	56	0
00:16:18	90	53	0
00:16:19	88	67	0
00:16:20	88	63	0
00:16:21	75	64	0
00:16:22	63	47	0
00:16:23	61	30	0
00:16:24	60	24	0
00:16:25	57	23	0
00:16:26	75	35	0
00:16:27	77	27	0
00:16:28	81	44	0
00:16:29	78	54	0
00:16:30	70	78	0
00:16:31	67	70	0
00:16:32	67	75	0
00:16:33	67	78	0
00:16:34	75	74	0
00:16:35	74	67	0
00:16:36	74	66	0
00:16:37	78	53	0
00:16:39	67	44	0
00:16:40	69	44	0
00:16:41	74	43	0
00:16:42	75	47	0
00:16:43	84	53	0
00:16:44	81	56	0
00:16:45	77	57	0
00:16:46	74	61	0
00:16:47	74	61	0
00:16:48	70	60	0
00:16:49	78	64	0
00:16:50	80	60	0
00:16:51	66	63	0
00:16:52	51	63	0
00:16:53	38	63	0
00:16:54	14	69	0
00:16:55	13	63	0
00:16:56	27	63	0
00:16:57	40	48	0
00:16:58	54	47	0
00:16:59	67	50	0
00:17:00	69	51	0
00:17:01	57	66	0
00:17:02	67	64	0
00:17:03	67	66	0
00:17:04	78	64	0
00:17:05	91	61	0
00:17:06	81	69	0
00:17:07	75	77	0
00:17:08	64	87	0
00:17:09	50	87	0
00:17:10	48	77	0
00:17:11	50	69	0
00:17:12	38	67	0
00:17:13	38	60	0
00:17:14	41	64	0
00:17:16	34	61	0
00:17:17	35	47	0
00:17:18	40	51	0
00:17:19	44	54	0
00:17:20	56	43	0
00:17:21	64	61	0
00:17:22	67	66	0
00:17:23	63	63	0
00:17:24	66	70	0
00:17:25	64	56	0
00:17:26	74	47	0
00:17:27	81	47	0
00:17:28	75	47	0
00:17:29	78	51	0
00:17:30	67	61	0
00:17:31	67	54	0
00:17:32	87	60	0
00:17:33	91	51	0
00:17:34	83	63	0
00:17:35	78	43	0
00:17:36	75	41	0
00:17:37	80	47	0
00:17:38	84	47	0
00:17:39	90	51	0
00:17:40	90	57	0
00:17:41	93	51	0
00:17:42	81	48	0
00:17:43	75	66	0
00:17:44	69	77	0
00:17:45	70	70	0
00:17:46	77	78	0
00:17:47	78	74	0
00:17:48	81	57	0
00:17:49	70	77	0
00:17:50	64	80	0
00:17:52	64	87	0
00:17:53	70	87	0
00:17:54	53	61	0
00:17:55	64	51	0
00:17:56	63	47	0
00:17:57	56	48	0
00:17:58	88	63	0
00:17:59	84	67	0
00:18:00	90	63	0
00:18:01	83	61	0
00:18:02	63	78	0
00:18:03	57	75	0
00:18:04	57	56	0
00:18:05	75	41	0
00:18:06	66	43	0
00:18:07	74	56	0
00:18:08	57	60	0
00:18:09	41	53	0
00:18:10	43	44	0
00:18:11	26	41	0
00:18:12	38	37	0
00:18:13	51	41	0
00:18:14	53	50	0
00:18:15	61	51	0
00:18:16	61	51	0
00:18:17	54	64	0
00:18:18	43	56	0
00:18:19	37	56	0
00:18:20	34	51	0
00:18:21	20	50	0
00:18:22	38	57	0
00:18:23	41	56	0
00:18:24	51	57	0
00:18:25	57	61	0
00:18:26	54	66	0
00:18:27	54	69	0
00:18:28	56	75	0
00:18:30	41	87	0
00:18:31	27	83	0
00:18:32	17	61	0
00:18:33	29	61	0
00:18:34	44	43	0
00:18:35	80	54	0
00:18:36	63	63	0
00:18:37	50	63	0
00:18:38	34	64	0
00:18:39	20	66	0
00:18:40	29	54	0
00:18:41	20	50	0
00:18:42	37	47	0
00:18:43	50	53	0
00:18:44	44	56	0
00:18:45	66	64	0
00:18:46	67	69	0
00:18:47	67	63	0
00:18:48	75	63	0
00:18:49	77	51	0
00:18:50	54	40	0
00:18:51	50	44	0
00:18:52	35	43	0
00:18:53	40	48	0
00:18:54	56	63	0
00:18:55	43	56	0
00:18:56	43	56	0
00:18:57	54	64	0
00:18:58	56	50	0
00:18:59	69	53	0
00:19:00	61	56	0
00:19:01	51	53	0
00:19:02	40	56	0
00:19:03	44	63	0
00:19:05	56	54	0
00:19:06	70	53	0
00:19:07	70	44	0
00:19:08	51	48	0
00:19:09	43	44	0
00:19:10	35	48	0
00:19:11	23	44	0
00:19:12	43	44	0
00:19:13	47	47	0
00:19:14	50	54	0
00:19:15	57	67	0
00:19:16	56	70	0
00:19:17	54	96	0
00:19:18	56	96	0
00:19:19	60	90	0
00:19:20	57	100	0
00:19:21	57	90	0
00:19:22	66	77	0
00:19:23	60	74	0
00:19:24	53	74	0
00:19:25	57	70	0
00:19:26	53	75	0
00:19:27	57	80	0
00:19:28	64	61	0
00:19:29	57	67	0
00:19:30	54	80	0
00:19:31	40	90	0
00:19:32	40	100	0
00:19:33	26	94	0
00:19:34	21	87	0
00:19:35	27	61	0
00:19:36	20	53	0
00:19:37	30	37	0
00:19:38	30	43	0
00:19:39	27	48	0
00:19:40	30	41	0
00:19:42	35	48	0
00:19:43	17	43	0
00:19:44	17	24	0
00:19:45	11	27	0
00:19:46	1	23	0
00:19:47	7	27	0
00:19:48	10	35	0
00:19:49	24	48	0
00:19:50	20	60	0
00:19:51	20	60	26
00:19:52	20	60	26
00:19:53	24	75	0
00:19:54	14	77	0
00:19:55	11	77	0
00:19:56	34	69	0
00:19:57	34	69	0
00:19:58	47	83	0
00:19:59	30	64	0
00:20:00	20	66	0
00:20:01	17	48	0
00:20:02	11	24	0
00:20:03	27	38	0
00:20:04	35	50	0
00:20:05	23	51	0
00:20:06	10	50	0
00:20:07	1	40	0
00:20:08	1	24	0
00:20:09	20	51	0
00:20:10	38	64	0
00:20:11	27	56	0
00:20:12	17	40	0
00:20:13	24	27	0
00:20:14	27	11	0
00:20:15	27	11	0
00:20:16	64	20	0
00:20:18	51	17	0
00:20:19	34	30	0
00:20:20	11	30	0
00:20:21	1	29	0
00:20:22	8	48	0
00:20:23	24	53	0
00:20:24	43	51	0
00:20:25	44	50	0
00:20:26	37	41	0
00:20:27	29	35	0
00:20:28	23	37	0
00:20:29	26	43	0
00:20:30	26	51	0
00:20:31	17	47	0
00:20:32	16	48	0
00:20:33	26	35	0
00:20:34	17	10	0
00:20:35	14	1	0
00:20:36	14	8	0
00:20:37	1	13	0
00:20:38	14	27	0
00:20:39	23	29	0
00:20:40	26	35	0
00:20:41	40	47	0
00:20:42	29	54	0
00:20:43	43	54	0
00:20:44	50	56	0
00:20:45	56	61	0
00:20:46	51	57	0
00:20:47	38	34	0
00:20:48	34	37	0
00:20:49	13	29	0
00:20:50	24	34	0
00:20:51	27	60	0
00:20:52	23	60	0
00:20:53	34	66	0
00:20:55	40	75	0
00:20:56	37	69	0
00:20:57	40	78	0
00:20:58	54	69	0
00:20:59	50	74	0
00:21:00	56	70	0
00:21:01	66	56	0
00:21:02	51	60	0
00:21:03	61	60	0
00:21:04	63	56	0
00:21:05	64	63	0
00:21:06	67	57	0
00:21:07	63	53	0
00:21:08	51	57	0
00:21:09	30	51	0
00:21:10	30	53	0
00:21:11	48	70	0
00:21:12	54	87	0
00:21:13	53	93	0
00:21:14	43	78	0
00:21:15	27	66	0
00:21:16	24	53	0
00:21:17	20	57	0
00:21:18	21	51	0
00:21:19	14	51	0
00:21:20	21	63	0
00:21:21	11	43	0
00:21:22	21	61	0
00:21:23	29	63	0
00:21:24	27	56	0
00:21:25	41	66	0
00:21:26	40	64	0
00:21:27	44	78	0
00:21:28	37	83	0
00:21:29	26	93	0
00:21:31	20	81	0
00:21:32	16	63	0
00:21:33	24	64	0
00:21:34	48	60	0
00:21:35	57	63	0
00:21:36	54	74	0
00:21:37	51	57	0
00:21:38	34	50	0
00:21:39	30	63	0
00:21:40	35	67	0
00:21:41	47	87	0
00:21:42	53	87	0
00:21:43	50	64	0
00:21:44	57	57	0
00:21:45	57	69	0
00:21:46	48	87	0
00:21:47	54	87	0
00:21:48	26	81	0
00:21:49	26	77	0
00:21:50	30	69	0
00:21:51	24	66	0
00:21:52	44	75	0
00:21:53	41	77	0
00:21:54	40	75	0
00:21:55	40	75	0
00:21:56	41	83	0
00:21:57	43	91	0
00:21:58	48	100	0
00:21:59	51	91	0
00:22:00	47	90	0
00:22:01	51	80	0
00:22:02	38	64	0
00:22:03	38	66	0
00:22:04	41	67	0
00:22:05	30	83	0
00:22:07	29	78	0
00:22:08	40	78	0
00:22:09	50	78	0
00:22:10	48	74	0
00:22:11	67	81	0
00:22:12	61	78	0
00:22:13	44	66	0
00:22:14	44	60	0
00:22:15	34	60	0
00:22:16	29	66	0
00:22:17	37	61	0
00:22:18	40	64	0
00:22:19	48	67	0
00:22:20	61	78	0
00:22:21	56	88	0
00:22:22	56	87	0
00:22:23	54	84	0
00:22:24	63	77	0
00:22:25	63	69	0
00:22:26	63	81	0
00:22:27	66	75	0
00:22:28	50	75	0
00:22:29	57	74	0
00:22:30	60	64	0
00:22:31	60	63	0
00:22:32	69	75	0
00:22:33	67	80	0
00:22:34	69	84	0
00:22:35	61	94	0
00:22:36	63	90	0
00:22:37	67	81	0
00:22:38	56	90	0
00:22:39	63	87	0
00:22:40	56	81	0
00:22:41	60	80	0
00:22:43	63	75	0
00:22:44	60	81	0
00:22:45	64	90	0
00:22:46	69	74	0
00:22:47	66	75	0
00:22:48	48	53	0
00:22:49	37	51	0
00:22:50	24	48	0
00:22:51	41	38	0
00:22:52	44	44	0
00:22:53	51	57	0
00:22:54	53	70	0
00:22:55	37	74	0
00:22:56	38	67	0
00:22:57	23	44	0
00:22:58	27	23	0
00:22:59	23	23	0
00:23:00	26	34	0
00:23:01	37	48	0
00:23:02	48	63	0
00:23:03	54	70	0
00:23:04	63	74	0
00:23:05	48	74	0
00:23:06	30	67	0
00:23:07	40	56	0
00:23:08	38	74	0
00:23:09	54	77	0
00:23:10	61	91	0
00:23:11	40	81	0
00:23:12	44	57	0
00:23:13	40	66	0
00:23:14	27	57	0
00:23:15	34	70	0
00:23:16	26	41	0
00:23:17	38	35	0
00:23:18	61	27	0
00:23:20	67	56	0
00:23:21	67	69	0
00:23:22	53	67	0
00:23:23	40	75	0
00:23:24	38	77	0
00:23:25	43	66	0
00:23:26	60	75	0
00:23:27	60	78	0
00:23:28	64	60	0
00:23:29	44	63	0
00:23:30	41	64	0
00:23:31	47	70	0
00:23:32	48	83	0
00:23:33	57	84	0
00:23:34	64	93	0
00:23:35	56	75	0
00:23:36	53	66	0
00:23:37	57	64	0
00:23:38	57	61	0
00:23:39	64	56	0
00:23:40	47	50	0
00:23:41	34	47	0
00:23:42	20	23	0
00:23:43	10	30	0
00:23:44	34	34	0
00:23:45	34	41	0
00:23:46	47	54	0
00:23:47	44	50	0
00:23:48	40	50	0
00:23:49	40	51	0
00:23:50	43	63	0
00:23:51	53	60	0
00:23:52	44	70	0
00:23:53	26	66	0
00:23:54	34	69	0
00:23:55	26	66	0
00:23:57	27	50	0
00:23:58	38	57	0
00:23:59	34	44	0
00:24:00	44	50	0
00:24:01	51	66	0
00:24:02	57	57	0
00:24:03	70	64	0
00:24:04	64	63	0
00:24:05	56	57	0
00:24:06	43	57	0
00:24:07	30	64	0
00:24:08	29	67	0
00:24:09	23	54	0
00:24:10	34	61	0
00:24:11	23	27	0
00:24:12	11	29	0
00:24:13	20	47	0
00:24:14	23	64	0
00:24:15	29	88	0
00:24:16	47	91	0
00:24:17	50	75	0
00:24:18	53	54	0
00:24:19	51	61	0
00:24:20	51	77	0
00:24:21	48	90	0
00:24:22	56	81	0
00:24:23	63	78	0
00:24:24	69	77	0
00:24:25	70	64	0
00:24:26	61	64	0
00:24:27	47	70	0
00:24:28	43	74	0
00:24:29	47	67	0
00:24:30	54	75	0
00:24:31	63	66	0
00:24:32	63	63	0
00:24:34	66	78	0
00:24:35	75	61	0
00:24:36	61	50	0
00:24:37	50	38	0
00:24:38	43	29	0
00:24:39	41	41	0
00:24:40	56	61	0
00:24:41	70	60	0
00:24:42	75	64	0
00:24:43	69	60	0
00:24:44	69	48	0
00:24:45	60	51	0
00:24:46	56	48	0
00:24:47	56	43	0
00:24:48	47	29	0
00:24:49	40	29	0
00:24:50	27	30	0
00:24:51	20	47	0
00:24:52	34	63	0
00:24:53	43	66	0
00:24:54	43	66	0
00:24:55	43	57	0
00:24:56	44	50	0
00:24:57	47	56	0
00:24:58	56	64	0
00:24:59	57	50	0
00:25:00	50	54	0
00:25:01	51	35	0
00:25:02	41	17	0
00:25:03	44	35	0
00:25:04	57	34	0
00:25:05	50	38	0
00:25:06	57	34	0
00:25:07	48	29	0
00:25:08	38	26	0
00:25:10	40	27	0
00:25:11	43	37	0
00:25:12	51	37	0
00:25:13	56	44	0
00:25:14	60	60	0
00:25:15	51	61	0
00:25:16	48	61	0
00:25:17	44	56	0
00:25:18	50	50	0
00:25:19	66	43	0
00:25:20	70	53	0
00:25:21	66	60	0
00:25:22	57	54	0
00:25:23	44	60	0
00:25:24	48	56	0
00:25:25	43	35	0
00:25:26	34	37	0
00:25:27	35	48	0
00:25:28	38	53	0
00:25:29	41	70	0
00:25:30	35	74	0
00:25:31	26	63	0
00:25:32	13	47	0
00:25:33	14	57	0
00:25:34	21	67	0
00:25:35	29	74	0
00:25:36	38	88	0
00:25:37	37	81	0
00:25:38	53	57	0
00:25:39	47	53	0
00:25:40	50	61	0
00:25:41	44	69	0
00:25:42	29	66	0
00:25:43	34	64	0
00:25:44	34	64	26
00:25:46	35	56	0
00:25:47	38	51	0
00:25:48	34	54	0
00:25:49	17	44	0
00:25:50	21	47	0
00:25:51	30	44	0
00:25:52	37	48	0
00:25:53	60	66	0
00:25:54	57	70	0
00:25:55	54	83	0
00:25:56	50	83	0
00:25:57	35	69	0
00:25:58	27	70	0
00:25:59	27	63	0
00:26:00	34	54	0
00:26:01	56	60	0
00:26:02	57	57	0
00:26:03	51	64	0
00:26:04	48	66	0
00:26:05	34	61	0
00:26:06	37	54	0
00:26:07	54	60	0
00:26:08	57	63	0
00:26:09	77	69	0
00:26:10	96	67	0
00:26:11	93	51	0
00:26:12	88	50	0
00:26:13	75	23	0
00:26:14	51	40	0
00:26:15	48	50	0
00:26:16	63	48	0
00:26:17	67	66	0
00:26:18	75	60	0
00:26:19	77	51	0
00:26:20	69	50	0
00:26:22	63	51	0
00:26:23	47	50	0
00:26:24	35	53	0
00:26:25	20	50	0
00:26:26	21	48	0
00:26:27	29	43	0
00:26:28	27	37	0
00:26:29	30	35	0
00:26:30	37	37	0
00:26:31	24	43	0
00:26:32	27	54	0
00:26:33	14	48	0
00:26:34	14	41	0
00:26:35	14	30	0
00:26:36	10	11	0
00:26:37	16	24	0
00:26:38	20	27	0
00:26:39	27	38	0
00:26:40	38	61	0
00:26:41	37	51	0
00:26:42	29	50	0
00:26:43	35	61	0
00:26:44	44	64	0
00:26:45	53	75	0
00:26:46	74	80	0
00:26:47	57	60	0
00:26:48	51	63	0
00:26:49	57	50	0
00:26:50	48	47	0
00:26:51	63	64	0
00:26:52	60	57	0
00:26:53	50	75	0
00:26:54	50	75	0
00:26:55	69	67	0
00:26:56	70	74	0
00:26:57	64	74	0
00:26:58	63	70	0
00:27:00	63	69	0
00:27:01	66	69	0
00:27:02	61	70	0
00:27:03	60	78	0
00:27:04	64	67	0
00:27:05	60	54	0
00:27:06	63	67	0
00:27:07	50	80	0
00:27:08	41	90	0
00:27:09	44	100	0
00:27:10	51	94	0
00:27:11	64	75	0
00:27:12	69	69	0
00:27:13	70	69	0
00:27:14	78	53	0
00:27:15	63	57	0
00:27:16	50	44	0
00:27:17	38	30	0
00:27:18	17	38	0
00:27:19	10	37	0
00:27:20	13	48	0
00:27:21	13	50	0
00:27:22	16	48	0
00:27:23	7	37	0
00:27:24	3	38	0
00:27:25	1	24	0
00:27:26	1	23	0
00:27:27	7	47	0
00:27:28	10	43	0
00:27:29	8	41	0
00:27:30	1	30	0
00:27:31	3	34	0
00:27:32	11	34	0
00:27:33	14	30	0
00:27:34	41	38	0
00:27:35	50	43	0
00:27:37	61	61	0
00:27:38	54	67	0
00:27:39	38	61	0
00:27:40	23	44	0
00:27:41	10	35	0
00:27:42	10	41	0
00:27:43	14	41	0
00:27:44	20	51	0
00:27:45	13	50	0
00:27:46	20	38	0
00:27:47	14	40	0
00:27:48	13	41	0
00:27:49	26	41	0
00:27:50	21	44	0
00:27:51	24	50	0
00:27:52	17	51	0
00:27:53	23	54	0
00:27:54	34	61	0
00:27:55	44	66	0
00:27:56	63	67	0
00:27:57	67	67	0
00:27:58	63	74	0
00:27:59	43	54	0
00:28:00	26	34	0
00:28:01	24	13	0
00:28:02	34	14	0
00:28:03	47	35	0
00:28:04	60	51	0
00:28:05	66	54	0
00:28:06	67	53	0
00:28:07	51	66	0
00:28:08	38	54	0
00:28:09	29	56	0
00:28:10	27	69	0
00:28:11	41	60	0
00:28:13	38	69	0
00:28:14	38	75	0
00:28:15	51	75	0
00:28:16	43	57	0
00:28:17	47	57	0
00:28:18	41	53	0
00:28:19	29	47	0
00:28:20	48	64	0
00:28:21	57	57	0
00:28:22	61	64	0
00:28:23	70	70	0
00:28:24	64	57	0
00:28:25	63	57	0
00:28:26	66	51	0
00:28:27	50	41	0
00:28:28	51	53	0
00:28:29	41	54	0
00:28:30	54	54	0
00:28:31	53	61	0
00:28:32	67	57	0
00:28:33	54	60	0
00:28:34	48	66	0
00:28:35	53	75	0
00:28:36	35	69	0
00:28:37	43	75	0
00:28:38	48	70	0
00:28:39	30	60	0
00:28:40	37	60	0
00:28:41	17	56	0
00:28:42	23	50	0
00:28:43	34	54	0
00:28:44	48	53	0
00:28:45	67	53	0
00:28:46	70	56	0
00:28:47	83	67	0
00:28:49	87	70	0
00:28:50	67	81	0
00:28:51	57	75	0
00:28:52	47	69	0
00:28:53	34	70	0
00:28:54	50	66	0
00:28:55	61	70	0
00:28:56	64	67	0
00:28:57	64	75	0
00:28:58	61	75	0
00:28:59	60	78	0
00:29:00	47	74	0
00:29:01	37	61	0
00:29:02	34	54	0
00:29:03	48	64	0
00:29:04	61	66	0
00:29:05	64	74	0
00:29:06	64	80	0
00:29:07	54	74	0
00:29:08	48	84	0
00:29:09	48	93	0
00:29:10	50	88	0
00:29:11	54	100	0
00:29:12	50	97	0
00:29:13	47	94	0
00:29:14	41	83	0
00:29:15	37	80	0
00:29:16	50	74	0
00:29:17	51	70	0
00:29:18	63	78	0
00:29:19	60	75	0
00:29:20	51	90	0
00:29:21	53	88	0
00:29:22	51	83	0
00:29:23	53	77	0
00:29:25	44	54	0
00:29:26	40	50	0
00:29:27	44	56	0
00:29:28	57	70	0
00:29:29	66	81	0
00:29:30	61	81	0
00:29:31	51	91	0
00:29:32	47	97	0
00:29:33	44	87	0
00:29:34	51	84	0
00:29:35	53	77	0
00:29:36	56	87	0
00:29:37	61	88	0
00:29:38	56	84	0
00:29:39	54	81	0
00:29:40	63	80	0
00:29:41	44	77	0
00:29:42	56	78	0
00:29:43	54	70	0
00:29:44	57	64	0
00:29:45	81	61	0
00:29:46	77	57	0
00:29:47	69	51	0
00:29:48	56	57	0
00:29:49	43	51	0
00:29:50	29	34	0
00:29:51	24	40	0
00:29:52	20	30	0
00:29:53	20	30	0
00:29:54	16	26	0
00:29:55	20	14	0
00:29:56	23	16	0
00:29:57	23	24	0
00:29:58	17	38	0
00:29:59	24	56	0
00:30:00	17	48	0
00:30:02	38	56	0
00:30:03	41	63	0
00:30:04	40	63	0
00:30:05	48	67	0
00:30:06	38	41	0
00:30:07	44	38	0
00:30:08	51	53	0
00:30:09	51	66	0
00:30:10	56	75	0
00:30:11	35	64	0
00:30:12	27	63	0
00:30:13	29	66	0
00:30:14	23	80	0
00:30:15	47	81	0
00:30:16	53	69	0
00:30:17	53	63	0
00:30:18	61	54	0
00:30:19	64	63	0
00:30:20	51	56	0
00:30:21	41	41	0
00:30:22	24	40	0
00:30:23	26	35	0
00:30:24	38	51	0
00:30:25	56	61	0
00:30:26	63	70	0
00:30:27	51	84	0
00:30:28	54	80	0
00:30:29	54	70	0
00:30:30	50	57	0
00:30:31	50	53	0
00:30:32	47	54	0
00:30:33	30	63	0
00:30:34	41	70	0
00:30:35	43	67	0
00:30:36	38	53	0
00:30:38	38	48	0
00:30:39	50	40	0
00:30:40	64	48	0
00:30:41	69	44	0
00:30:42	66	48	0
00:30:43	60	64	0
00:30:44	51	67	0
00:30:45	53	69	0
00:30:46	54	75	0
00:30:47	50	74	0
00:30:48	56	64	0
00:30:49	53	74	0
00:30:50	54	64	0
00:30:51	61	60	0
00:30:52	60	75	0
00:30:53	57	70	0
00:30:54	60	78	0
00:30:55	51	74	0
00:30:56	53	60	0
00:30:57	50	57	0
00:30:58	51	67	0
00:30:59	50	87	0
00:31:00	43	84	0
00:31:01	50	78	0
00:31:02	47	57	0
00:31:03	53	50	0
00:31:04	54	47	0
00:31:05	54	47	0
00:31:06	43	47	0
00:31:07	43	53	0
00:31:08	44	63	0
00:31:09	44	88	0
00:31:10	48	80	0
00:31:11	44	77	0
00:31:12	48	87	0
00:31:13	50	64	0
00:31:15	51	60	0
00:31:16	51	63	0
00:31:17	56	54	0
00:31:18	63	57	0
00:31:19	56	63	0
00:31:20	64	66	0
00:31:21	61	70	0
00:31:22	56	66	0
00:31:23	53	60	0
00:31:24	37	38	0
00:31:25	24	24	0
00:31:26	24	21	0
00:31:27	34	13	0
00:31:28	34	23	0
00:31:29	24	29	0
00:31:30	11	30	0
00:31:31	7	47	0
00:31:32	16	50	0
00:31:33	16	50	0
00:31:34	34	63	0
00:31:35	40	57	0
00:31:36	48	56	0
00:31:37	57	38	0
00:31:38	56	44	0
00:31:39	44	66	0
00:31:40	34	75	0
00:31:41	51	75	0
00:31:42	53	70	0
00:31:43	51	54	0
00:31:44	60	63	0
00:31:45	64	66	0
00:31:46	61	54	0
00:31:47	63	66	0
00:31:48	44	54	0
00:31:49	34	53	0
00:31:51	44	56	0
00:31:52	44	56	0
00:31:53	44	56	0
00:31:54	66	70	0
00:31:55	64	74	0
00:31:56	56	74	0
00:31:57	47	61	0
00:31:58	29	54	0
00:31:59	8	63	0
00:32:00	24	54	0
00:32:01	41	60	0
00:32:02	53	63	0
00:32:03	70	60	0
00:32:04	66	63	0
00:32:05	56	64	0
00:32:06	44	53	0
00:32:07	40	44	0
00:32:08	27	38	0
00:32:09	27	23	0
00:32:10	35	24	0
00:32:11	53	41	0
00:32:12	56	51	0
00:32:13	44	61	0
00:32:14	41	63	0
00:32:15	37	64	0
00:32:16	37	57	0
00:32:17	41	57	0
00:32:18	43	61	0
00:32:19	41	67	0
00:32:20	44	54	0
00:32:21	51	61	0
00:32:22	34	54	0
00:32:23	24	40	0
00:32:24	21	43	0
00:32:25	3	35	0
00:32:27	8	29	0
00:32:28	24	41	0
00:32:29	21	54	0
00:32:30	21	51	0
00:32:31	38	66	0
00:32:32	41	54	0
00:32:33	41	54	0
00:32:34	67	56	0
00:32:35	47	56	0
00:32:36	40	64	0
00:32:37	35	81	0
00:32:38	40	74	0
00:32:39	57	66	0
00:32:40	54	64	0
00:32:41	54	53	0
00:32:42	41	56	0
00:32:43	43	60	0
00:32:44	38	50	0
00:32:45	51	47	0
00:32:46	54	37	0
00:32:47	43	37	0
00:32:48	51	50	0
00:32:49	37	50	0
00:32:50	35	56	0
00:32:51	54	44	0
00:32:52	51	53	0
00:32:53	53	56	0
00:32:54	44	48	0
00:32:55	41	50	0
00:32:56	53	38	0
00:32:57	63	43	0
00:32:58	66	60	0
00:32:59	53	87	0
00:33:00	53	80	0
00:33:01	54	88	0
00:33:02	56	84	0
00:33:04	51	66	0
00:33:05	47	75	0
00:33:06	40	63	0
00:33:07	34	63	0
00:33:08	29	60	0
00:33:09	38	47	0
00:33:10	48	43	0
00:33:11	53	35	0
00:33:12	70	38	0
00:33:13	61	54	0
00:33:14	51	74	0
00:33:15	54	81	0
00:33:16	54	87	0
00:33:17	63	91	0
00:33:18	56	97	0
00:33:19	51	87	0
00:33:20	44	96	0
00:33:21	41	96	0
00:33:22	60	87	0
00:33:23	61	94	0
00:33:24	54	70	0
00:33:25	50	74	0
00:33:26	35	80	0
00:33:27	38	80	0
00:33:28	51	94	0
00:33:29	57	88	0
00:33:30	64	87	0
00:33:31	37	83	0
00:33:32	38	74	0
00:33:33	35	74	0
00:33:34	30	64	0
00:33:35	48	75	0
00:33:36	40	74	0
00:33:37	23	60	0
00:33:38	30	64	0
00:33:39	30	64	0
00:33:41	38	77	0
00:33:42	60	69	0
00:33:43	54	77	0
00:33:44	63	57	0
00:33:45	53	67	0
00:33:46	44	56	0
00:33:47	41	60	0
00:33:48	34	57	0
00:33:49	26	48	0
00:33:50	26	38	0
00:33:51	23	30	0
00:33:52	13	16	0
00:33:53	35	16	0
00:33:54	34	34	0
00:33:55	27	21	0
00:33:56	48	41	0
00:33:57	44	61	0
00:33:58	53	63	0
00:33:59	63	80	0
00:34:00	63	69	0
00:34:01	66	60	0
00:34:02	69	54	0
00:34:03	61	48	0
00:34:04	51	57	0
00:34:05	56	47	0
00:34:06	48	34	0
00:34:07	35	24	0
00:34:08	41	10	0
00:34:09	41	26	0
00:34:10	44	38	0
00:34:11	69	64	0
00:34:12	69	80	0
00:34:13	63	67	0
00:34:14	69	70	0
00:34:15	70	61	0
00:34:17	63	53	0
00:34:18	48	48	0
00:34:19	34	50	0
00:34:20	38	47	0
00:34:21	43	53	0
00:34:22	54	48	0
00:34:23	63	54	0
00:34:24	67	66	0
00:34:25	63	57	0
00:34:26	48	61	0
00:34:27	38	54	0
00:34:28	29	47	0
00:34:29	24	47	0
00:34:30	29	44	0
00:34:31	43	35	0
00:34:32	24	21	0
00:34:33	13	3	0
00:34:34	14	10	0
00:34:35	1	20	0
00:34:36	8	20	0
00:34:37	21	30	0
00:34:38	30	21	0
00:34:39	50	17	0
00:34:40	64	27	0
00:34:41	69	35	0
00:34:42	78	29	0
00:34:43	74	34	0
00:34:44	61	24	0
00:34:45	57	27	0
00:34:46	43	37	0
00:34:47	50	38	0
00:34:48	56	48	0
00:34:49	60	50	0
00:34:50	53	56	0
00:34:51	50	60	0
00:34:52	54	57	0
00:34:54	56	70	0
00:34:55	47	70	0
00:34:56	47	70	26
00:34:57	47	80	0
00:34:58	26	64	0
00:34:59	24	53	0
00:35:00	43	50	0
00:35:01	56	38	0
00:35:02	75	40	0
00:35:03	67	43	0
00:35:04	70	48	0
00:35:05	66	54	0
00:35:06	67	70	0
00:35:07	78	69	0
00:35:08	67	51	0
00:35:09	75	47	0
00:35:10	70	34	0
00:35:11	77	35	0
00:35:12	75	53	0
00:35:13	61	67	0
00:35:14	61	77	0
00:35:15	61	69	0
00:35:16	77	56	0
00:35:17	90	37	0
00:35:18	91	34	0
00:35:19	84	57	0
00:35:20	80	70	0
00:35:21	80	69	0
00:35:22	87	57	0
00:35:23	83	57	0
00:35:24	78	61	0
00:35:25	81	64	0
00:35:26	63	74	0
00:35:27	69	67	0
00:35:28	75	64	0
00:35:30	66	69	0
00:35:31	77	75	0
00:35:32	54	63	0
00:35:33	41	63	0
00:35:34	24	53	0
00:35:35	23	43	0
00:35:36	34	61	0
00:35:37	53	54	0
00:35:38	63	51	0
00:35:39	78	50	0
00:35:40	80	51	0
00:35:41	70	61	0
00:35:42	74	69	0
00:35:43	47	69	0
00:35:44	60	61	0
00:35:45	47	66	0
00:35:46	48	67	0
00:35:47	61	81	0
00:35:48	44	90	0
00:35:49	53	66	0
00:35:50	43	56	0
00:35:51	24	29	0
00:35:52	13	38	0
00:35:53	20	53	0
00:35:54	34	54	0
00:35:55	47	51	0
00:35:56	74	54	0
00:35:57	64	40	0
00:35:58	70	44	0
00:35:59	69	47	0
00:36:00	63	51	0
00:36:01	78	70	0
