Apr 16, 2014 17:24:49	8	77	0
Apr 16, 2014 17:24:50	16	83	0
Apr 16, 2014 17:24:51	20	70	0
Apr 16, 2014 17:24:52	43	75	0
Apr 16, 2014 17:24:53	44	74	0
Apr 16, 2014 17:24:54	44	74	26
Apr 16, 2014 17:24:55	53	91	0
Apr 16, 2014 17:24:56	40	84	0
Apr 16, 2014 17:24:57	27	64	0
Apr 16, 2014 17:24:58	30	74	0
Apr 16, 2014 17:24:59	24	64	0
Apr 16, 2014 17:25:00	29	70	0
Apr 16, 2014 17:25:01	40	96	25
Apr 16, 2014 17:25:02	29	91	0
Apr 16, 2014 17:25:03	37	97	0
Apr 16, 2014 17:25:04	34	100	0
Apr 16, 2014 17:25:06	16	100	0
Apr 16, 2014 17:25:07	16	100	51
Apr 16, 2014 17:25:08	8	88	0
Apr 16, 2014 17:25:09	7	84	0
Apr 16, 2014 17:25:10	11	87	0
Apr 16, 2014 17:25:11	11	87	51
Apr 16, 2014 17:25:12	16	81	0
Apr 16, 2014 17:25:13	27	96	0
Apr 16, 2014 17:25:14	30	100	0
Apr 16, 2014 17:25:15	29	96	0
Apr 16, 2014 17:25:16	24	87	0
Apr 16, 2014 17:25:17	11	66	0
Apr 16, 2014 17:25:18	10	54	0
Apr 16, 2014 17:25:19	10	54	0
Apr 16, 2014 17:25:20	27	56	0
Apr 16, 2014 17:25:21	44	51	0
Apr 16, 2014 17:25:22	43	48	0
Apr 16, 2014 17:25:23	38	47	0
Apr 16, 2014 17:25:24	30	57	0
Apr 16, 2014 17:25:25	35	81	0
Apr 16, 2014 17:25:26	37	90	0
Apr 16, 2014 17:25:27	37	90	25
Apr 16, 2014 17:25:28	34	81	0
Apr 16, 2014 17:25:29	23	88	0
Apr 16, 2014 17:25:30	14	63	0
Apr 16, 2014 17:25:31	35	64	0
Apr 16, 2014 17:25:32	37	61	0
Apr 16, 2014 17:25:33	29	70	0
Apr 16, 2014 17:25:34	24	84	0
Apr 16, 2014 17:25:35	7	93	0
Apr 16, 2014 17:25:36	7	81	0
Apr 16, 2014 17:25:37	1	83	0
Apr 16, 2014 17:25:39	1	83	0
Apr 16, 2014 17:25:40	11	50	0
Apr 16, 2014 17:25:41	4	54	0
Apr 16, 2014 17:25:42	17	66	0
Apr 16, 2014 17:25:43	3	66	0
Apr 16, 2014 17:25:44	1	83	0
Apr 16, 2014 17:25:45	13	96	0
Apr 16, 2014 17:25:46	11	91	0
Apr 16, 2014 17:25:47	20	83	0
Apr 16, 2014 17:25:48	37	70	0
Apr 16, 2014 17:25:49	17	51	0
Apr 16, 2014 17:25:50	7	43	0
Apr 16, 2014 17:25:51	3	38	0
Apr 16, 2014 17:25:52	1	35	0
Apr 16, 2014 17:25:53	3	48	0
Apr 16, 2014 17:25:54	14	60	0
Apr 16, 2014 17:25:55	14	60	51
Apr 16, 2014 17:25:56	20	75	0
Apr 16, 2014 17:25:57	21	87	0
Apr 16, 2014 17:25:58	41	84	0
Apr 16, 2014 17:25:59	47	84	0
Apr 16, 2014 17:26:00	44	77	0
Apr 16, 2014 17:26:01	43	61	0
Apr 16, 2014 17:26:02	37	70	0
Apr 16, 2014 17:26:03	44	69	0
Apr 16, 2014 17:26:04	60	69	0
Apr 16, 2014 17:26:05	69	87	0
Apr 16, 2014 17:26:06	63	63	0
Apr 16, 2014 17:26:07	47	67	0
Apr 16, 2014 17:26:08	40	67	0
Apr 16, 2014 17:26:09	40	67	25
Apr 16, 2014 17:26:11	23	57	0
Apr 16, 2014 17:26:12	27	64	0
Apr 16, 2014 17:26:13	34	56	0
Apr 16, 2014 17:26:14	30	57	0
Apr 16, 2014 17:26:15	35	66	0
Apr 16, 2014 17:26:16	35	66	25
Apr 16, 2014 17:26:17	37	61	0
Apr 16, 2014 17:26:18	44	67	0
Apr 16, 2014 17:26:19	44	56	0
Apr 16, 2014 17:26:20	44	56	51
Apr 16, 2014 17:26:21	50	51	0
Apr 16, 2014 17:26:22	53	50	0
Apr 16, 2014 17:26:23	56	40	0
Apr 16, 2014 17:26:24	56	43	0
Apr 16, 2014 17:26:25	64	50	0
Apr 16, 2014 17:26:26	61	48	0
Apr 16, 2014 17:26:27	57	63	0
Apr 16, 2014 17:26:28	60	69	0
Apr 16, 2014 17:26:29	53	57	0
Apr 16, 2014 17:26:30	47	78	0
Apr 16, 2014 17:26:31	43	74	0
Apr 16, 2014 17:26:32	43	74	26
Apr 16, 2014 17:26:33	50	75	0
Apr 16, 2014 17:26:34	50	81	0
Apr 16, 2014 17:26:35	57	77	0
Apr 16, 2014 17:26:36	66	69	0
Apr 16, 2014 17:26:37	56	67	0
Apr 16, 2014 17:26:38	70	64	0
Apr 16, 2014 17:26:39	74	61	0
Apr 16, 2014 17:26:40	67	64	0
Apr 16, 2014 17:26:41	61	66	0
Apr 16, 2014 17:26:43	41	57	0
Apr 16, 2014 17:26:44	40	69	0
Apr 16, 2014 17:26:45	40	74	0
Apr 16, 2014 17:26:46	38	77	0
Apr 16, 2014 17:26:47	40	84	0
Apr 16, 2014 17:26:48	35	70	0
Apr 16, 2014 17:26:49	30	75	0
Apr 16, 2014 17:26:50	38	70	0
Apr 16, 2014 17:26:51	40	87	0
Apr 16, 2014 17:26:52	44	93	0
Apr 16, 2014 17:26:53	44	90	0
Apr 16, 2014 17:26:54	38	84	0
Apr 16, 2014 17:26:55	41	83	0
Apr 16, 2014 17:26:56	37	93	0
Apr 16, 2014 17:26:57	37	90	0
Apr 16, 2014 17:26:58	41	81	0
Apr 16, 2014 17:26:59	34	84	0
Apr 16, 2014 17:27:00	30	67	0
Apr 16, 2014 17:27:01	47	67	0
Apr 16, 2014 17:27:02	44	67	0
Apr 16, 2014 17:27:03	38	67	0
Apr 16, 2014 17:27:04	47	74	0
Apr 16, 2014 17:27:05	23	69	0
Apr 16, 2014 17:27:06	24	83	0
Apr 16, 2014 17:27:07	38	74	0
Apr 16, 2014 17:27:08	26	78	0
Apr 16, 2014 17:27:09	51	81	0
Apr 16, 2014 17:27:10	38	87	0
Apr 16, 2014 17:27:11	38	100	0
Apr 16, 2014 17:27:12	47	100	0
Apr 16, 2014 17:27:13	47	100	26
Apr 16, 2014 17:27:15	38	100	0
Apr 16, 2014 17:27:16	61	94	0
Apr 16, 2014 17:27:17	63	78	0
Apr 16, 2014 17:27:18	69	75	0
Apr 16, 2014 17:27:19	90	64	0
Apr 16, 2014 17:27:20	91	57	0
Apr 16, 2014 17:27:21	100	60	0
Apr 16, 2014 17:27:22	97	56	0
Apr 16, 2014 17:27:23	69	54	0
Apr 16, 2014 17:27:24	67	74	0
Apr 16, 2014 17:27:25	67	77	0
Apr 16, 2014 17:27:26	64	87	0
Apr 16, 2014 17:27:27	63	80	0
Apr 16, 2014 17:27:28	66	66	0
Apr 16, 2014 17:27:29	74	61	0
Apr 16, 2014 17:27:30	90	66	0
Apr 16, 2014 17:27:31	83	67	0
Apr 16, 2014 17:27:32	81	66	0
Apr 16, 2014 17:27:33	84	56	0
Apr 16, 2014 17:27:34	88	40	0
Apr 16, 2014 17:27:35	94	43	0
Apr 16, 2014 17:27:36	80	35	0
Apr 16, 2014 17:27:37	63	40	0
Apr 16, 2014 17:27:38	57	53	0
Apr 16, 2014 17:27:39	61	61	0
Apr 16, 2014 17:27:40	69	90	0
Apr 16, 2014 17:27:41	80	90	0
Apr 16, 2014 17:27:42	64	78	0
Apr 16, 2014 17:27:43	47	70	0
Apr 16, 2014 17:27:44	40	66	0
Apr 16, 2014 17:27:45	44	74	0
Apr 16, 2014 17:27:47	63	81	0
Apr 16, 2014 17:27:48	78	80	0
Apr 16, 2014 17:27:49	90	77	0
Apr 16, 2014 17:27:50	83	70	0
Apr 16, 2014 17:27:51	64	69	0
Apr 16, 2014 17:27:52	64	63	0
Apr 16, 2014 17:27:53	60	56	0
Apr 16, 2014 17:27:54	70	64	0
Apr 16, 2014 17:27:55	87	69	0
Apr 16, 2014 17:27:56	83	67	0
Apr 16, 2014 17:27:57	74	80	0
Apr 16, 2014 17:27:58	63	81	0
Apr 16, 2014 17:27:59	50	81	0
Apr 16, 2014 17:28:00	56	81	0
Apr 16, 2014 17:28:01	67	87	0
Apr 16, 2014 17:28:02	77	75	0
Apr 16, 2014 17:28:03	80	81	0
Apr 16, 2014 17:28:04	70	87	0
Apr 16, 2014 17:28:05	70	83	0
Apr 16, 2014 17:28:06	51	75	0
Apr 16, 2014 17:28:07	51	56	0
Apr 16, 2014 17:28:08	57	56	0
Apr 16, 2014 17:28:09	57	47	0
Apr 16, 2014 17:28:10	63	66	0
Apr 16, 2014 17:28:11	56	78	0
Apr 16, 2014 17:28:12	48	70	0
Apr 16, 2014 17:28:13	48	70	26
Apr 16, 2014 17:28:14	37	63	0
Apr 16, 2014 17:28:15	41	64	0
Apr 16, 2014 17:28:16	51	63	0
Apr 16, 2014 17:28:17	48	57	0
Apr 16, 2014 17:28:19	67	66	0
Apr 16, 2014 17:28:20	77	56	0
Apr 16, 2014 17:28:21	70	67	0
Apr 16, 2014 17:28:22	61	78	0
Apr 16, 2014 17:28:23	66	83	0
Apr 16, 2014 17:28:24	51	88	0
Apr 16, 2014 17:28:25	64	90	0
Apr 16, 2014 17:28:26	57	96	0
Apr 16, 2014 17:28:27	29	90	0
Apr 16, 2014 17:28:28	50	84	0
Apr 16, 2014 17:28:29	51	78	0
Apr 16, 2014 17:28:30	57	64	0
Apr 16, 2014 17:28:31	78	70	0
Apr 16, 2014 17:28:32	64	77	0
Apr 16, 2014 17:28:33	57	80	0
Apr 16, 2014 17:28:34	63	84	0
Apr 16, 2014 17:28:35	56	88	0
Apr 16, 2014 17:28:36	54	81	0
Apr 16, 2014 17:28:37	67	64	0
Apr 16, 2014 17:28:38	63	74	0
Apr 16, 2014 17:28:39	75	78	0
Apr 16, 2014 17:28:40	74	78	0
Apr 16, 2014 17:28:41	56	91	0
Apr 16, 2014 17:28:42	51	75	0
Apr 16, 2014 17:28:43	40	60	0
Apr 16, 2014 17:28:44	43	56	0
Apr 16, 2014 17:28:45	35	51	0
Apr 16, 2014 17:28:46	40	63	0
Apr 16, 2014 17:28:47	40	67	0
Apr 16, 2014 17:28:48	51	77	0
Apr 16, 2014 17:28:49	50	67	0
Apr 16, 2014 17:28:50	48	96	0
Apr 16, 2014 17:28:51	57	90	0
Apr 16, 2014 17:28:53	63	90	0
Apr 16, 2014 17:28:54	84	77	0
Apr 16, 2014 17:28:55	93	64	0
Apr 16, 2014 17:28:56	77	69	0
Apr 16, 2014 17:28:57	66	51	0
Apr 16, 2014 17:28:58	48	69	0
Apr 16, 2014 17:28:59	38	63	0
Apr 16, 2014 17:29:00	57	64	0
Apr 16, 2014 17:29:01	64	74	0
Apr 16, 2014 17:29:02	53	60	0
Apr 16, 2014 17:29:03	66	57	0
Apr 16, 2014 17:29:04	54	48	0
Apr 16, 2014 17:29:05	66	40	0
Apr 16, 2014 17:29:06	66	44	0
Apr 16, 2014 17:29:07	48	50	0
Apr 16, 2014 17:29:08	53	66	0
Apr 16, 2014 17:29:09	53	66	26
Apr 16, 2014 17:29:10	56	78	0
Apr 16, 2014 17:29:11	80	78	0
Apr 16, 2014 17:29:12	94	84	0
Apr 16, 2014 17:29:13	94	74	0
Apr 16, 2014 17:29:14	75	80	0
Apr 16, 2014 17:29:15	54	91	0
Apr 16, 2014 17:29:16	44	96	0
Apr 16, 2014 17:29:17	34	83	0
Apr 16, 2014 17:29:18	41	74	0
Apr 16, 2014 17:29:19	26	66	0
Apr 16, 2014 17:29:20	48	64	0
Apr 16, 2014 17:29:21	48	64	51
Apr 16, 2014 17:29:22	37	44	0
Apr 16, 2014 17:29:23	13	37	0
Apr 16, 2014 17:29:25	48	24	0
Apr 16, 2014 17:29:26	29	16	0
Apr 16, 2014 17:29:27	38	38	0
Apr 16, 2014 17:29:28	60	53	0
Apr 16, 2014 17:29:29	38	56	0
Apr 16, 2014 17:29:30	44	80	0
Apr 16, 2014 17:29:31	48	78	0
Apr 16, 2014 17:29:32	51	77	0
Apr 16, 2014 17:29:33	53	87	0
Apr 16, 2014 17:29:34	53	87	26
Apr 16, 2014 17:29:35	56	74	0
Apr 16, 2014 17:29:36	74	67	0
Apr 16, 2014 17:29:37	61	67	0
Apr 16, 2014 17:29:38	53	56	0
Apr 16, 2014 17:29:39	43	70	0
Apr 16, 2014 17:29:40	30	84	0
Apr 16, 2014 17:29:41	38	80	0
Apr 16, 2014 17:29:42	47	75	0
Apr 16, 2014 17:29:43	50	64	0
Apr 16, 2014 17:29:44	53	51	0
Apr 16, 2014 17:29:45	50	60	0
Apr 16, 2014 17:29:46	40	70	0
Apr 16, 2014 17:29:47	40	78	0
Apr 16, 2014 17:29:48	43	80	0
Apr 16, 2014 17:29:49	50	80	0
Apr 16, 2014 17:29:50	66	70	0
Apr 16, 2014 17:29:51	56	90	0
Apr 16, 2014 17:29:52	61	78	0
Apr 16, 2014 17:29:53	57	80	0
Apr 16, 2014 17:29:54	50	60	0
Apr 16, 2014 17:29:55	50	27	0
Apr 16, 2014 17:29:57	41	34	0
Apr 16, 2014 17:29:58	21	21	0
Apr 16, 2014 17:29:59	27	29	0
Apr 16, 2014 17:30:00	30	44	0
Apr 16, 2014 17:30:01	41	48	0
Apr 16, 2014 17:30:02	64	57	0
Apr 16, 2014 17:30:03	56	69	0
Apr 16, 2014 17:30:04	56	69	0
Apr 16, 2014 17:30:05	43	78	0
Apr 16, 2014 17:30:06	37	80	0
Apr 16, 2014 17:30:07	48	54	0
Apr 16, 2014 17:30:08	57	54	0
Apr 16, 2014 17:30:09	57	60	0
Apr 16, 2014 17:30:10	69	51	0
Apr 16, 2014 17:30:11	64	69	0
Apr 16, 2014 17:30:12	57	60	0
Apr 16, 2014 17:30:13	66	51	0
Apr 16, 2014 17:30:14	74	44	0
Apr 16, 2014 17:30:15	81	53	0
Apr 16, 2014 17:30:16	80	56	0
Apr 16, 2014 17:30:17	83	54	0
Apr 16, 2014 17:30:18	61	64	0
Apr 16, 2014 17:30:19	60	60	0
Apr 16, 2014 17:30:20	60	61	0
Apr 16, 2014 17:30:21	63	66	0
Apr 16, 2014 17:30:22	83	67	0
Apr 16, 2014 17:30:23	83	66	0
Apr 16, 2014 17:30:24	81	69	0
Apr 16, 2014 17:30:25	84	67	0
Apr 16, 2014 17:30:26	78	63	0
Apr 16, 2014 17:30:27	54	69	0
Apr 16, 2014 17:30:28	34	63	0
Apr 16, 2014 17:30:30	10	50	0
Apr 16, 2014 17:30:31	1	57	0
Apr 16, 2014 17:30:32	11	61	0
Apr 16, 2014 17:30:33	10	47	0
Apr 16, 2014 17:30:34	10	64	0
Apr 16, 2014 17:30:35	11	51	0
Apr 16, 2014 17:30:36	20	44	0
Apr 16, 2014 17:30:37	53	56	0
Apr 16, 2014 17:30:38	75	51	0
Apr 16, 2014 17:30:39	75	35	0
Apr 16, 2014 17:30:40	69	38	0
Apr 16, 2014 17:30:41	48	37	0
Apr 16, 2014 17:30:42	53	56	0
Apr 16, 2014 17:30:43	41	53	0
Apr 16, 2014 17:30:44	44	51	0
Apr 16, 2014 17:30:45	57	57	0
Apr 16, 2014 17:30:46	57	57	0
Apr 16, 2014 17:30:47	74	56	0
Apr 16, 2014 17:30:48	63	60	0
Apr 16, 2014 17:30:49	53	51	0
Apr 16, 2014 17:30:50	54	50	0
Apr 16, 2014 17:30:51	56	53	0
Apr 16, 2014 17:30:52	53	53	0
Apr 16, 2014 17:30:53	48	69	0
Apr 16, 2014 17:30:54	43	74	0
Apr 16, 2014 17:30:55	41	78	0
Apr 16, 2014 17:30:56	47	67	0
Apr 16, 2014 17:30:57	50	56	0
Apr 16, 2014 17:30:58	61	57	0
Apr 16, 2014 17:30:59	66	54	0
Apr 16, 2014 17:31:00	60	66	0
Apr 16, 2014 17:31:01	63	70	0
Apr 16, 2014 17:31:02	57	77	0
Apr 16, 2014 17:31:04	63	64	0
Apr 16, 2014 17:31:05	69	63	0
Apr 16, 2014 17:31:06	66	54	0
Apr 16, 2014 17:31:07	69	43	0
Apr 16, 2014 17:31:08	57	60	0
Apr 16, 2014 17:31:09	69	60	0
Apr 16, 2014 17:31:10	66	63	0
Apr 16, 2014 17:31:11	63	67	0
Apr 16, 2014 17:31:12	41	54	0
Apr 16, 2014 17:31:13	37	48	0
Apr 16, 2014 17:31:14	40	50	0
Apr 16, 2014 17:31:15	41	41	0
Apr 16, 2014 17:31:16	44	34	0
Apr 16, 2014 17:31:17	47	44	0
Apr 16, 2014 17:31:18	44	44	0
Apr 16, 2014 17:31:19	56	57	0
Apr 16, 2014 17:31:20	54	67	0
Apr 16, 2014 17:31:21	47	60	0
Apr 16, 2014 17:31:22	41	48	0
Apr 16, 2014 17:31:23	38	41	0
Apr 16, 2014 17:31:24	35	41	0
Apr 16, 2014 17:31:25	47	50	0
Apr 16, 2014 17:31:26	47	60	0
Apr 16, 2014 17:31:27	48	57	0
Apr 16, 2014 17:31:28	43	74	0
Apr 16, 2014 17:31:29	41	61	0
Apr 16, 2014 17:31:30	41	60	0
Apr 16, 2014 17:31:31	24	64	0
Apr 16, 2014 17:31:32	24	43	0
Apr 16, 2014 17:31:33	21	50	0
Apr 16, 2014 17:31:34	20	60	0
Apr 16, 2014 17:31:35	21	66	0
Apr 16, 2014 17:31:36	35	80	0
Apr 16, 2014 17:31:38	40	78	0
Apr 16, 2014 17:31:39	54	77	0
Apr 16, 2014 17:31:40	60	63	0
Apr 16, 2014 17:31:41	66	61	0
Apr 16, 2014 17:31:42	61	53	0
Apr 16, 2014 17:31:43	77	54	0
Apr 16, 2014 17:31:44	74	60	0
Apr 16, 2014 17:31:45	53	61	0
Apr 16, 2014 17:31:46	54	63	0
Apr 16, 2014 17:31:47	35	67	0
Apr 16, 2014 17:31:48	27	60	0
Apr 16, 2014 17:31:49	64	63	0
Apr 16, 2014 17:31:50	64	50	0
Apr 16, 2014 17:31:51	84	37	0
Apr 16, 2014 17:31:52	91	43	0
Apr 16, 2014 17:31:53	88	38	0
Apr 16, 2014 17:31:54	74	50	0
Apr 16, 2014 17:31:55	66	66	0
Apr 16, 2014 17:31:56	64	60	0
Apr 16, 2014 17:31:57	60	70	0
Apr 16, 2014 17:31:58	70	70	0
Apr 16, 2014 17:31:59	70	66	0
Apr 16, 2014 17:32:00	77	63	0
Apr 16, 2014 17:32:01	64	61	0
Apr 16, 2014 17:32:02	69	57	0
Apr 16, 2014 17:32:03	66	54	0
Apr 16, 2014 17:32:04	63	50	0
Apr 16, 2014 17:32:05	67	41	0
Apr 16, 2014 17:32:06	69	41	0
Apr 16, 2014 17:32:07	57	43	0
Apr 16, 2014 17:32:08	51	56	0
Apr 16, 2014 17:32:09	40	66	0
Apr 16, 2014 17:32:10	24	67	0
Apr 16, 2014 17:32:11	26	67	0
Apr 16, 2014 17:32:12	26	60	0
Apr 16, 2014 17:32:14	21	47	0
Apr 16, 2014 17:32:15	17	47	0
Apr 16, 2014 17:32:16	17	51	0
Apr 16, 2014 17:32:17	34	53	0
Apr 16, 2014 17:32:18	48	63	0
Apr 16, 2014 17:32:19	50	74	0
Apr 16, 2014 17:32:20	48	80	0
Apr 16, 2014 17:32:21	38	64	0
Apr 16, 2014 17:32:22	27	63	0
Apr 16, 2014 17:32:23	38	44	0
Apr 16, 2014 17:32:24	50	47	0
Apr 16, 2014 17:32:25	54	43	0
Apr 16, 2014 17:32:26	57	50	0
Apr 16, 2014 17:32:27	60	64	0
Apr 16, 2014 17:32:28	30	63	0
Apr 16, 2014 17:32:29	34	70	0
Apr 16, 2014 17:32:30	35	69	0
Apr 16, 2014 17:32:31	38	66	0
Apr 16, 2014 17:32:32	53	57	0
Apr 16, 2014 17:32:33	54	67	0
Apr 16, 2014 17:32:34	53	63	0
Apr 16, 2014 17:32:35	48	74	0
Apr 16, 2014 17:32:36	44	75	0
Apr 16, 2014 17:32:37	21	69	0
Apr 16, 2014 17:32:38	14	78	0
Apr 16, 2014 17:32:39	17	74	0
Apr 16, 2014 17:32:40	35	67	0
Apr 16, 2014 17:32:41	60	60	0
Apr 16, 2014 17:32:42	56	54	0
Apr 16, 2014 17:32:43	43	61	0
Apr 16, 2014 17:32:44	30	63	0
Apr 16, 2014 17:32:45	38	56	0
Apr 16, 2014 17:32:46	37	61	0
Apr 16, 2014 17:32:48	38	67	0
Apr 16, 2014 17:32:49	37	69	0
Apr 16, 2014 17:32:50	30	70	0
Apr 16, 2014 17:32:51	23	54	0
Apr 16, 2014 17:32:52	26	41	0
Apr 16, 2014 17:32:53	40	48	0
Apr 16, 2014 17:32:54	41	44	0
Apr 16, 2014 17:32:55	50	51	0
Apr 16, 2014 17:32:56	44	50	0
Apr 16, 2014 17:32:57	29	43	0
Apr 16, 2014 17:32:58	24	50	0
Apr 16, 2014 17:32:59	24	51	0
Apr 16, 2014 17:33:00	23	53	0
Apr 16, 2014 17:33:01	29	50	0
Apr 16, 2014 17:33:02	29	38	0
Apr 16, 2014 17:33:03	41	41	0
Apr 16, 2014 17:33:04	53	44	0
Apr 16, 2014 17:33:05	57	40	0
Apr 16, 2014 17:33:06	61	48	0
Apr 16, 2014 17:33:07	57	60	0
Apr 16, 2014 17:33:08	48	53	0
Apr 16, 2014 17:33:09	54	63	0
Apr 16, 2014 17:33:10	35	56	0
Apr 16, 2014 17:33:11	26	54	0
Apr 16, 2014 17:33:12	11	47	0
Apr 16, 2014 17:33:13	4	34	0
Apr 16, 2014 17:33:14	17	29	0
Apr 16, 2014 17:33:15	37	38	0
Apr 16, 2014 17:33:16	61	43	0
Apr 16, 2014 17:33:17	54	47	0
Apr 16, 2014 17:33:18	50	50	0
Apr 16, 2014 17:33:20	50	51	0
Apr 16, 2014 17:33:21	35	56	0
Apr 16, 2014 17:33:22	44	69	0
Apr 16, 2014 17:33:23	43	61	0
Apr 16, 2014 17:33:24	27	66	0
Apr 16, 2014 17:33:25	30	70	0
Apr 16, 2014 17:33:26	47	77	0
Apr 16, 2014 17:33:27	48	84	0
Apr 16, 2014 17:33:28	64	77	0
Apr 16, 2014 17:33:29	70	77	0
Apr 16, 2014 17:33:30	70	77	0
Apr 16, 2014 17:33:31	77	67	0
Apr 16, 2014 17:33:32	67	77	0
Apr 16, 2014 17:33:33	64	69	0
Apr 16, 2014 17:33:34	54	66	0
Apr 16, 2014 17:33:35	57	78	0
Apr 16, 2014 17:33:36	60	74	0
Apr 16, 2014 17:33:37	60	74	0
Apr 16, 2014 17:33:38	53	74	0
Apr 16, 2014 17:33:39	60	75	0
Apr 16, 2014 17:33:40	64	74	0
Apr 16, 2014 17:33:41	70	81	0
Apr 16, 2014 17:33:42	53	88	0
Apr 16, 2014 17:33:43	43	81	0
Apr 16, 2014 17:33:44	44	67	0
Apr 16, 2014 17:33:45	43	57	0
Apr 16, 2014 17:33:46	43	44	0
Apr 16, 2014 17:33:47	48	47	0
Apr 16, 2014 17:33:48	44	44	0
Apr 16, 2014 17:33:49	43	53	0
Apr 16, 2014 17:33:50	48	57	0
Apr 16, 2014 17:33:51	51	60	0
Apr 16, 2014 17:33:53	38	74	0
Apr 16, 2014 17:33:54	43	74	0
Apr 16, 2014 17:33:55	53	69	0
Apr 16, 2014 17:33:56	60	69	0
Apr 16, 2014 17:33:57	74	67	0
Apr 16, 2014 17:33:58	67	67	0
Apr 16, 2014 17:33:59	64	70	0
Apr 16, 2014 17:34:00	60	56	0
Apr 16, 2014 17:34:01	60	48	0
Apr 16, 2014 17:34:02	69	26	0
Apr 16, 2014 17:34:03	67	20	0
Apr 16, 2014 17:34:04	74	34	0
Apr 16, 2014 17:34:05	77	41	0
Apr 16, 2014 17:34:06	56	60	0
Apr 16, 2014 17:34:07	51	87	0
Apr 16, 2014 17:34:08	47	81	0
Apr 16, 2014 17:34:09	48	78	0
Apr 16, 2014 17:34:10	47	70	0
Apr 16, 2014 17:34:11	54	60	0
Apr 16, 2014 17:34:12	48	51	0
Apr 16, 2014 17:34:13	60	57	0
Apr 16, 2014 17:34:14	54	61	0
Apr 16, 2014 17:34:15	48	57	0
Apr 16, 2014 17:34:16	48	57	0
Apr 16, 2014 17:34:17	38	56	0
Apr 16, 2014 17:34:18	44	54	0
Apr 16, 2014 17:34:19	51	54	0
Apr 16, 2014 17:34:20	66	50	0
Apr 16, 2014 17:34:21	78	67	0
Apr 16, 2014 17:34:22	75	60	0
Apr 16, 2014 17:34:23	66	64	0
Apr 16, 2014 17:34:24	56	57	0
Apr 16, 2014 17:34:25	41	57	0
Apr 16, 2014 17:34:27	48	69	0
Apr 16, 2014 17:34:28	41	57	0
Apr 16, 2014 17:34:29	48	60	0
Apr 16, 2014 17:34:30	44	53	0
Apr 16, 2014 17:34:31	27	54	0
Apr 16, 2014 17:34:32	48	54	0
Apr 16, 2014 17:34:33	48	67	0
Apr 16, 2014 17:34:34	53	66	0
Apr 16, 2014 17:34:35	60	64	0
Apr 16, 2014 17:34:36	51	64	0
Apr 16, 2014 17:34:37	56	67	0
Apr 16, 2014 17:34:38	57	67	0
Apr 16, 2014 17:34:39	61	77	0
Apr 16, 2014 17:34:40	66	77	0
Apr 16, 2014 17:34:41	56	70	0
Apr 16, 2014 17:34:42	53	67	0
Apr 16, 2014 17:34:43	51	66	0
Apr 16, 2014 17:34:44	53	41	0
Apr 16, 2014 17:34:45	57	50	0
Apr 16, 2014 17:34:46	57	50	0
Apr 16, 2014 17:34:47	48	50	0
Apr 16, 2014 17:34:48	27	63	0
Apr 16, 2014 17:34:49	23	54	0
Apr 16, 2014 17:34:50	20	64	0
Apr 16, 2014 17:34:51	26	64	0
Apr 16, 2014 17:34:52	48	75	0
Apr 16, 2014 17:34:53	47	63	0
Apr 16, 2014 17:34:54	56	44	0
Apr 16, 2014 17:34:55	48	51	0
Apr 16, 2014 17:34:56	40	51	0
Apr 16, 2014 17:34:57	41	66	0
Apr 16, 2014 17:34:58	37	70	0
Apr 16, 2014 17:34:59	37	69	0
Apr 16, 2014 17:35:01	40	69	0
Apr 16, 2014 17:35:02	35	77	0
Apr 16, 2014 17:35:03	26	77	0
Apr 16, 2014 17:35:04	26	64	0
Apr 16, 2014 17:35:05	8	66	0
Apr 16, 2014 17:35:06	16	64	0
Apr 16, 2014 17:35:07	54	64	0
Apr 16, 2014 17:35:08	75	64	0
Apr 16, 2014 17:35:09	69	63	0
Apr 16, 2014 17:35:10	40	57	0
Apr 16, 2014 17:35:11	16	47	0
Apr 16, 2014 17:35:12	27	38	0
Apr 16, 2014 17:35:13	34	38	0
Apr 16, 2014 17:35:14	38	29	0
Apr 16, 2014 17:35:15	38	41	0
Apr 16, 2014 17:35:16	13	40	0
Apr 16, 2014 17:35:17	14	35	0
Apr 16, 2014 17:35:18	14	35	51
Apr 16, 2014 17:35:19	11	40	0
Apr 16, 2014 17:35:20	14	43	0
Apr 16, 2014 17:35:21	30	53	0
Apr 16, 2014 17:35:22	24	54	0
Apr 16, 2014 17:35:23	50	64	0
Apr 16, 2014 17:35:24	56	70	0
Apr 16, 2014 17:35:25	48	75	0
Apr 16, 2014 17:35:26	40	77	0
Apr 16, 2014 17:35:27	37	84	0
Apr 16, 2014 17:35:28	38	87	0
Apr 16, 2014 17:35:29	38	75	0
Apr 16, 2014 17:35:30	44	66	0
Apr 16, 2014 17:35:31	21	50	0
Apr 16, 2014 17:35:32	21	48	0
Apr 16, 2014 17:35:34	24	66	0
Apr 16, 2014 17:35:35	30	75	0
Apr 16, 2014 17:35:36	51	88	0
Apr 16, 2014 17:35:37	60	87	0
Apr 16, 2014 17:35:38	47	80	0
Apr 16, 2014 17:35:39	48	70	0
Apr 16, 2014 17:35:40	35	56	0
Apr 16, 2014 17:35:41	27	54	0
Apr 16, 2014 17:35:42	34	60	0
Apr 16, 2014 17:35:43	27	66	0
Apr 16, 2014 17:35:44	34	78	0
Apr 16, 2014 17:35:45	35	70	0
Apr 16, 2014 17:35:46	24	67	0
Apr 16, 2014 17:35:47	30	64	0
Apr 16, 2014 17:35:48	40	54	0
Apr 16, 2014 17:35:49	44	56	0
Apr 16, 2014 17:35:50	48	48	0
Apr 16, 2014 17:35:51	41	51	0
Apr 16, 2014 17:35:52	38	44	0
Apr 16, 2014 17:35:53	40	35	0
Apr 16, 2014 17:35:54	44	48	0
Apr 16, 2014 17:35:55	54	41	0
Apr 16, 2014 17:35:56	54	41	0
Apr 16, 2014 17:35:57	21	78	0
Apr 16, 2014 17:35:58	14	75	0
Apr 16, 2014 17:35:59	1	83	0
Apr 16, 2014 17:36:00	17	64	0
Apr 16, 2014 17:36:01	34	74	0
Apr 16, 2014 17:36:02	38	75	0
Apr 16, 2014 17:36:03	41	70	0
Apr 16, 2014 17:36:04	23	67	0
Apr 16, 2014 17:36:05	13	61	0
Apr 16, 2014 17:36:06	17	63	0
Apr 16, 2014 17:36:07	21	70	0
Apr 16, 2014 17:36:09	21	61	0
Apr 16, 2014 17:36:10	17	50	0
Apr 16, 2014 17:36:11	10	48	0
Apr 16, 2014 17:36:12	11	40	0
Apr 16, 2014 17:36:13	14	48	0
Apr 16, 2014 17:36:14	8	47	0
Apr 16, 2014 17:36:15	29	35	0
Apr 16, 2014 17:36:16	34	37	0
Apr 16, 2014 17:36:17	44	27	0
Apr 16, 2014 17:36:18	60	44	0
Apr 16, 2014 17:36:19	35	53	0
Apr 16, 2014 17:36:20	41	47	0
Apr 16, 2014 17:36:21	37	66	0
Apr 16, 2014 17:36:22	38	64	0
Apr 16, 2014 17:36:23	37	60	0
Apr 16, 2014 17:36:24	26	63	0
Apr 16, 2014 17:36:25	24	47	0
Apr 16, 2014 17:36:26	24	48	0
Apr 16, 2014 17:36:27	43	51	0
Apr 16, 2014 17:36:28	48	61	0
Apr 16, 2014 17:36:29	51	80	0
Apr 16, 2014 17:36:30	47	70	0
Apr 16, 2014 17:36:31	44	63	0
Apr 16, 2014 17:36:32	37	56	0
Apr 16, 2014 17:36:33	37	54	0
Apr 16, 2014 17:36:34	37	57	0
Apr 16, 2014 17:36:35	24	70	0
Apr 16, 2014 17:36:36	37	56	0
Apr 16, 2014 17:36:37	38	56	0
Apr 16, 2014 17:36:38	41	56	0
Apr 16, 2014 17:36:39	35	44	0
Apr 16, 2014 17:36:40	34	53	0
Apr 16, 2014 17:36:41	29	61	0
Apr 16, 2014 17:36:42	40	48	0
Apr 16, 2014 17:36:43	40	53	0
Apr 16, 2014 17:36:45	50	53	0
Apr 16, 2014 17:36:46	63	51	0
Apr 16, 2014 17:36:47	74	63	0
Apr 16, 2014 17:36:48	83	50	0
Apr 16, 2014 17:36:49	83	48	0
Apr 16, 2014 17:36:50	67	37	0
Apr 16, 2014 17:36:51	41	20	0
Apr 16, 2014 17:36:52	35	29	0
Apr 16, 2014 17:36:53	26	47	0
Apr 16, 2014 17:36:54	35	54	0
Apr 16, 2014 17:36:55	51	54	0
Apr 16, 2014 17:36:56	51	54	0
Apr 16, 2014 17:36:57	60	40	0
Apr 16, 2014 17:36:58	56	35	0
Apr 16, 2014 17:36:59	51	43	0
Apr 16, 2014 17:37:00	47	44	0
Apr 16, 2014 17:37:01	34	37	0
Apr 16, 2014 17:37:02	27	26	0
Apr 16, 2014 17:37:03	24	24	0
Apr 16, 2014 17:37:04	30	30	0
Apr 16, 2014 17:37:05	26	24	0
Apr 16, 2014 17:37:06	27	37	0
Apr 16, 2014 17:37:07	29	37	0
Apr 16, 2014 17:37:08	26	54	0
Apr 16, 2014 17:37:09	35	54	0
Apr 16, 2014 17:37:10	43	70	0
Apr 16, 2014 17:37:11	43	67	0
Apr 16, 2014 17:37:12	48	57	0
Apr 16, 2014 17:37:13	44	53	0
Apr 16, 2014 17:37:14	34	43	0
Apr 16, 2014 17:37:15	29	43	0
Apr 16, 2014 17:37:16	44	38	0
Apr 16, 2014 17:37:17	43	53	0
Apr 16, 2014 17:37:18	40	66	0
Apr 16, 2014 17:37:19	47	87	0
Apr 16, 2014 17:37:21	29	96	0
Apr 16, 2014 17:37:22	20	77	0
Apr 16, 2014 17:37:23	24	54	0
Apr 16, 2014 17:37:24	30	40	0
Apr 16, 2014 17:37:25	35	35	0
Apr 16, 2014 17:37:26	40	51	0
Apr 16, 2014 17:37:27	48	57	0
Apr 16, 2014 17:37:28	44	53	0
Apr 16, 2014 17:37:29	50	51	0
Apr 16, 2014 17:37:30	51	35	0
Apr 16, 2014 17:37:31	29	24	0
Apr 16, 2014 17:37:32	30	30	0
Apr 16, 2014 17:37:33	23	38	0
Apr 16, 2014 17:37:34	8	53	0
Apr 16, 2014 17:37:35	34	69	0
Apr 16, 2014 17:37:36	29	69	0
Apr 16, 2014 17:37:37	44	75	0
Apr 16, 2014 17:37:38	34	87	0
Apr 16, 2014 17:37:39	26	88	0
Apr 16, 2014 17:37:40	17	64	0
Apr 16, 2014 17:37:41	23	63	0
Apr 16, 2014 17:37:42	21	56	0
Apr 16, 2014 17:37:43	29	51	0
Apr 16, 2014 17:37:44	44	51	0
Apr 16, 2014 17:37:45	43	61	0
Apr 16, 2014 17:37:46	53	57	0
Apr 16, 2014 17:37:47	51	56	0
Apr 16, 2014 17:37:48	41	66	0
Apr 16, 2014 17:37:49	41	67	0
Apr 16, 2014 17:37:50	29	78	0
Apr 16, 2014 17:37:51	26	83	0
Apr 16, 2014 17:37:52	40	83	0
Apr 16, 2014 17:37:54	41	80	0
Apr 16, 2014 17:37:55	41	77	0
Apr 16, 2014 17:37:56	44	66	0
Apr 16, 2014 17:37:57	26	61	0
Apr 16, 2014 17:37:58	16	60	0
Apr 16, 2014 17:37:59	14	63	0
Apr 16, 2014 17:38:00	20	67	0
Apr 16, 2014 17:38:01	16	69	0
Apr 16, 2014 17:38:02	20	67	0
Apr 16, 2014 17:38:03	14	56	0
Apr 16, 2014 17:38:04	1	48	0
Apr 16, 2014 17:38:05	13	40	0
Apr 16, 2014 17:38:06	11	37	0
Apr 16, 2014 17:38:07	10	41	0
Apr 16, 2014 17:38:08	13	60	0
Apr 16, 2014 17:38:09	7	63	0
Apr 16, 2014 17:38:10	16	77	0
Apr 16, 2014 17:38:11	16	90	0
Apr 16, 2014 17:38:12	11	88	0
Apr 16, 2014 17:38:13	24	64	0
Apr 16, 2014 17:38:14	14	44	0
Apr 16, 2014 17:38:15	23	40	0
Apr 16, 2014 17:38:16	34	40	0
Apr 16, 2014 17:38:17	27	61	0
Apr 16, 2014 17:38:18	44	69	0
Apr 16, 2014 17:38:19	43	54	0
Apr 16, 2014 17:38:20	40	50	0
Apr 16, 2014 17:38:21	38	51	0
Apr 16, 2014 17:38:22	34	57	0
Apr 16, 2014 17:38:23	26	74	0
Apr 16, 2014 17:38:24	29	88	0
Apr 16, 2014 17:38:25	40	77	0
Apr 16, 2014 17:38:26	50	63	0
Apr 16, 2014 17:38:28	47	56	0
Apr 16, 2014 17:38:29	44	50	0
Apr 16, 2014 17:38:30	41	57	0
Apr 16, 2014 17:38:31	34	63	0
Apr 16, 2014 17:38:32	40	69	0
Apr 16, 2014 17:38:33	30	70	0
Apr 16, 2014 17:38:34	29	60	0
Apr 16, 2014 17:38:35	41	61	0
Apr 16, 2014 17:38:36	53	41	0
Apr 16, 2014 17:38:37	54	63	0
Apr 16, 2014 17:38:38	40	67	0
Apr 16, 2014 17:38:39	35	70	0
Apr 16, 2014 17:38:40	37	70	0
Apr 16, 2014 17:38:41	26	53	0
Apr 16, 2014 17:38:42	34	41	0
Apr 16, 2014 17:38:43	40	51	0
Apr 16, 2014 17:38:44	41	54	0
Apr 16, 2014 17:38:45	53	63	0
Apr 16, 2014 17:38:46	63	63	0
Apr 16, 2014 17:38:47	69	53	0
Apr 16, 2014 17:38:48	70	48	0
Apr 16, 2014 17:38:49	61	56	0
Apr 16, 2014 17:38:50	53	64	0
Apr 16, 2014 17:38:51	43	81	0
Apr 16, 2014 17:38:52	44	97	0
Apr 16, 2014 17:38:53	50	87	0
Apr 16, 2014 17:38:54	53	84	0
Apr 16, 2014 17:38:55	37	56	0
Apr 16, 2014 17:38:56	30	48	0
Apr 16, 2014 17:38:57	41	48	0
Apr 16, 2014 17:38:59	47	43	0
Apr 16, 2014 17:39:00	57	50	0
Apr 16, 2014 17:39:01	57	35	0
Apr 16, 2014 17:39:02	48	44	0
Apr 16, 2014 17:39:03	29	50	0
Apr 16, 2014 17:39:04	34	67	0
Apr 16, 2014 17:39:05	40	57	0
Apr 16, 2014 17:39:06	44	54	0
Apr 16, 2014 17:39:07	34	57	0
Apr 16, 2014 17:39:08	40	61	0
Apr 16, 2014 17:39:09	43	69	0
Apr 16, 2014 17:39:10	50	74	0
Apr 16, 2014 17:39:11	64	67	0
Apr 16, 2014 17:39:12	78	57	0
Apr 16, 2014 17:39:13	53	35	0
Apr 16, 2014 17:39:14	43	35	0
Apr 16, 2014 17:39:15	17	26	0
Apr 16, 2014 17:39:16	1	26	0
Apr 16, 2014 17:39:17	1	41	0
Apr 16, 2014 17:39:18	4	41	0
Apr 16, 2014 17:39:19	21	57	0
Apr 16, 2014 17:39:20	24	66	0
Apr 16, 2014 17:39:21	37	74	0
Apr 16, 2014 17:39:22	43	75	0
Apr 16, 2014 17:39:23	47	66	0
Apr 16, 2014 17:39:24	56	69	0
Apr 16, 2014 17:39:25	54	54	0
Apr 16, 2014 17:39:26	47	51	0
Apr 16, 2014 17:39:27	53	53	0
Apr 16, 2014 17:39:28	50	63	0
Apr 16, 2014 17:39:29	47	83	0
Apr 16, 2014 17:39:31	48	100	0
Apr 16, 2014 17:39:32	40	87	0
Apr 16, 2014 17:39:33	37	64	0
Apr 16, 2014 17:39:34	29	51	0
Apr 16, 2014 17:39:35	7	30	0
Apr 16, 2014 17:39:36	8	26	0
Apr 16, 2014 17:39:37	8	38	0
Apr 16, 2014 17:39:38	23	38	0
Apr 16, 2014 17:39:39	48	47	0
Apr 16, 2014 17:39:40	66	54	0
Apr 16, 2014 17:39:41	70	56	0
Apr 16, 2014 17:39:42	57	66	0
Apr 16, 2014 17:39:43	44	63	0
Apr 16, 2014 17:39:44	29	63	0
Apr 16, 2014 17:39:45	26	64	0
Apr 16, 2014 17:39:46	17	57	0
Apr 16, 2014 17:39:47	23	48	0
Apr 16, 2014 17:39:48	27	53	0
Apr 16, 2014 17:39:49	41	44	0
Apr 16, 2014 17:39:50	47	27	0
Apr 16, 2014 17:39:51	47	48	0
Apr 16, 2014 17:39:52	54	40	0
Apr 16, 2014 17:39:53	43	47	0
Apr 16, 2014 17:39:54	53	66	0
Apr 16, 2014 17:39:55	53	66	0
Apr 16, 2014 17:39:56	48	61	0
Apr 16, 2014 17:39:57	54	54	0
Apr 16, 2014 17:39:58	50	53	0
Apr 16, 2014 17:39:59	64	50	0
Apr 16, 2014 17:40:00	74	54	0
Apr 16, 2014 17:40:02	66	53	0
Apr 16, 2014 17:40:03	70	40	0
Apr 16, 2014 17:40:04	63	30	0
Apr 16, 2014 17:40:05	51	23	0
Apr 16, 2014 17:40:06	70	27	0
Apr 16, 2014 17:40:07	56	38	0
Apr 16, 2014 17:40:08	70	30	0
Apr 16, 2014 17:40:09	74	37	0
Apr 16, 2014 17:40:10	75	37	0
Apr 16, 2014 17:40:11	93	37	0
Apr 16, 2014 17:40:12	77	43	0
Apr 16, 2014 17:40:13	75	50	0
Apr 16, 2014 17:40:14	63	54	0
Apr 16, 2014 17:40:15	50	43	0
Apr 16, 2014 17:40:16	50	54	0
Apr 16, 2014 17:40:17	50	47	0
Apr 16, 2014 17:40:18	51	41	0
Apr 16, 2014 17:40:19	50	51	0
Apr 16, 2014 17:40:20	63	47	0
Apr 16, 2014 17:40:21	60	50	0
Apr 16, 2014 17:40:22	51	57	0
Apr 16, 2014 17:40:23	57	50	0
Apr 16, 2014 17:40:24	47	48	0
Apr 16, 2014 17:40:25	35	4	0
Apr 16, 2014 17:40:26	38	11	0
Apr 16, 2014 17:40:27	24	24	0
Apr 16, 2014 17:40:28	26	43	0
Apr 16, 2014 17:40:29	24	54	0
Apr 16, 2014 17:40:30	29	61	0
Apr 16, 2014 17:40:31	37	50	0
Apr 16, 2014 17:40:33	56	47	0
Apr 16, 2014 17:40:34	77	51	0
Apr 16, 2014 17:40:35	61	50	0
Apr 16, 2014 17:40:36	60	44	0
Apr 16, 2014 17:40:37	53	30	0
Apr 16, 2014 17:40:38	47	44	0
Apr 16, 2014 17:40:39	53	37	0
Apr 16, 2014 17:40:40	66	43	0
Apr 16, 2014 17:40:41	70	63	0
Apr 16, 2014 17:40:42	80	60	0
Apr 16, 2014 17:40:43	75	64	0
Apr 16, 2014 17:40:44	51	53	0
Apr 16, 2014 17:40:45	34	48	0
Apr 16, 2014 17:40:46	11	27	0
Apr 16, 2014 17:40:47	17	40	0
Apr 16, 2014 17:40:48	41	53	0
Apr 16, 2014 17:40:49	50	44	0
Apr 16, 2014 17:40:50	64	56	0
Apr 16, 2014 17:40:51	63	40	0
Apr 16, 2014 17:40:52	57	47	0
Apr 16, 2014 17:40:53	53	54	0
Apr 16, 2014 17:40:54	30	56	0
Apr 16, 2014 17:40:55	38	54	0
Apr 16, 2014 17:40:56	37	63	0
Apr 16, 2014 17:40:57	47	57	0
Apr 16, 2014 17:40:58	66	61	0
Apr 16, 2014 17:40:59	67	63	0
Apr 16, 2014 17:41:00	80	50	0
Apr 16, 2014 17:41:01	69	63	0
Apr 16, 2014 17:41:02	70	53	0
Apr 16, 2014 17:41:03	63	40	0
Apr 16, 2014 17:41:04	40	40	0
Apr 16, 2014 17:41:05	27	30	0
Apr 16, 2014 17:41:06	20	27	0
Apr 16, 2014 17:41:08	17	37	0
Apr 16, 2014 17:41:09	26	37	0
Apr 16, 2014 17:41:10	50	34	0
Apr 16, 2014 17:41:11	53	43	0
Apr 16, 2014 17:41:12	57	29	0
Apr 16, 2014 17:41:13	54	16	0
Apr 16, 2014 17:41:14	51	21	0
Apr 16, 2014 17:41:15	56	17	0
Apr 16, 2014 17:41:16	60	23	0
Apr 16, 2014 17:41:17	78	24	0
Apr 16, 2014 17:41:18	78	29	0
Apr 16, 2014 17:41:19	75	23	0
Apr 16, 2014 17:41:20	69	20	0
Apr 16, 2014 17:41:21	60	41	0
Apr 16, 2014 17:41:22	53	37	0
Apr 16, 2014 17:41:23	54	56	0
Apr 16, 2014 17:41:24	60	44	0
Apr 16, 2014 17:41:25	74	37	0
Apr 16, 2014 17:41:26	75	34	0
Apr 16, 2014 17:41:27	75	54	0
Apr 16, 2014 17:41:28	57	56	0
Apr 16, 2014 17:41:29	50	63	0
Apr 16, 2014 17:41:30	53	57	0
Apr 16, 2014 17:41:31	56	54	0
Apr 16, 2014 17:41:32	63	64	0
Apr 16, 2014 17:41:33	78	54	0
Apr 16, 2014 17:41:34	80	40	0
Apr 16, 2014 17:41:35	78	37	0
Apr 16, 2014 17:41:36	88	24	0
Apr 16, 2014 17:41:37	83	29	0
Apr 16, 2014 17:41:38	93	48	0
Apr 16, 2014 17:41:39	87	50	0
Apr 16, 2014 17:41:40	81	57	0
Apr 16, 2014 17:41:41	66	61	0
Apr 16, 2014 17:41:42	54	56	0
Apr 16, 2014 17:41:44	50	56	0
Apr 16, 2014 17:41:45	51	35	0
Apr 16, 2014 17:41:46	60	35	0
Apr 16, 2014 17:41:47	66	40	0
Apr 16, 2014 17:41:48	75	41	0
Apr 16, 2014 17:41:49	78	56	0
Apr 16, 2014 17:41:50	80	44	0
Apr 16, 2014 17:41:51	78	26	0
Apr 16, 2014 17:41:52	67	29	0
Apr 16, 2014 17:41:53	64	30	0
Apr 16, 2014 17:41:54	67	34	0
Apr 16, 2014 17:41:55	54	54	0
Apr 16, 2014 17:41:56	60	64	0
Apr 16, 2014 17:41:57	29	78	0
Apr 16, 2014 17:41:58	26	63	0
Apr 16, 2014 17:41:59	8	41	0
Apr 16, 2014 17:42:00	11	38	0
Apr 16, 2014 17:42:01	14	10	0
Apr 16, 2014 17:42:02	23	10	0
Apr 16, 2014 17:42:03	44	27	0
Apr 16, 2014 17:42:04	40	8	0
Apr 16, 2014 17:42:05	47	23	0
Apr 16, 2014 17:42:06	44	38	0
Apr 16, 2014 17:42:07	41	34	0
Apr 16, 2014 17:42:08	60	54	0
Apr 16, 2014 17:42:09	54	60	0
Apr 16, 2014 17:42:10	47	54	0
Apr 16, 2014 17:42:11	50	35	0
Apr 16, 2014 17:42:12	35	34	0
Apr 16, 2014 17:42:13	43	34	0
Apr 16, 2014 17:42:14	60	34	0
Apr 16, 2014 17:42:15	61	44	0
Apr 16, 2014 17:42:16	81	41	0
Apr 16, 2014 17:42:17	83	50	0
Apr 16, 2014 17:42:18	83	41	0
Apr 16, 2014 17:42:19	80	43	0
Apr 16, 2014 17:42:21	81	35	0
Apr 16, 2014 17:42:22	83	43	0
Apr 16, 2014 17:42:23	70	48	0
Apr 16, 2014 17:42:24	69	48	0
Apr 16, 2014 17:42:25	66	67	0
Apr 16, 2014 17:42:26	69	53	0
Apr 16, 2014 17:42:27	56	38	0
Apr 16, 2014 17:42:28	47	60	0
Apr 16, 2014 17:42:29	30	41	0
Apr 16, 2014 17:42:30	27	48	0
Apr 16, 2014 17:42:31	50	50	0
Apr 16, 2014 17:42:32	70	34	0
Apr 16, 2014 17:42:33	88	44	0
Apr 16, 2014 17:42:34	96	43	0
Apr 16, 2014 17:42:35	100	56	0
Apr 16, 2014 17:42:36	100	53	0
Apr 16, 2014 17:42:37	96	50	0
Apr 16, 2014 17:42:38	81	61	0
Apr 16, 2014 17:42:39	77	56	0
Apr 16, 2014 17:42:40	57	57	0
Apr 16, 2014 17:42:41	44	63	0
Apr 16, 2014 17:42:42	51	54	0
Apr 16, 2014 17:42:43	51	43	0
Apr 16, 2014 17:42:44	63	38	0
Apr 16, 2014 17:42:45	78	38	0
Apr 16, 2014 17:42:46	80	27	0
Apr 16, 2014 17:42:47	88	38	0
Apr 16, 2014 17:42:48	81	44	0
Apr 16, 2014 17:42:49	75	35	0
Apr 16, 2014 17:42:50	77	41	0
Apr 16, 2014 17:42:51	74	57	0
Apr 16, 2014 17:42:52	80	44	0
Apr 16, 2014 17:42:53	84	43	0
Apr 16, 2014 17:42:54	80	30	0
Apr 16, 2014 17:42:55	87	16	0
Apr 16, 2014 17:42:56	64	21	0
Apr 16, 2014 17:42:58	63	30	0
Apr 16, 2014 17:42:59	74	51	0
Apr 16, 2014 17:43:00	70	51	0
Apr 16, 2014 17:43:01	78	40	0
Apr 16, 2014 17:43:02	51	27	0
Apr 16, 2014 17:43:03	34	30	0
Apr 16, 2014 17:43:04	21	34	0
Apr 16, 2014 17:43:05	21	26	0
Apr 16, 2014 17:43:06	34	29	0
Apr 16, 2014 17:43:07	26	13	0
Apr 16, 2014 17:43:08	29	14	0
Apr 16, 2014 17:43:09	38	26	0
Apr 16, 2014 17:43:10	51	21	0
Apr 16, 2014 17:43:11	54	34	0
Apr 16, 2014 17:43:12	56	38	0
Apr 16, 2014 17:43:13	54	29	0
Apr 16, 2014 17:43:14	41	30	0
Apr 16, 2014 17:43:15	61	30	0
Apr 16, 2014 17:43:16	60	30	0
Apr 16, 2014 17:43:17	56	27	0
Apr 16, 2014 17:43:18	66	26	0
Apr 16, 2014 17:43:19	57	30	0
Apr 16, 2014 17:43:20	63	40	0
Apr 16, 2014 17:43:21	70	40	0
Apr 16, 2014 17:43:22	75	56	0
Apr 16, 2014 17:43:23	70	66	0
Apr 16, 2014 17:43:24	51	57	0
Apr 16, 2014 17:43:25	38	67	0
Apr 16, 2014 17:43:26	34	60	0
Apr 16, 2014 17:43:27	23	35	0
Apr 16, 2014 17:43:28	48	40	0
Apr 16, 2014 17:43:29	54	41	0
Apr 16, 2014 17:43:30	47	37	0
Apr 16, 2014 17:43:31	75	40	0
Apr 16, 2014 17:43:32	90	35	0
Apr 16, 2014 17:43:34	100	43	0
Apr 16, 2014 17:43:35	97	54	0
Apr 16, 2014 17:43:36	88	53	0
Apr 16, 2014 17:43:37	84	56	0
Apr 16, 2014 17:43:38	87	50	0
Apr 16, 2014 17:43:39	70	60	0
Apr 16, 2014 17:43:40	44	38	0
Apr 16, 2014 17:43:41	34	50	0
Apr 16, 2014 17:43:42	24	48	0
Apr 16, 2014 17:43:43	43	41	0
Apr 16, 2014 17:43:44	66	64	0
Apr 16, 2014 17:43:45	67	57	0
Apr 16, 2014 17:43:46	70	63	0
Apr 16, 2014 17:43:47	54	54	0
Apr 16, 2014 17:43:48	53	61	0
Apr 16, 2014 17:43:49	66	54	0
Apr 16, 2014 17:43:50	66	44	0
Apr 16, 2014 17:43:51	84	43	0
Apr 16, 2014 17:43:52	81	43	0
Apr 16, 2014 17:43:53	61	34	0
Apr 16, 2014 17:43:54	34	34	0
Apr 16, 2014 17:43:55	13	41	0
Apr 16, 2014 17:43:56	14	38	0
Apr 16, 2014 17:43:57	27	56	0
Apr 16, 2014 17:43:58	61	61	0
Apr 16, 2014 17:43:59	66	54	0
Apr 16, 2014 17:44:00	70	53	0
Apr 16, 2014 17:44:01	74	50	0
Apr 16, 2014 17:44:02	67	60	0
Apr 16, 2014 17:44:03	81	66	0
Apr 16, 2014 17:44:04	77	56	0
Apr 16, 2014 17:44:05	70	61	0
Apr 16, 2014 17:44:06	63	56	0
Apr 16, 2014 17:44:07	51	51	0
Apr 16, 2014 17:44:08	48	63	0
Apr 16, 2014 17:44:10	48	60	0
Apr 16, 2014 17:44:11	54	77	0
Apr 16, 2014 17:44:12	67	81	0
Apr 16, 2014 17:44:13	64	61	0
Apr 16, 2014 17:44:14	44	63	0
Apr 16, 2014 17:44:15	44	54	0
Apr 16, 2014 17:44:16	44	41	0
Apr 16, 2014 17:44:17	53	60	0
Apr 16, 2014 17:44:18	74	60	0
Apr 16, 2014 17:44:19	67	64	0
Apr 16, 2014 17:44:20	61	63	0
Apr 16, 2014 17:44:21	41	60	0
Apr 16, 2014 17:44:22	47	53	0
Apr 16, 2014 17:44:23	47	57	0
Apr 16, 2014 17:44:24	43	67	0
Apr 16, 2014 17:44:25	61	64	0
Apr 16, 2014 17:44:26	50	67	0
Apr 16, 2014 17:44:27	60	57	0
Apr 16, 2014 17:44:28	60	57	0
Apr 16, 2014 17:44:29	56	56	0
Apr 16, 2014 17:44:30	64	43	0
Apr 16, 2014 17:44:31	47	44	0
Apr 16, 2014 17:44:32	48	41	0
Apr 16, 2014 17:44:33	48	56	0
Apr 16, 2014 17:44:34	51	51	0
Apr 16, 2014 17:44:35	54	47	0
Apr 16, 2014 17:44:36	44	35	0
Apr 16, 2014 17:44:37	53	47	0
Apr 16, 2014 17:44:38	56	41	0
Apr 16, 2014 17:44:39	47	53	0
Apr 16, 2014 17:44:40	53	66	0
Apr 16, 2014 17:44:41	30	53	0
Apr 16, 2014 17:44:42	23	61	0
Apr 16, 2014 17:44:43	44	41	0
Apr 16, 2014 17:44:45	43	40	0
Apr 16, 2014 17:44:46	70	40	0
Apr 16, 2014 17:44:47	91	30	0
Apr 16, 2014 17:44:48	88	60	0
Apr 16, 2014 17:44:49	84	48	0
Apr 16, 2014 17:44:50	83	41	0
Apr 16, 2014 17:44:51	77	48	0
Apr 16, 2014 17:44:52	77	41	0
Apr 16, 2014 17:44:53	77	47	0
Apr 16, 2014 17:44:54	70	64	0
Apr 16, 2014 17:44:55	51	69	0
Apr 16, 2014 17:44:56	35	67	0
Apr 16, 2014 17:44:57	38	63	0
Apr 16, 2014 17:44:58	47	53	0
Apr 16, 2014 17:44:59	63	44	0
Apr 16, 2014 17:45:00	69	50	0
Apr 16, 2014 17:45:01	64	50	0
Apr 16, 2014 17:45:02	64	60	0
Apr 16, 2014 17:45:03	69	61	0
Apr 16, 2014 17:45:04	96	64	0
Apr 16, 2014 17:45:05	100	66	0
Apr 16, 2014 17:45:06	87	75	0
Apr 16, 2014 17:45:07	81	70	0
Apr 16, 2014 17:45:08	91	63	0
Apr 16, 2014 17:45:09	83	50	0
Apr 16, 2014 17:45:10	100	40	0
Apr 16, 2014 17:45:11	94	43	0
Apr 16, 2014 17:45:12	90	40	0
Apr 16, 2014 17:45:13	84	43	0
Apr 16, 2014 17:45:14	70	27	0
Apr 16, 2014 17:45:15	67	34	0
Apr 16, 2014 17:45:16	61	41	0
Apr 16, 2014 17:45:17	67	56	0
Apr 16, 2014 17:45:18	69	74	0
Apr 16, 2014 17:45:19	77	74	0
Apr 16, 2014 17:45:21	67	57	0
Apr 16, 2014 17:45:22	67	44	0
Apr 16, 2014 17:45:23	67	44	0
Apr 16, 2014 17:45:24	61	40	0
Apr 16, 2014 17:45:25	69	37	0
Apr 16, 2014 17:45:26	74	44	0
Apr 16, 2014 17:45:27	78	47	0
Apr 16, 2014 17:45:28	75	29	0
Apr 16, 2014 17:45:29	80	38	0
Apr 16, 2014 17:45:30	83	41	0
Apr 16, 2014 17:45:31	87	38	0
Apr 16, 2014 17:45:32	93	53	0
Apr 16, 2014 17:45:33	88	53	0
Apr 16, 2014 17:45:34	63	44	0
Apr 16, 2014 17:45:35	48	50	0
Apr 16, 2014 17:45:36	38	38	0
Apr 16, 2014 17:45:37	48	54	0
Apr 16, 2014 17:45:38	50	54	0
Apr 16, 2014 17:45:39	54	50	0
Apr 16, 2014 17:45:40	60	80	0
Apr 16, 2014 17:45:41	70	60	0
Apr 16, 2014 17:45:42	77	57	0
Apr 16, 2014 17:45:43	77	57	0
Apr 16, 2014 17:45:44	81	41	0
Apr 16, 2014 17:45:45	69	51	0
Apr 16, 2014 17:45:46	80	47	0
Apr 16, 2014 17:45:47	81	44	0
Apr 16, 2014 17:45:48	80	44	0
Apr 16, 2014 17:45:49	90	30	0
Apr 16, 2014 17:45:50	81	47	0
Apr 16, 2014 17:45:51	84	54	0
Apr 16, 2014 17:45:52	88	63	0
Apr 16, 2014 17:45:53	88	63	0
Apr 16, 2014 17:45:54	93	70	0
Apr 16, 2014 17:45:56	77	48	0
Apr 16, 2014 17:45:57	64	44	0
Apr 16, 2014 17:45:58	43	53	0
Apr 16, 2014 17:45:59	47	47	0
Apr 16, 2014 17:46:00	57	63	0
Apr 16, 2014 17:46:01	75	63	0
Apr 16, 2014 17:46:02	96	66	0
Apr 16, 2014 17:46:03	100	64	0
Apr 16, 2014 17:46:04	100	60	0
Apr 16, 2014 17:46:05	100	64	0
Apr 16, 2014 17:46:06	100	54	0
Apr 16, 2014 17:46:07	94	56	0
Apr 16, 2014 17:46:08	100	47	0
Apr 16, 2014 17:46:09	100	44	0
Apr 16, 2014 17:46:10	87	57	0
Apr 16, 2014 17:46:11	67	69	0
Apr 16, 2014 17:46:12	56	60	0
Apr 16, 2014 17:46:13	60	60	0
Apr 16, 2014 17:46:14	57	66	0
Apr 16, 2014 17:46:15	64	63	0
Apr 16, 2014 17:46:16	63	78	0
Apr 16, 2014 17:46:17	75	77	0
Apr 16, 2014 17:46:18	70	69	0
Apr 16, 2014 17:46:19	81	75	0
Apr 16, 2014 17:46:20	78	81	0
Apr 16, 2014 17:46:21	78	87	0
Apr 16, 2014 17:46:22	83	83	0
Apr 16, 2014 17:46:23	81	63	0
Apr 16, 2014 17:46:24	77	41	0
Apr 16, 2014 17:46:25	69	43	0
Apr 16, 2014 17:46:26	61	40	0
Apr 16, 2014 17:46:27	44	51	0
Apr 16, 2014 17:46:28	50	78	0
Apr 16, 2014 17:46:29	40	81	0
Apr 16, 2014 17:46:30	43	81	0
Apr 16, 2014 17:46:32	48	75	0
Apr 16, 2014 17:46:33	50	61	0
Apr 16, 2014 17:46:34	50	61	0
Apr 16, 2014 17:46:35	56	60	0
Apr 16, 2014 17:46:36	54	69	0
Apr 16, 2014 17:46:37	57	70	0
Apr 16, 2014 17:46:38	57	64	0
Apr 16, 2014 17:46:39	64	64	0
Apr 16, 2014 17:46:40	70	67	0
Apr 16, 2014 17:46:41	74	57	0
Apr 16, 2014 17:46:42	67	60	0
Apr 16, 2014 17:46:43	54	51	0
Apr 16, 2014 17:46:44	63	54	0
Apr 16, 2014 17:46:45	64	57	0
Apr 16, 2014 17:46:46	63	53	0
Apr 16, 2014 17:46:47	74	60	0
Apr 16, 2014 17:46:48	53	53	0
Apr 16, 2014 17:46:49	44	63	0
Apr 16, 2014 17:46:50	44	75	0
Apr 16, 2014 17:46:51	30	75	0
Apr 16, 2014 17:46:52	27	90	0
Apr 16, 2014 17:46:53	20	80	0
Apr 16, 2014 17:46:54	10	80	0
Apr 16, 2014 17:46:55	7	74	0
Apr 16, 2014 17:46:56	14	40	0
Apr 16, 2014 17:46:57	13	38	0
Apr 16, 2014 17:46:58	26	20	0
Apr 16, 2014 17:46:59	37	24	0
Apr 16, 2014 17:47:00	51	38	0
Apr 16, 2014 17:47:01	53	38	0
Apr 16, 2014 17:47:02	56	47	0
Apr 16, 2014 17:47:03	53	43	0
Apr 16, 2014 17:47:04	37	48	0
Apr 16, 2014 17:47:05	41	60	0
Apr 16, 2014 17:47:06	35	80	0
Apr 16, 2014 17:47:08	24	88	0
Apr 16, 2014 17:47:09	26	66	0
Apr 16, 2014 17:47:10	24	51	0
Apr 16, 2014 17:47:11	48	34	0
Apr 16, 2014 17:47:12	53	37	0
Apr 16, 2014 17:47:13	53	37	0
Apr 16, 2014 17:47:14	57	67	0
Apr 16, 2014 17:47:15	43	93	0
Apr 16, 2014 17:47:16	63	84	0
Apr 16, 2014 17:47:17	56	81	0
Apr 16, 2014 17:47:18	56	81	26
Apr 16, 2014 17:47:19	54	63	0
Apr 16, 2014 17:47:20	56	47	0
Apr 16, 2014 17:47:21	37	40	0
Apr 16, 2014 17:47:22	44	47	0
Apr 16, 2014 17:47:23	44	51	0
Apr 16, 2014 17:47:24	43	61	0
Apr 16, 2014 17:47:25	41	74	0
Apr 16, 2014 17:47:26	41	60	0
Apr 16, 2014 17:47:27	38	44	0
Apr 16, 2014 17:47:28	48	43	0
Apr 16, 2014 17:47:29	44	48	0
Apr 16, 2014 17:47:30	51	48	0
Apr 16, 2014 17:47:31	63	80	0
Apr 16, 2014 17:47:32	60	80	0
Apr 16, 2014 17:47:33	74	66	0
Apr 16, 2014 17:47:34	64	74	0
Apr 16, 2014 17:47:35	47	67	0
Apr 16, 2014 17:47:36	57	57	0
Apr 16, 2014 17:47:37	60	57	0
Apr 16, 2014 17:47:38	90	41	0
Apr 16, 2014 17:47:39	83	47	0
Apr 16, 2014 17:47:40	83	53	0
Apr 16, 2014 17:47:41	84	66	0
Apr 16, 2014 17:47:42	77	70	0
Apr 16, 2014 17:47:44	64	77	0
Apr 16, 2014 17:47:45	44	75	0
Apr 16, 2014 17:47:46	38	78	0
Apr 16, 2014 17:47:47	40	74	0
Apr 16, 2014 17:47:48	30	54	0
Apr 16, 2014 17:47:49	23	54	0
Apr 16, 2014 17:47:50	20	43	0
Apr 16, 2014 17:47:51	27	47	0
Apr 16, 2014 17:47:52	44	50	0
Apr 16, 2014 17:47:53	70	43	0
Apr 16, 2014 17:47:54	69	50	0
Apr 16, 2014 17:47:55	61	54	0
Apr 16, 2014 17:47:56	66	61	0
Apr 16, 2014 17:47:57	57	66	0
Apr 16, 2014 17:47:58	63	75	0
Apr 16, 2014 17:47:59	63	61	0
Apr 16, 2014 17:48:00	74	69	0
Apr 16, 2014 17:48:01	69	69	0
Apr 16, 2014 17:48:02	60	60	0
Apr 16, 2014 17:48:03	48	67	0
Apr 16, 2014 17:48:04	24	66	0
Apr 16, 2014 17:48:05	23	69	0
Apr 16, 2014 17:48:06	43	57	0
Apr 16, 2014 17:48:07	53	47	0
Apr 16, 2014 17:48:08	57	44	0
Apr 16, 2014 17:48:09	34	51	0
Apr 16, 2014 17:48:10	29	54	0
Apr 16, 2014 17:48:11	41	50	0
Apr 16, 2014 17:48:12	44	48	0
Apr 16, 2014 17:48:13	53	48	0
Apr 16, 2014 17:48:14	51	44	0
Apr 16, 2014 17:48:15	35	50	0
Apr 16, 2014 17:48:16	34	50	0
Apr 16, 2014 17:48:17	23	38	0
Apr 16, 2014 17:48:19	26	41	0
Apr 16, 2014 17:48:20	27	47	0
Apr 16, 2014 17:48:21	24	47	0
Apr 16, 2014 17:48:22	37	77	0
Apr 16, 2014 17:48:23	40	80	0
Apr 16, 2014 17:48:24	47	84	0
Apr 16, 2014 17:48:25	67	78	0
Apr 16, 2014 17:48:26	69	64	0
Apr 16, 2014 17:48:27	70	69	0
Apr 16, 2014 17:48:28	75	48	0
Apr 16, 2014 17:48:29	54	50	0
Apr 16, 2014 17:48:30	48	38	0
Apr 16, 2014 17:48:31	34	30	0
Apr 16, 2014 17:48:32	23	47	0
Apr 16, 2014 17:48:33	16	37	0
Apr 16, 2014 17:48:34	17	38	0
Apr 16, 2014 17:48:35	23	29	0
Apr 16, 2014 17:48:36	29	30	0
Apr 16, 2014 17:48:37	37	37	0
Apr 16, 2014 17:48:38	41	48	0
Apr 16, 2014 17:48:39	37	23	0
Apr 16, 2014 17:48:40	43	27	0
Apr 16, 2014 17:48:41	51	26	0
Apr 16, 2014 17:48:42	60	41	0
Apr 16, 2014 17:48:43	64	47	0
Apr 16, 2014 17:48:44	57	41	0
Apr 16, 2014 17:48:45	44	40	0
Apr 16, 2014 17:48:46	47	34	0
Apr 16, 2014 17:48:47	41	37	0
Apr 16, 2014 17:48:48	50	41	0
Apr 16, 2014 17:48:49	63	47	0
Apr 16, 2014 17:48:50	64	54	0
Apr 16, 2014 17:48:51	83	60	0
Apr 16, 2014 17:48:52	74	66	0
Apr 16, 2014 17:48:54	70	66	0
Apr 16, 2014 17:48:55	69	63	0
Apr 16, 2014 17:48:56	51	54	0
Apr 16, 2014 17:48:57	60	67	0
Apr 16, 2014 17:48:58	53	60	0
Apr 16, 2014 17:48:59	53	57	0
Apr 16, 2014 17:49:00	61	67	0
Apr 16, 2014 17:49:01	54	44	0
Apr 16, 2014 17:49:02	56	57	0
Apr 16, 2014 17:49:03	53	56	0
Apr 16, 2014 17:49:04	50	51	0
Apr 16, 2014 17:49:05	60	54	0
Apr 16, 2014 17:49:06	60	44	0
Apr 16, 2014 17:49:07	77	50	0
Apr 16, 2014 17:49:08	94	44	0
Apr 16, 2014 17:49:09	81	54	0
Apr 16, 2014 17:49:10	74	61	0
Apr 16, 2014 17:49:11	74	67	0
Apr 16, 2014 17:49:12	83	60	0
Apr 16, 2014 17:49:13	88	63	0
Apr 16, 2014 17:49:14	93	38	0
Apr 16, 2014 17:49:15	90	30	0
Apr 16, 2014 17:49:16	84	30	0
Apr 16, 2014 17:49:17	80	29	0
Apr 16, 2014 17:49:18	74	40	0
Apr 16, 2014 17:49:19	67	41	0
Apr 16, 2014 17:49:20	81	35	0
Apr 16, 2014 17:49:21	91	35	0
Apr 16, 2014 17:49:22	94	48	0
Apr 16, 2014 17:49:23	97	47	0
Apr 16, 2014 17:49:24	69	30	0
Apr 16, 2014 17:49:25	74	20	0
Apr 16, 2014 17:49:26	81	14	0
Apr 16, 2014 17:49:28	88	8	0
Apr 16, 2014 17:49:29	100	34	0
Apr 16, 2014 17:49:30	100	38	0
Apr 16, 2014 17:49:31	96	38	0
Apr 16, 2014 17:49:32	87	60	0
Apr 16, 2014 17:49:33	84	57	0
Apr 16, 2014 17:49:34	90	63	0
Apr 16, 2014 17:49:35	90	60	0
Apr 16, 2014 17:49:36	88	53	0
Apr 16, 2014 17:49:37	80	51	0
Apr 16, 2014 17:49:38	74	50	0
Apr 16, 2014 17:49:39	91	50	0
Apr 16, 2014 17:49:40	88	51	0
Apr 16, 2014 17:49:41	93	47	0
Apr 16, 2014 17:49:42	84	44	0
Apr 16, 2014 17:49:43	84	44	0
Apr 16, 2014 17:49:44	94	34	0
Apr 16, 2014 17:49:45	81	51	0
Apr 16, 2014 17:49:46	91	50	0
Apr 16, 2014 17:49:47	90	54	0
Apr 16, 2014 17:49:48	87	66	0
Apr 16, 2014 17:49:49	100	56	0
Apr 16, 2014 17:49:50	96	56	0
Apr 16, 2014 17:49:51	100	51	0
Apr 16, 2014 17:49:52	100	53	0
Apr 16, 2014 17:49:53	96	57	0
Apr 16, 2014 17:49:54	100	53	0
Apr 16, 2014 17:49:55	90	51	0
Apr 16, 2014 17:49:56	87	48	0
Apr 16, 2014 17:49:57	78	44	0
Apr 16, 2014 17:49:58	77	41	0
Apr 16, 2014 17:49:59	78	35	0
Apr 16, 2014 17:50:00	88	30	0
Apr 16, 2014 17:50:01	84	29	0
Apr 16, 2014 17:50:02	80	44	0
Apr 16, 2014 17:50:03	81	57	0
Apr 16, 2014 17:50:05	77	61	0
Apr 16, 2014 17:50:06	93	56	0
Apr 16, 2014 17:50:07	90	50	0
Apr 16, 2014 17:50:08	100	47	0
Apr 16, 2014 17:50:09	90	48	0
Apr 16, 2014 17:50:10	78	34	0
Apr 16, 2014 17:50:11	77	21	0
Apr 16, 2014 17:50:12	84	20	0
Apr 16, 2014 17:50:13	91	38	0
Apr 16, 2014 17:50:14	87	43	0
Apr 16, 2014 17:50:15	90	50	0
Apr 16, 2014 17:50:16	83	44	0
Apr 16, 2014 17:50:17	87	47	0
Apr 16, 2014 17:50:18	100	44	0
Apr 16, 2014 17:50:19	97	38	0
Apr 16, 2014 17:50:20	100	29	0
Apr 16, 2014 17:50:21	94	37	0
Apr 16, 2014 17:50:22	90	35	0
Apr 16, 2014 17:50:23	91	43	0
Apr 16, 2014 17:50:24	88	53	0
Apr 16, 2014 17:50:25	84	44	0
Apr 16, 2014 17:50:26	78	50	0
Apr 16, 2014 17:50:27	78	38	0
Apr 16, 2014 17:50:28	91	38	0
Apr 16, 2014 17:50:29	100	26	0
Apr 16, 2014 17:50:30	100	24	0
Apr 16, 2014 17:50:31	100	24	0
Apr 16, 2014 17:50:32	100	24	0
Apr 16, 2014 17:50:33	87	40	0
Apr 16, 2014 17:50:34	70	41	0
Apr 16, 2014 17:50:35	67	47	0
Apr 16, 2014 17:50:36	74	43	0
Apr 16, 2014 17:50:37	63	38	0
Apr 16, 2014 17:50:38	69	38	0
Apr 16, 2014 17:50:39	61	38	0
Apr 16, 2014 17:50:41	51	48	0
Apr 16, 2014 17:50:42	70	56	0
Apr 16, 2014 17:50:43	91	60	0
Apr 16, 2014 17:50:44	100	40	0
Apr 16, 2014 17:50:45	100	27	0
Apr 16, 2014 17:50:46	100	29	0
Apr 16, 2014 17:50:47	100	23	0
Apr 16, 2014 17:50:48	88	27	0
Apr 16, 2014 17:50:49	81	34	0
Apr 16, 2014 17:50:50	84	27	0
Apr 16, 2014 17:50:51	83	35	0
Apr 16, 2014 17:50:52	78	47	0
Apr 16, 2014 17:50:53	77	50	0
Apr 16, 2014 17:50:54	87	40	0
Apr 16, 2014 17:50:55	93	40	0
Apr 16, 2014 17:50:56	93	43	0
Apr 16, 2014 17:50:57	87	50	0
Apr 16, 2014 17:50:58	81	56	0
Apr 16, 2014 17:50:59	77	56	0
Apr 16, 2014 17:51:00	80	56	0
Apr 16, 2014 17:51:01	87	50	0
Apr 16, 2014 17:51:02	78	56	0
Apr 16, 2014 17:51:03	70	56	0
Apr 16, 2014 17:51:04	74	51	0
Apr 16, 2014 17:51:05	70	50	0
Apr 16, 2014 17:51:06	77	30	0
Apr 16, 2014 17:51:07	83	24	0
Apr 16, 2014 17:51:08	93	8	0
Apr 16, 2014 17:51:09	77	13	0
Apr 16, 2014 17:51:10	67	23	0
Apr 16, 2014 17:51:11	63	37	0
Apr 16, 2014 17:51:12	37	34	0
Apr 16, 2014 17:51:13	27	40	0
Apr 16, 2014 17:51:14	37	34	0
Apr 16, 2014 17:51:15	38	41	0
Apr 16, 2014 17:51:17	48	40	0
Apr 16, 2014 17:51:18	50	27	0
Apr 16, 2014 17:51:19	44	13	0
Apr 16, 2014 17:51:20	61	14	0
Apr 16, 2014 17:51:21	69	13	0
Apr 16, 2014 17:51:22	64	14	0
Apr 16, 2014 17:51:23	44	23	0
Apr 16, 2014 17:51:24	35	24	0
Apr 16, 2014 17:51:25	27	23	0
Apr 16, 2014 17:51:26	38	24	0
Apr 16, 2014 17:51:27	47	34	0
Apr 16, 2014 17:51:28	50	27	0
Apr 16, 2014 17:51:29	44	38	0
Apr 16, 2014 17:51:30	50	48	0
Apr 16, 2014 17:51:31	67	47	0
Apr 16, 2014 17:51:32	64	48	0
Apr 16, 2014 17:51:33	80	40	0
Apr 16, 2014 17:51:34	83	35	0
Apr 16, 2014 17:51:35	77	30	0
Apr 16, 2014 17:51:36	74	38	0
Apr 16, 2014 17:51:37	69	40	0
Apr 16, 2014 17:51:38	64	41	0
Apr 16, 2014 17:51:39	70	48	0
Apr 16, 2014 17:51:40	87	38	0
Apr 16, 2014 17:51:41	83	47	0
Apr 16, 2014 17:51:42	75	50	0
Apr 16, 2014 17:51:43	56	53	0
Apr 16, 2014 17:51:44	44	50	0
Apr 16, 2014 17:51:45	56	51	0
Apr 16, 2014 17:51:46	43	44	0
Apr 16, 2014 17:51:47	61	47	0
Apr 16, 2014 17:51:48	70	56	0
Apr 16, 2014 17:51:49	67	60	0
Apr 16, 2014 17:51:50	69	81	0
Apr 16, 2014 17:51:52	66	77	0
Apr 16, 2014 17:51:53	77	67	0
Apr 16, 2014 17:51:54	81	56	0
Apr 16, 2014 17:51:55	90	44	0
Apr 16, 2014 17:51:56	74	44	0
Apr 16, 2014 17:51:57	51	53	0
Apr 16, 2014 17:51:58	35	66	0
Apr 16, 2014 17:51:59	37	63	0
Apr 16, 2014 17:52:00	44	78	0
Apr 16, 2014 17:52:01	43	51	0
Apr 16, 2014 17:52:02	30	35	0
Apr 16, 2014 17:52:03	23	30	0
Apr 16, 2014 17:52:04	17	35	0
Apr 16, 2014 17:52:05	30	50	0
Apr 16, 2014 17:52:06	41	54	0
Apr 16, 2014 17:52:07	44	54	0
Apr 16, 2014 17:52:08	54	40	0
Apr 16, 2014 17:52:09	61	50	0
Apr 16, 2014 17:52:10	80	41	0
Apr 16, 2014 17:52:11	78	30	0
Apr 16, 2014 17:52:12	74	37	0
Apr 16, 2014 17:52:13	70	40	0
Apr 16, 2014 17:52:14	60	77	0
Apr 16, 2014 17:52:15	63	80	0
Apr 16, 2014 17:52:16	60	83	0
Apr 16, 2014 17:52:17	63	74	0
Apr 16, 2014 17:52:18	63	69	0
Apr 16, 2014 17:52:19	51	64	0
Apr 16, 2014 17:52:20	30	47	0
Apr 16, 2014 17:52:21	11	53	0
Apr 16, 2014 17:52:22	1	61	0
Apr 16, 2014 17:52:23	10	61	0
Apr 16, 2014 17:52:24	20	60	0
Apr 16, 2014 17:52:25	27	61	0
Apr 16, 2014 17:52:26	41	43	0
Apr 16, 2014 17:52:28	44	47	0
Apr 16, 2014 17:52:29	56	54	0
Apr 16, 2014 17:52:30	77	48	0
Apr 16, 2014 17:52:31	70	60	0
Apr 16, 2014 17:52:32	69	57	0
Apr 16, 2014 17:52:33	77	63	0
Apr 16, 2014 17:52:34	67	64	0
Apr 16, 2014 17:52:35	69	54	0
Apr 16, 2014 17:52:36	69	51	0
Apr 16, 2014 17:52:37	67	43	0
Apr 16, 2014 17:52:38	74	34	0
Apr 16, 2014 17:52:39	87	30	0
Apr 16, 2014 17:52:40	81	26	0
Apr 16, 2014 17:52:41	77	27	0
Apr 16, 2014 17:52:42	67	30	0
Apr 16, 2014 17:52:43	56	38	0
Apr 16, 2014 17:52:44	75	35	0
Apr 16, 2014 17:52:45	96	40	0
Apr 16, 2014 17:52:46	90	41	0
Apr 16, 2014 17:52:47	81	43	0
Apr 16, 2014 17:52:48	66	27	0
Apr 16, 2014 17:52:49	51	38	0
Apr 16, 2014 17:52:50	60	20	0
Apr 16, 2014 17:52:51	43	35	0
Apr 16, 2014 17:52:52	47	54	0
Apr 16, 2014 17:52:53	37	67	0
Apr 16, 2014 17:52:54	24	78	0
Apr 16, 2014 17:52:55	27	64	0
Apr 16, 2014 17:52:56	47	47	0
Apr 16, 2014 17:52:57	60	38	0
Apr 16, 2014 17:52:58	60	35	0
Apr 16, 2014 17:52:59	67	38	0
Apr 16, 2014 17:53:00	47	38	0
Apr 16, 2014 17:53:01	40	27	0
Apr 16, 2014 17:53:03	37	23	0
Apr 16, 2014 17:53:04	27	23	0
Apr 16, 2014 17:53:05	26	27	0
Apr 16, 2014 17:53:06	26	50	0
Apr 16, 2014 17:53:07	26	57	0
Apr 16, 2014 17:53:08	21	47	0
Apr 16, 2014 17:53:09	17	51	0
Apr 16, 2014 17:53:10	8	29	0
Apr 16, 2014 17:53:11	10	29	0
Apr 16, 2014 17:53:12	10	29	0
Apr 16, 2014 17:53:13	13	24	0
Apr 16, 2014 17:53:14	17	21	0
Apr 16, 2014 17:53:15	24	21	0
Apr 16, 2014 17:53:16	40	43	0
Apr 16, 2014 17:53:17	50	67	0
Apr 16, 2014 17:53:18	41	69	0
Apr 16, 2014 17:53:19	40	67	0
Apr 16, 2014 17:53:20	53	66	0
Apr 16, 2014 17:53:21	60	60	0
Apr 16, 2014 17:53:22	63	44	0
Apr 16, 2014 17:53:23	48	34	0
Apr 16, 2014 17:53:24	24	30	0
Apr 16, 2014 17:53:25	13	21	0
Apr 16, 2014 17:53:26	14	30	0
Apr 16, 2014 17:53:27	14	37	0
Apr 16, 2014 17:53:28	37	26	0
Apr 16, 2014 17:53:29	30	34	0
Apr 16, 2014 17:53:30	40	35	0
Apr 16, 2014 17:53:31	50	38	0
Apr 16, 2014 17:53:32	30	47	0
Apr 16, 2014 17:53:33	34	40	0
Apr 16, 2014 17:53:34	29	50	0
Apr 16, 2014 17:53:35	35	50	0
Apr 16, 2014 17:53:36	51	53	0
Apr 16, 2014 17:53:38	50	57	0
Apr 16, 2014 17:53:39	57	48	0
Apr 16, 2014 17:53:40	57	48	0
Apr 16, 2014 17:53:41	54	41	0
Apr 16, 2014 17:53:42	54	51	0
Apr 16, 2014 17:53:43	63	48	0
Apr 16, 2014 17:53:44	57	47	0
Apr 16, 2014 17:53:45	53	51	0
Apr 16, 2014 17:53:46	24	30	0
Apr 16, 2014 17:53:47	20	40	0
Apr 16, 2014 17:53:48	14	26	0
Apr 16, 2014 17:53:49	17	50	0
Apr 16, 2014 17:53:50	26	61	0
Apr 16, 2014 17:53:51	17	63	0
Apr 16, 2014 17:53:52	20	78	0
Apr 16, 2014 17:53:53	24	67	0
Apr 16, 2014 17:53:54	24	67	51
Apr 16, 2014 17:53:55	16	56	0
Apr 16, 2014 17:53:56	16	56	26
Apr 16, 2014 17:53:57	17	48	0
Apr 16, 2014 17:53:58	14	43	0
Apr 16, 2014 17:53:59	13	37	0
Apr 16, 2014 17:54:00	14	37	0
Apr 16, 2014 17:54:01	29	34	0
Apr 16, 2014 17:54:02	40	43	0
Apr 16, 2014 17:54:03	41	48	0
Apr 16, 2014 17:54:04	37	43	0
Apr 16, 2014 17:54:05	30	61	0
Apr 16, 2014 17:54:06	35	54	0
Apr 16, 2014 17:54:07	29	60	0
Apr 16, 2014 17:54:08	37	64	0
Apr 16, 2014 17:54:09	40	60	0
Apr 16, 2014 17:54:10	24	69	0
Apr 16, 2014 17:54:11	30	63	0
Apr 16, 2014 17:54:12	35	69	0
Apr 16, 2014 17:54:13	27	63	0
Apr 16, 2014 17:54:15	23	61	0
Apr 16, 2014 17:54:16	21	78	0
Apr 16, 2014 17:54:17	14	69	0
Apr 16, 2014 17:54:18	38	66	0
Apr 16, 2014 17:54:19	35	66	0
Apr 16, 2014 17:54:20	35	87	0
Apr 16, 2014 17:54:21	37	84	0
Apr 16, 2014 17:54:22	37	83	0
Apr 16, 2014 17:54:23	44	83	0
Apr 16, 2014 17:54:24	44	63	0
Apr 16, 2014 17:54:25	34	63	0
Apr 16, 2014 17:54:26	26	66	0
Apr 16, 2014 17:54:27	17	53	0
Apr 16, 2014 17:54:28	24	64	0
Apr 16, 2014 17:54:29	44	64	0
Apr 16, 2014 17:54:30	41	67	0
Apr 16, 2014 17:54:31	50	78	0
Apr 16, 2014 17:54:32	47	78	0
Apr 16, 2014 17:54:33	26	78	0
Apr 16, 2014 17:54:34	34	80	0
Apr 16, 2014 17:54:35	24	77	0
Apr 16, 2014 17:54:36	37	61	0
Apr 16, 2014 17:54:37	44	66	0
Apr 16, 2014 17:54:38	38	60	0
Apr 16, 2014 17:54:39	40	51	0
Apr 16, 2014 17:54:40	38	64	0
Apr 16, 2014 17:54:41	35	74	0
Apr 16, 2014 17:54:42	41	80	0
Apr 16, 2014 17:54:43	41	77	0
Apr 16, 2014 17:54:44	29	67	0
Apr 16, 2014 17:54:45	40	61	0
Apr 16, 2014 17:54:46	29	57	0
Apr 16, 2014 17:54:47	29	60	0
Apr 16, 2014 17:54:48	41	69	0
Apr 16, 2014 17:54:49	26	54	0
Apr 16, 2014 17:54:51	27	70	0
Apr 16, 2014 17:54:52	20	61	0
Apr 16, 2014 17:54:53	20	61	0
Apr 16, 2014 17:54:54	23	61	0
Apr 16, 2014 17:54:55	26	47	0
Apr 16, 2014 17:54:56	21	60	0
Apr 16, 2014 17:54:57	13	54	0
Apr 16, 2014 17:54:58	27	64	0
Apr 16, 2014 17:54:59	29	75	0
Apr 16, 2014 17:55:00	35	69	0
Apr 16, 2014 17:55:01	47	80	0
Apr 16, 2014 17:55:02	41	74	0
Apr 16, 2014 17:55:03	29	61	0
Apr 16, 2014 17:55:04	23	63	0
Apr 16, 2014 17:55:05	20	44	0
Apr 16, 2014 17:55:06	27	38	0
Apr 16, 2014 17:55:07	41	37	0
Apr 16, 2014 17:55:08	60	23	0
Apr 16, 2014 17:55:09	56	21	0
Apr 16, 2014 17:55:10	48	17	0
Apr 16, 2014 17:55:11	24	37	0
Apr 16, 2014 17:55:12	1	38	0
Apr 16, 2014 17:55:13	1	48	0
Apr 16, 2014 17:55:14	1	53	0
Apr 16, 2014 17:55:15	14	40	0
Apr 16, 2014 17:55:16	34	37	0
Apr 16, 2014 17:55:17	57	54	0
Apr 16, 2014 17:55:18	50	54	0
Apr 16, 2014 17:55:19	44	64	0
Apr 16, 2014 17:55:20	40	51	0
Apr 16, 2014 17:55:21	35	50	0
Apr 16, 2014 17:55:23	41	53	0
Apr 16, 2014 17:55:24	43	48	0
Apr 16, 2014 17:55:25	47	54	0
Apr 16, 2014 17:55:26	47	56	0
Apr 16, 2014 17:55:27	35	53	0
Apr 16, 2014 17:55:28	34	47	0
Apr 16, 2014 17:55:29	29	50	0
Apr 16, 2014 17:55:30	35	43	0
Apr 16, 2014 17:55:31	50	27	0
Apr 16, 2014 17:55:32	44	41	0
Apr 16, 2014 17:55:33	53	35	0
Apr 16, 2014 17:55:34	43	26	0
Apr 16, 2014 17:55:35	38	43	0
Apr 16, 2014 17:55:36	40	37	0
Apr 16, 2014 17:55:37	40	41	0
Apr 16, 2014 17:55:38	35	44	0
Apr 16, 2014 17:55:39	24	26	0
Apr 16, 2014 17:55:40	16	16	0
Apr 16, 2014 17:55:41	14	16	0
Apr 16, 2014 17:55:42	11	24	0
Apr 16, 2014 17:55:43	13	30	0
Apr 16, 2014 17:55:44	14	40	0
Apr 16, 2014 17:55:45	8	40	0
Apr 16, 2014 17:55:46	20	38	0
Apr 16, 2014 17:55:47	24	48	0
Apr 16, 2014 17:55:48	30	61	0
Apr 16, 2014 17:55:49	24	51	0
Apr 16, 2014 17:55:50	29	53	0
Apr 16, 2014 17:55:51	37	51	0
Apr 16, 2014 17:55:52	30	38	0
Apr 16, 2014 17:55:53	34	61	0
Apr 16, 2014 17:55:54	34	66	0
Apr 16, 2014 17:55:55	23	60	0
Apr 16, 2014 17:55:56	21	70	0
Apr 16, 2014 17:55:57	23	61	0
Apr 16, 2014 17:55:58	20	50	0
Apr 16, 2014 17:56:00	23	43	0
Apr 16, 2014 17:56:01	13	38	0
Apr 16, 2014 17:56:02	3	30	0
Apr 16, 2014 17:56:03	1	37	0
Apr 16, 2014 17:56:04	1	54	0
Apr 16, 2014 17:56:05	7	60	0
Apr 16, 2014 17:56:06	8	48	0
Apr 16, 2014 17:56:07	1	40	0
Apr 16, 2014 17:56:08	4	37	0
Apr 16, 2014 17:56:09	1	20	0
Apr 16, 2014 17:56:10	3	24	0
Apr 16, 2014 17:56:11	13	24	0
Apr 16, 2014 17:56:12	16	24	0
Apr 16, 2014 17:56:13	29	30	0
Apr 16, 2014 17:56:14	34	51	0
Apr 16, 2014 17:56:15	43	57	0
Apr 16, 2014 17:56:16	41	69	0
Apr 16, 2014 17:56:17	35	70	0
Apr 16, 2014 17:56:18	29	57	0
Apr 16, 2014 17:56:19	40	37	0
Apr 16, 2014 17:56:20	41	37	0
Apr 16, 2014 17:56:21	38	11	0
Apr 16, 2014 17:56:22	47	8	0
Apr 16, 2014 17:56:23	43	4	0
Apr 16, 2014 17:56:24	43	16	0
Apr 16, 2014 17:56:25	51	26	0
Apr 16, 2014 17:56:26	47	30	0
Apr 16, 2014 17:56:27	53	23	0
Apr 16, 2014 17:56:28	54	20	0
Apr 16, 2014 17:56:29	38	23	0
Apr 16, 2014 17:56:30	38	23	0
Apr 16, 2014 17:56:31	47	44	0
Apr 16, 2014 17:56:32	41	23	0
Apr 16, 2014 17:56:33	54	37	0
Apr 16, 2014 17:56:35	64	40	0
Apr 16, 2014 17:56:36	53	48	0
Apr 16, 2014 17:56:37	57	63	0
Apr 16, 2014 17:56:38	64	64	0
Apr 16, 2014 17:56:39	51	77	0
Apr 16, 2014 17:56:40	56	66	0
Apr 16, 2014 17:56:41	54	69	0
Apr 16, 2014 17:56:42	54	53	0
Apr 16, 2014 17:56:43	77	38	0
Apr 16, 2014 17:56:44	81	44	0
Apr 16, 2014 17:56:45	77	38	0
Apr 16, 2014 17:56:46	78	35	0
Apr 16, 2014 17:56:47	56	37	0
Apr 16, 2014 17:56:48	38	20	0
Apr 16, 2014 17:56:49	35	41	0
Apr 16, 2014 17:56:50	44	41	0
Apr 16, 2014 17:56:51	53	48	0
Apr 16, 2014 17:56:52	64	38	0
Apr 16, 2014 17:56:53	70	37	0
Apr 16, 2014 17:56:54	74	50	0
Apr 16, 2014 17:56:55	74	43	0
Apr 16, 2014 17:56:56	74	37	0
Apr 16, 2014 17:56:57	75	44	0
Apr 16, 2014 17:56:58	66	41	0
Apr 16, 2014 17:56:59	63	50	0
Apr 16, 2014 17:57:00	56	56	0
Apr 16, 2014 17:57:01	57	43	0
Apr 16, 2014 17:57:02	53	38	0
Apr 16, 2014 17:57:03	60	47	0
Apr 16, 2014 17:57:04	60	47	25
Apr 16, 2014 17:57:05	56	48	0
Apr 16, 2014 17:57:06	56	48	51
Apr 16, 2014 17:57:07	43	53	0
Apr 16, 2014 17:57:08	43	53	0
Apr 16, 2014 17:57:10	30	54	0
Apr 16, 2014 17:57:11	38	63	0
Apr 16, 2014 17:57:12	47	64	0
Apr 16, 2014 17:57:13	51	75	0
Apr 16, 2014 17:57:14	56	67	0
Apr 16, 2014 17:57:15	54	75	0
Apr 16, 2014 17:57:16	61	78	0
Apr 16, 2014 17:57:17	61	70	0
Apr 16, 2014 17:57:18	61	81	0
Apr 16, 2014 17:57:19	48	69	0
Apr 16, 2014 17:57:20	41	81	0
Apr 16, 2014 17:57:21	40	66	0
Apr 16, 2014 17:57:22	43	63	0
Apr 16, 2014 17:57:23	29	56	0
Apr 16, 2014 17:57:24	21	54	0
Apr 16, 2014 17:57:25	24	70	0
Apr 16, 2014 17:57:26	34	75	0
Apr 16, 2014 17:57:27	35	61	0
Apr 16, 2014 17:57:28	48	61	0
Apr 16, 2014 17:57:29	41	57	0
Apr 16, 2014 17:57:30	44	40	0
Apr 16, 2014 17:57:31	57	51	0
Apr 16, 2014 17:57:32	56	51	0
Apr 16, 2014 17:57:33	64	57	0
Apr 16, 2014 17:57:34	53	75	0
Apr 16, 2014 17:57:35	60	70	0
Apr 16, 2014 17:57:36	54	74	0
Apr 16, 2014 17:57:37	57	54	0
Apr 16, 2014 17:57:38	57	53	0
Apr 16, 2014 17:57:39	44	61	0
Apr 16, 2014 17:57:40	44	61	0
Apr 16, 2014 17:57:41	47	77	0
Apr 16, 2014 17:57:42	37	63	0
Apr 16, 2014 17:57:43	47	56	0
Apr 16, 2014 17:57:45	41	53	0
Apr 16, 2014 17:57:46	35	37	0
Apr 16, 2014 17:57:47	51	43	0
Apr 16, 2014 17:57:48	40	44	0
Apr 16, 2014 17:57:49	44	43	0
Apr 16, 2014 17:57:50	47	67	0
Apr 16, 2014 17:57:51	50	54	0
Apr 16, 2014 17:57:52	50	50	0
Apr 16, 2014 17:57:53	48	43	0
Apr 16, 2014 17:57:54	37	47	0
Apr 16, 2014 17:57:55	43	60	0
Apr 16, 2014 17:57:56	38	56	0
Apr 16, 2014 17:57:57	43	50	0
Apr 16, 2014 17:57:58	40	56	0
Apr 16, 2014 17:57:59	40	56	26
Apr 16, 2014 17:58:00	27	53	0
Apr 16, 2014 17:58:01	24	56	0
Apr 16, 2014 17:58:02	23	48	0
Apr 16, 2014 17:58:03	37	40	0
Apr 16, 2014 17:58:04	56	44	0
Apr 16, 2014 17:58:05	54	41	0
Apr 16, 2014 17:58:06	50	50	0
Apr 16, 2014 17:58:07	27	41	0
Apr 16, 2014 17:58:08	7	38	0
Apr 16, 2014 17:58:09	8	48	0
Apr 16, 2014 17:58:10	1	44	0
Apr 16, 2014 17:58:11	11	63	0
Apr 16, 2014 17:58:12	14	67	0
Apr 16, 2014 17:58:13	16	53	0
Apr 16, 2014 17:58:14	21	50	0
Apr 16, 2014 17:58:15	34	54	0
Apr 16, 2014 17:58:16	38	56	0
Apr 16, 2014 17:58:17	40	77	0
Apr 16, 2014 17:58:18	35	83	0
Apr 16, 2014 17:58:19	21	77	0
Apr 16, 2014 17:58:21	7	69	0
Apr 16, 2014 17:58:22	20	70	0
Apr 16, 2014 17:58:23	16	53	0
Apr 16, 2014 17:58:24	21	69	0
Apr 16, 2014 17:58:25	16	60	0
Apr 16, 2014 17:58:26	11	53	0
Apr 16, 2014 17:58:27	20	64	0
Apr 16, 2014 17:58:28	13	48	0
Apr 16, 2014 17:58:29	20	50	0
Apr 16, 2014 17:58:30	20	50	26
Apr 16, 2014 17:58:31	29	44	0
Apr 16, 2014 17:58:32	29	61	0
Apr 16, 2014 17:58:33	37	70	0
Apr 16, 2014 17:58:34	41	78	0
Apr 16, 2014 17:58:35	34	81	0
Apr 16, 2014 17:58:36	27	61	0
Apr 16, 2014 17:58:37	30	60	0
Apr 16, 2014 17:58:38	41	57	0
Apr 16, 2014 17:58:39	26	66	0
Apr 16, 2014 17:58:40	35	83	0
Apr 16, 2014 17:58:41	27	80	0
Apr 16, 2014 17:58:42	13	75	0
Apr 16, 2014 17:58:43	14	70	0
Apr 16, 2014 17:58:44	17	70	0
Apr 16, 2014 17:58:45	17	70	26
Apr 16, 2014 17:58:46	23	66	0
Apr 16, 2014 17:58:47	37	75	0
Apr 16, 2014 17:58:48	48	80	0
Apr 16, 2014 17:58:49	40	75	0
Apr 16, 2014 17:58:50	37	57	0
Apr 16, 2014 17:58:51	51	35	0
Apr 16, 2014 17:58:52	47	26	0
Apr 16, 2014 17:58:53	60	47	0
Apr 16, 2014 17:58:54	57	47	0
Apr 16, 2014 17:58:56	54	50	0
Apr 16, 2014 17:58:57	61	53	0
Apr 16, 2014 17:58:58	44	48	0
Apr 16, 2014 17:58:59	34	60	0
Apr 16, 2014 17:59:00	37	63	0
Apr 16, 2014 17:59:01	53	57	0
Apr 16, 2014 17:59:02	66	61	0
Apr 16, 2014 17:59:03	78	47	0
Apr 16, 2014 17:59:04	75	38	0
Apr 16, 2014 17:59:05	63	34	0
Apr 16, 2014 17:59:06	60	38	0
Apr 16, 2014 17:59:07	50	53	0
Apr 16, 2014 17:59:08	43	70	0
Apr 16, 2014 17:59:09	43	75	0
Apr 16, 2014 17:59:10	54	67	0
Apr 16, 2014 17:59:11	69	66	0
Apr 16, 2014 17:59:12	80	63	0
Apr 16, 2014 17:59:13	84	69	0
Apr 16, 2014 17:59:14	74	81	0
Apr 16, 2014 17:59:15	57	83	0
Apr 16, 2014 17:59:16	53	77	0
Apr 16, 2014 17:59:17	40	75	0
Apr 16, 2014 17:59:18	29	60	0
Apr 16, 2014 17:59:19	30	50	0
Apr 16, 2014 17:59:20	38	57	0
Apr 16, 2014 17:59:21	53	56	0
Apr 16, 2014 17:59:22	63	56	0
Apr 16, 2014 17:59:23	75	48	0
Apr 16, 2014 17:59:24	66	50	0
Apr 16, 2014 17:59:25	60	56	0
Apr 16, 2014 17:59:26	60	50	0
Apr 16, 2014 17:59:27	56	50	0
Apr 16, 2014 17:59:28	64	54	0
Apr 16, 2014 17:59:30	64	54	0
Apr 16, 2014 17:59:31	74	50	0
Apr 16, 2014 17:59:32	75	54	0
Apr 16, 2014 17:59:33	74	57	0
Apr 16, 2014 17:59:34	70	63	0
Apr 16, 2014 17:59:35	63	77	0
Apr 16, 2014 17:59:36	47	60	0
Apr 16, 2014 17:59:37	48	54	0
Apr 16, 2014 17:59:38	40	35	0
Apr 16, 2014 17:59:39	48	35	0
Apr 16, 2014 17:59:40	67	29	0
Apr 16, 2014 17:59:41	74	24	0
Apr 16, 2014 17:59:42	91	35	0
Apr 16, 2014 17:59:43	80	29	0
Apr 16, 2014 17:59:44	66	44	0
Apr 16, 2014 17:59:45	57	48	0
Apr 16, 2014 17:59:46	43	61	0
Apr 16, 2014 17:59:47	47	61	0
Apr 16, 2014 17:59:48	57	60	0
Apr 16, 2014 17:59:49	75	61	0
Apr 16, 2014 17:59:50	81	57	0
Apr 16, 2014 17:59:51	84	63	0
Apr 16, 2014 17:59:52	67	61	0
Apr 16, 2014 17:59:53	60	69	0
Apr 16, 2014 17:59:54	56	66	0
Apr 16, 2014 17:59:55	41	74	0
Apr 16, 2014 17:59:56	44	84	0
Apr 16, 2014 17:59:57	53	75	0
Apr 16, 2014 17:59:58	54	80	0
Apr 16, 2014 17:59:59	53	78	0
Apr 16, 2014 18:00:00	61	64	0
Apr 16, 2014 18:00:01	50	53	0
Apr 16, 2014 18:00:02	48	61	0
Apr 16, 2014 18:00:03	60	56	0
Apr 16, 2014 18:00:05	53	51	0
Apr 16, 2014 18:00:06	60	70	0
Apr 16, 2014 18:00:07	40	61	0
Apr 16, 2014 18:00:08	26	67	0
Apr 16, 2014 18:00:09	21	84	0
Apr 16, 2014 18:00:10	10	77	0
Apr 16, 2014 18:00:11	16	74	0
Apr 16, 2014 18:00:12	14	61	0
Apr 16, 2014 18:00:13	21	34	0
Apr 16, 2014 18:00:14	29	38	0
Apr 16, 2014 18:00:15	35	51	0
Apr 16, 2014 18:00:16	40	51	0
Apr 16, 2014 18:00:17	40	51	26
Apr 16, 2014 18:00:18	44	75	0
Apr 16, 2014 18:00:19	48	66	0
Apr 16, 2014 18:00:20	44	47	0
Apr 16, 2014 18:00:21	41	63	0
Apr 16, 2014 18:00:22	37	63	0
Apr 16, 2014 18:00:23	37	67	0
Apr 16, 2014 18:00:24	47	54	0
Apr 16, 2014 18:00:25	54	44	0
Apr 16, 2014 18:00:26	64	35	0
Apr 16, 2014 18:00:27	64	35	0
Apr 16, 2014 18:00:28	56	48	0
Apr 16, 2014 18:00:29	53	64	0
Apr 16, 2014 18:00:30	48	78	0
Apr 16, 2014 18:00:31	47	78	0
Apr 16, 2014 18:00:32	53	54	0
Apr 16, 2014 18:00:33	35	53	0
Apr 16, 2014 18:00:34	26	53	0
Apr 16, 2014 18:00:35	23	51	0
Apr 16, 2014 18:00:36	10	74	0
Apr 16, 2014 18:00:37	1	75	0
Apr 16, 2014 18:00:38	1	54	0
Apr 16, 2014 18:00:39	1	50	0
Apr 16, 2014 18:00:40	4	44	0
Apr 16, 2014 18:00:42	16	44	0
Apr 16, 2014 18:00:43	41	51	0
Apr 16, 2014 18:00:44	54	54	0
Apr 16, 2014 18:00:45	54	47	0
Apr 16, 2014 18:00:46	60	41	0
Apr 16, 2014 18:00:47	34	48	0
Apr 16, 2014 18:00:48	21	51	0
Apr 16, 2014 18:00:49	13	44	0
Apr 16, 2014 18:00:50	13	44	0
Apr 16, 2014 18:00:51	14	50	0
Apr 16, 2014 18:00:52	14	56	0
