00:00:00	87	30	0
00:00:01	75	40	0
00:00:02	54	44	0
00:00:03	61	41	0
00:00:04	60	41	0
00:00:05	75	38	0
00:00:06	94	44	0
00:00:07	83	47	0
00:00:08	83	47	0
00:00:09	53	43	0
00:00:11	54	40	0
00:00:12	70	43	0
00:00:13	69	41	0
00:00:14	74	53	0
00:00:15	50	50	0
00:00:16	14	41	0
00:00:17	26	38	0
00:00:18	47	37	0
00:00:19	54	34	0
00:00:20	74	50	0
00:00:21	57	50	0
00:00:22	30	44	0
00:00:23	30	51	0
00:00:24	41	43	0
00:00:25	48	38	0
00:00:26	66	47	0
00:00:27	81	51	0
00:00:28	77	56	0
00:00:29	80	60	0
00:00:30	83	48	0
00:00:31	84	50	0
00:00:32	88	53	0
00:00:33	94	51	0
00:00:34	93	56	0
00:00:35	77	48	0
00:00:36	77	50	0
00:00:37	64	47	0
00:00:38	66	47	0
00:00:39	84	54	0
00:00:41	90	48	0
00:00:42	90	44	0
00:00:43	83	50	0
00:00:44	64	47	0
00:00:45	50	44	0
00:00:46	47	38	0
00:00:47	34	40	0
00:00:48	43	35	0
00:00:49	43	37	0
00:00:50	44	37	0
00:00:51	54	29	0
00:00:52	74	30	0
00:00:53	84	26	0
00:00:54	88	37	0
00:00:55	60	38	0
00:00:56	56	47	0
00:00:57	61	43	0
00:00:58	78	43	0
00:00:59	63	43	0
00:01:00	48	37	0
00:01:01	53	29	0
00:01:02	43	35	0
00:01:03	63	38	0
00:01:04	66	48	0
00:01:05	74	56	0
00:01:06	64	50	0
00:01:07	61	56	0
00:01:08	64	48	0
00:01:09	54	51	0
00:01:11	74	63	0
00:01:12	74	51	0
00:01:13	70	50	0
00:01:14	63	40	0
00:01:15	60	37	0
00:01:16	54	41	0
00:01:17	51	54	0
00:01:18	61	64	0
00:01:19	50	56	0
00:01:20	61	56	0
00:01:21	77	35	0
00:01:22	75	41	0
00:01:23	57	40	0
00:01:24	34	40	0
00:01:25	17	44	0
00:01:26	13	43	0
00:01:27	4	40	0
00:01:28	14	50	0
00:01:29	13	41	0
00:01:30	41	41	0
00:01:31	77	40	0
00:01:32	70	35	0
00:01:33	78	34	0
00:01:34	63	29	0
00:01:35	41	35	0
00:01:36	37	37	0
00:01:37	41	37	0
00:01:38	34	50	0
00:01:39	29	51	0
00:01:41	50	51	0
00:01:42	56	63	0
00:01:43	63	53	0
00:01:44	53	48	0
00:01:45	60	40	0
00:01:46	50	34	0
00:01:47	50	40	0
00:01:48	53	47	0
00:01:49	60	51	0
00:01:50	56	47	0
00:01:51	61	47	0
00:01:52	75	44	0
00:01:53	57	43	0
00:01:54	50	34	0
00:01:55	48	24	0
00:01:56	30	23	0
00:01:57	53	26	0
00:01:58	67	37	0
00:01:59	63	47	0
00:02:00	53	54	0
00:02:01	44	53	0
00:02:02	30	51	0
00:02:03	48	47	0
00:02:04	64	53	0
00:02:05	50	41	0
00:02:06	54	40	0
00:02:07	38	47	0
00:02:08	24	35	0
00:02:09	38	50	0
00:02:11	34	47	0
00:02:12	26	29	0
00:02:13	21	41	0
00:02:14	16	37	0
00:02:15	30	51	0
00:02:16	47	47	0
00:02:17	50	48	0
00:02:18	61	51	0
00:02:19	43	51	0
00:02:20	30	54	0
00:02:21	26	66	0
00:02:22	34	67	0
00:02:23	40	56	0
00:02:24	48	50	0
00:02:25	47	43	0
00:02:26	51	23	0
00:02:27	41	29	0
00:02:28	44	35	0
00:02:29	63	40	0
00:02:30	60	57	0
00:02:31	50	61	0
00:02:32	35	53	0
00:02:33	48	48	0
00:02:34	54	40	0
00:02:35	81	41	0
00:02:36	100	53	0
00:02:37	88	47	0
00:02:38	74	34	0
00:02:39	53	27	0
00:02:41	37	23	0
00:02:42	27	43	0
00:02:43	47	50	0
00:02:44	40	30	0
00:02:45	44	43	0
00:02:46	57	40	0
00:02:47	53	44	0
00:02:48	48	50	0
00:02:49	63	48	0
00:02:50	69	44	0
00:02:51	69	47	0
00:02:52	77	57	0
00:02:53	67	60	0
00:02:54	57	69	0
00:02:55	69	60	0
00:02:56	70	61	0
00:02:57	61	63	0
00:02:58	74	51	0
00:02:59	60	54	0
00:03:00	48	37	0
00:03:01	51	44	0
00:03:02	37	48	0
00:03:03	44	51	0
00:03:04	60	60	0
00:03:05	70	53	0
00:03:06	87	57	0
00:03:07	83	57	0
00:03:08	66	56	0
00:03:09	63	60	0
00:03:10	54	48	0
00:03:12	64	48	0
00:03:13	60	47	0
00:03:14	41	34	0
00:03:15	60	38	0
00:03:16	48	38	0
00:03:17	70	43	0
00:03:18	78	54	0
00:03:19	63	63	0
00:03:20	63	64	0
00:03:21	48	57	0
00:03:22	48	48	0
00:03:23	43	37	0
00:03:24	38	30	0
00:03:25	43	27	0
00:03:26	57	38	0
00:03:27	61	43	0
00:03:28	74	44	0
00:03:29	69	51	0
00:03:30	51	44	0
00:03:31	51	43	0
00:03:32	44	35	0
00:03:33	57	21	0
00:03:34	67	27	0
00:03:35	63	34	0
00:03:36	64	23	0
00:03:37	88	27	0
00:03:38	78	30	0
00:03:39	78	44	0
00:03:40	56	56	0
00:03:42	29	66	0
00:03:43	29	54	0
00:03:44	30	44	0
00:03:45	44	47	0
00:03:46	44	34	0
00:03:47	26	30	0
00:03:48	23	37	0
00:03:49	11	30	0
00:03:50	13	40	0
00:03:51	13	37	0
00:03:52	26	29	0
00:03:53	27	34	0
00:03:54	17	26	0
00:03:55	37	37	0
00:03:56	47	38	0
00:03:57	37	17	0
00:03:58	63	26	0
00:03:59	47	7	0
00:04:00	44	24	0
00:04:01	24	24	0
00:04:02	48	50	0
00:04:03	53	60	0
00:04:04	44	54	0
00:04:05	51	56	0
00:04:06	51	56	26
00:04:07	41	48	0
00:04:08	37	47	0
00:04:09	24	50	0
00:04:11	34	47	0
00:04:12	43	51	0
00:04:13	54	44	0
00:04:14	70	48	0
00:04:15	61	48	0
00:04:16	44	47	0
00:04:17	30	37	0
00:04:18	20	30	0
00:04:19	4	27	0
00:04:20	11	35	0
00:04:21	10	37	0
00:04:22	16	40	0
00:04:23	26	40	0
00:04:24	35	41	0
00:04:25	47	48	0
00:04:26	54	50	0
00:04:27	64	41	0
00:04:28	66	41	0
00:04:29	67	37	0
00:04:30	64	41	0
00:04:31	64	51	0
00:04:32	57	51	0
00:04:33	51	60	0
00:04:34	57	57	0
00:04:35	60	63	0
00:04:36	60	74	0
00:04:37	74	64	0
00:04:38	66	60	0
00:04:39	63	44	0
00:04:40	63	29	0
00:04:42	44	20	0
00:04:43	41	26	0
00:04:44	54	35	0
00:04:45	50	37	0
00:04:46	43	60	0
00:04:47	34	50	0
00:04:48	21	54	0
00:04:49	20	66	0
00:04:50	26	51	0
00:04:51	26	43	0
00:04:52	14	27	0
00:04:53	21	27	0
00:04:54	37	40	0
00:04:55	60	56	0
00:04:56	54	47	0
00:04:57	53	50	0
00:04:58	54	51	0
00:04:59	53	48	0
00:05:00	61	50	0
00:05:01	63	61	0
00:05:02	57	64	0
00:05:03	51	63	0
00:05:04	56	64	0
00:05:05	53	57	0
00:05:06	53	54	0
00:05:07	53	54	0
00:05:08	44	57	0
00:05:09	51	63	0
00:05:10	56	63	0
00:05:12	63	66	0
00:05:13	53	60	0
00:05:14	60	56	0
00:05:15	48	50	0
00:05:16	35	48	0
00:05:17	40	44	0
00:05:18	37	53	0
00:05:19	38	57	0
00:05:20	67	56	0
00:05:21	63	44	0
00:05:22	51	38	0
00:05:23	53	30	0
00:05:24	41	35	0
00:05:25	48	37	0
00:05:26	66	51	0
00:05:27	60	74	0
00:05:28	56	70	0
00:05:29	51	81	0
00:05:30	61	75	0
00:05:31	74	63	0
00:05:32	87	74	0
00:05:33	91	64	0
00:05:34	84	69	0
00:05:35	56	56	0
00:05:36	38	43	0
00:05:37	37	38	0
00:05:38	40	29	0
00:05:40	56	38	0
00:05:41	69	47	0
00:05:42	75	51	0
00:05:43	63	63	0
00:05:44	57	51	0
00:05:45	47	44	0
00:05:46	44	24	0
00:05:47	40	27	0
00:05:48	51	48	0
00:05:49	56	48	0
00:05:50	47	48	0
00:05:51	43	43	0
00:05:52	26	44	0
00:05:53	21	56	0
00:05:54	35	69	0
00:05:55	35	78	0
00:05:56	48	78	0
00:05:57	43	77	0
00:05:58	35	60	0
00:05:59	35	60	0
00:06:00	26	54	0
00:06:01	40	48	0
00:06:02	34	64	0
00:06:03	34	60	0
00:06:05	34	50	0
00:06:06	30	43	0
00:06:07	47	47	0
00:06:08	56	47	0
00:06:09	54	53	0
00:06:10	64	51	0
00:06:11	78	47	0
00:06:12	57	51	0
00:06:13	63	61	0
00:06:14	38	54	0
00:06:15	14	67	0
00:06:16	27	61	0
00:06:17	17	48	0
00:06:18	34	61	0
00:06:19	34	63	0
00:06:20	24	66	0
00:06:21	30	80	0
00:06:22	35	66	0
00:06:23	34	57	0
00:06:24	35	75	0
00:06:25	38	75	0
00:06:26	38	84	0
00:06:27	43	88	0
00:06:28	47	74	0
00:06:30	40	66	0
00:06:31	40	63	0
00:06:32	48	61	0
00:06:33	47	61	0
00:06:34	41	53	0
00:06:35	24	41	0
00:06:36	17	41	0
00:06:37	13	43	0
00:06:38	8	54	0
00:06:39	21	69	0
00:06:40	13	63	0
00:06:41	21	63	0
00:06:42	23	44	0
00:06:43	24	43	0
00:06:44	29	40	0
00:06:45	27	40	0
00:06:46	37	61	0
00:06:47	37	61	0
00:06:48	30	77	0
00:06:49	29	63	0
00:06:50	27	56	0
00:06:51	24	47	0
00:06:52	24	54	0
00:06:53	23	43	0
00:06:55	20	27	0
00:06:56	38	26	0
00:06:57	40	21	0
00:06:58	40	23	0
00:06:59	37	21	0
00:07:00	40	34	0
00:07:01	53	41	0
00:07:02	61	41	0
00:07:03	74	43	0
00:07:04	63	43	0
00:07:05	57	43	0
00:07:06	56	48	0
00:07:07	63	56	0
00:07:08	69	60	0
00:07:09	67	60	0
00:07:10	61	67	0
00:07:11	50	74	0
00:07:12	37	69	0
00:07:13	30	66	0
00:07:14	35	57	0
00:07:15	30	44	0
00:07:16	24	51	0
00:07:17	21	51	0
00:07:18	17	56	0
00:07:20	20	70	0
00:07:21	20	60	0
00:07:22	23	47	0
00:07:23	23	53	0
00:07:24	34	53	0
00:07:25	34	50	0
00:07:26	40	63	0
00:07:27	60	53	0
00:07:28	48	40	0
00:07:29	44	27	0
00:07:30	50	24	0
00:07:31	24	23	0
00:07:32	43	30	0
00:07:33	50	56	0
00:07:34	48	56	0
00:07:35	48	54	0
00:07:36	48	40	0
00:07:37	48	43	0
00:07:38	48	38	0
00:07:39	53	48	0
00:07:40	48	51	0
00:07:41	47	37	0
00:07:42	53	43	0
00:07:43	48	34	0
00:07:45	48	34	26
00:07:46	47	30	0
00:07:47	38	29	0
00:07:48	38	38	0
00:07:49	41	48	0
00:07:50	44	51	0
00:07:51	48	60	0
00:07:52	53	56	0
00:07:53	43	44	0
00:07:54	34	56	0
00:07:55	44	66	0
00:07:56	34	63	0
00:07:57	40	80	0
00:07:58	41	63	0
00:07:59	35	57	0
00:08:00	29	50	0
00:08:01	40	60	0
00:08:02	43	56	0
00:08:03	54	57	0
00:08:04	63	50	0
00:08:05	64	43	0
00:08:06	67	47	0
00:08:07	51	56	0
00:08:08	40	47	0
00:08:10	37	54	0
00:08:11	26	53	0
00:08:12	24	47	0
00:08:13	30	60	0
00:08:14	26	50	0
00:08:15	38	48	0
00:08:16	41	38	0
00:08:17	27	47	0
00:08:18	20	48	0
00:08:19	13	50	0
00:08:20	14	54	0
00:08:21	23	57	0
00:08:22	29	60	0
00:08:23	13	63	0
00:08:24	13	60	0
00:08:25	14	69	0
00:08:26	14	78	0
00:08:27	29	75	0
00:08:28	30	77	0
00:08:29	37	74	0
00:08:30	44	69	0
00:08:31	38	84	0
00:08:32	34	70	0
00:08:33	38	66	0
00:08:35	40	56	0
00:08:36	44	53	0
00:08:37	40	66	0
00:08:38	27	69	0
00:08:39	13	77	0
00:08:40	14	61	0
00:08:41	21	50	0
00:08:42	16	43	0
00:08:43	23	43	0
00:08:44	13	37	0
00:08:45	7	30	0
00:08:46	11	47	0
00:08:47	29	67	0
00:08:48	20	77	0
00:08:49	29	80	0
00:08:50	30	70	0
00:08:51	16	64	0
00:08:52	17	50	0
00:08:53	17	60	0
00:08:54	14	67	0
00:08:55	21	67	0
00:08:56	23	75	0
00:08:57	20	61	0
00:08:58	26	53	0
00:09:00	20	50	0
00:09:01	14	56	0
00:09:02	24	70	0
00:09:03	4	63	0
00:09:04	1	61	0
00:09:05	14	60	0
00:09:06	11	53	0
00:09:07	24	44	0
00:09:08	17	43	0
00:09:09	17	37	0
00:09:10	21	26	0
00:09:11	27	47	0
00:09:12	30	50	0
00:09:13	30	69	0
00:09:14	37	77	0
00:09:15	38	81	0
00:09:16	44	77	0
00:09:17	47	57	0
00:09:18	48	66	0
00:09:19	47	56	0
00:09:20	41	60	0
00:09:21	47	63	0
00:09:22	30	44	0
00:09:23	37	51	0
00:09:24	34	44	0
00:09:26	29	41	0
00:09:27	24	44	0
00:09:28	27	50	0
00:09:29	30	48	0
00:09:30	34	54	0
00:09:31	27	56	0
00:09:32	16	63	0
00:09:33	30	69	0
00:09:34	30	75	0
00:09:35	17	74	0
00:09:36	24	75	0
00:09:37	21	80	0
00:09:38	34	78	0
00:09:39	53	70	0
00:09:40	47	56	0
00:09:41	51	43	0
00:09:42	35	23	0
00:09:43	29	30	0
00:09:44	41	37	0
00:09:45	35	41	0
00:09:46	37	63	0
00:09:47	24	63	0
00:09:48	26	67	0
00:09:49	27	70	0
00:09:51	41	60	0
00:09:52	61	56	0
00:09:53	57	47	0
00:09:54	57	47	0
00:09:55	44	48	0
00:09:56	30	41	0
00:09:57	35	47	0
00:09:58	20	67	0
00:09:59	17	64	0
00:10:00	29	77	0
00:10:01	38	74	0
00:10:02	43	63	0
00:10:03	40	67	0
00:10:04	34	69	0
00:10:05	24	63	0
00:10:06	24	60	0
00:10:07	17	53	0
00:10:08	10	44	0
00:10:09	10	54	0
00:10:10	10	54	26
00:10:11	13	44	0
00:10:12	23	37	0
00:10:13	38	41	0
00:10:14	35	50	0
00:10:16	40	70	0
00:10:17	27	60	0
00:10:18	38	63	0
00:10:19	38	70	0
00:10:20	37	67	0
00:10:21	43	75	0
00:10:22	34	74	0
00:10:23	43	64	0
00:10:24	41	64	0
00:10:25	44	60	0
00:10:26	53	57	0
00:10:27	47	61	0
00:10:28	43	51	0
00:10:29	43	51	51
00:10:30	37	56	0
00:10:31	27	51	0
00:10:32	14	47	0
00:10:33	21	54	0
00:10:34	21	57	0
00:10:35	17	56	0
00:10:36	29	64	0
00:10:37	30	61	0
00:10:38	34	75	0
00:10:39	38	66	0
00:10:41	26	64	0
00:10:42	21	48	0
00:10:43	21	40	0
00:10:44	16	40	0
00:10:45	26	40	0
00:10:46	47	40	0
00:10:47	50	51	0
00:10:48	60	48	0
00:10:49	44	57	0
00:10:50	26	61	0
00:10:51	23	53	0
00:10:52	10	50	0
00:10:53	10	38	0
00:10:54	24	54	0
00:10:55	37	66	0
00:10:56	44	77	0
00:10:57	64	77	0
00:10:58	57	64	0
00:10:59	47	63	0
00:11:00	30	63	0
00:11:01	35	60	0
00:11:02	35	56	0
00:11:03	24	44	0
00:11:04	24	37	0
00:11:06	30	37	0
00:11:07	35	26	0
00:11:08	41	37	0
00:11:09	34	37	0
00:11:10	24	38	0
00:11:11	23	37	0
00:11:12	17	40	0
00:11:13	24	54	0
00:11:14	24	61	0
00:11:15	16	70	0
00:11:16	20	77	0
00:11:17	24	77	0
00:11:18	17	63	0
00:11:19	24	53	0
00:11:20	17	40	0
00:11:21	17	29	0
00:11:22	21	51	0
00:11:23	30	61	0
00:11:24	29	74	0
00:11:25	37	77	0
00:11:26	34	70	0
00:11:27	24	67	0
00:11:28	20	67	0
00:11:29	21	61	0
00:11:31	26	67	0
00:11:32	43	74	0
00:11:33	53	67	0
00:11:34	44	64	0
00:11:35	35	56	0
00:11:36	23	69	0
00:11:37	21	70	0
00:11:38	16	74	0
00:11:39	27	74	0
00:11:40	30	41	0
00:11:41	24	37	0
00:11:42	24	27	0
00:11:43	27	29	0
00:11:44	38	48	0
00:11:45	44	60	0
00:11:46	43	66	0
00:11:47	35	64	0
00:11:48	34	53	0
00:11:49	29	61	0
00:11:50	34	48	0
00:11:51	29	60	0
00:11:52	44	61	0
00:11:53	56	61	0
00:11:54	50	64	0
00:11:56	44	50	0
00:11:57	41	51	0
00:11:58	34	50	0
00:11:59	35	51	0
00:12:00	44	54	0
00:12:01	37	56	0
00:12:02	34	56	0
00:12:03	29	50	0
00:12:04	23	57	0
00:12:05	21	69	0
00:12:06	34	78	0
00:12:07	30	81	0
00:12:08	40	67	0
00:12:09	38	63	0
00:12:10	47	78	0
00:12:11	50	77	0
00:12:12	40	78	0
00:12:13	38	78	0
00:12:14	35	63	0
00:12:15	44	61	0
00:12:16	41	57	0
00:12:17	47	56	0
00:12:18	50	56	0
00:12:20	34	60	0
00:12:21	29	50	0
00:12:22	23	44	0
00:12:23	23	44	0
00:12:24	29	44	0
00:12:25	27	48	0
00:12:26	26	61	0
00:12:27	26	67	0
00:12:28	27	70	0
00:12:29	35	70	0
00:12:30	23	61	0
00:12:31	16	53	0
00:12:32	14	63	0
00:12:33	17	67	0
00:12:34	35	77	0
00:12:35	41	91	0
00:12:36	40	81	0
00:12:37	38	64	0
00:12:38	35	56	0
00:12:39	27	40	0
00:12:40	27	50	0
00:12:41	27	69	0
00:12:42	23	80	0
00:12:43	34	90	0
00:12:44	34	83	0
00:12:46	34	83	0
00:12:47	38	70	0
00:12:48	27	57	0
00:12:49	13	50	0
00:12:50	17	51	0
00:12:51	10	41	0
00:12:52	20	53	0
00:12:53	37	63	0
00:12:54	21	50	0
00:12:55	21	50	26
00:12:56	30	64	0
00:12:57	29	61	0
00:12:58	26	66	0
00:12:59	26	66	26
00:13:00	37	69	0
00:13:01	44	69	0
00:13:02	38	56	0
00:13:03	35	53	0
00:13:04	29	44	0
00:13:05	29	44	0
00:13:06	16	51	0
00:13:07	29	44	0
00:13:08	24	53	0
00:13:10	27	60	0
00:13:11	20	54	0
00:13:12	7	61	0
00:13:13	14	61	0
00:13:14	26	66	0
00:13:15	40	43	0
00:13:16	44	50	0
00:13:17	50	54	0
00:13:18	44	51	0
00:13:19	35	75	0
00:13:20	16	67	0
00:13:21	8	56	0
00:13:22	10	51	0
00:13:23	17	51	0
00:13:24	30	56	0
00:13:25	40	69	0
00:13:26	40	69	0
00:13:27	38	66	0
00:13:28	26	60	0
00:13:29	27	56	0
00:13:30	44	53	0
00:13:31	41	50	0
00:13:32	51	50	0
00:13:33	44	41	0
00:13:35	29	43	0
00:13:36	37	47	0
00:13:37	48	47	0
00:13:38	51	57	0
00:13:39	47	60	0
00:13:40	50	67	0
00:13:41	50	75	0
00:13:42	48	67	0
00:13:43	51	66	0
00:13:44	41	64	0
00:13:45	41	64	0
00:13:46	43	75	0
00:13:47	44	83	0
00:13:48	44	75	0
00:13:49	41	70	0
00:13:50	40	77	0
00:13:51	34	63	0
00:13:52	38	66	0
00:13:53	47	61	0
00:13:54	51	56	0
00:13:55	48	60	0
00:13:56	47	56	0
00:13:57	40	50	0
00:13:58	50	63	0
00:14:00	56	57	0
00:14:01	53	63	0
00:14:02	47	63	0
00:14:03	40	63	0
00:14:04	29	67	0
00:14:05	29	67	0
00:14:06	43	83	0
00:14:07	51	67	0
00:14:08	54	64	0
00:14:09	40	57	0
00:14:10	29	54	0
00:14:11	29	53	0
00:14:12	35	51	0
00:14:13	56	48	0
00:14:14	57	53	0
00:14:15	53	60	0
00:14:16	51	54	0
00:14:17	35	48	0
00:14:18	37	41	0
00:14:19	38	48	0
00:14:20	48	81	0
00:14:21	44	80	0
00:14:22	30	77	0
00:14:24	24	56	0
00:14:25	20	56	0
00:14:26	23	57	0
00:14:27	21	48	0
00:14:28	16	64	0
00:14:29	20	67	0
00:14:30	20	83	0
00:14:31	24	81	0
00:14:32	30	75	0
00:14:33	29	74	0
00:14:34	43	66	0
00:14:35	43	70	0
00:14:36	44	66	0
00:14:37	44	54	0
00:14:38	35	48	0
00:14:39	38	56	0
00:14:40	40	64	0
00:14:41	40	70	0
00:14:42	30	74	0
00:14:43	35	74	0
00:14:44	35	74	0
00:14:45	48	61	0
00:14:46	63	53	0
00:14:47	64	44	0
00:14:49	60	38	0
00:14:50	64	43	0
00:14:51	57	54	0
00:14:52	53	61	0
00:14:53	47	67	0
00:14:54	40	63	0
00:14:55	35	53	0
00:14:56	40	53	0
00:14:57	40	60	0
00:14:58	35	56	0
00:14:59	37	56	0
00:15:00	29	51	0
00:15:01	34	35	0
00:15:02	37	29	0
00:15:03	41	37	0
00:15:04	44	47	0
00:15:05	41	74	0
00:15:06	40	74	0
00:15:07	35	64	0
00:15:08	40	67	0
00:15:09	40	64	0
00:15:10	35	66	0
00:15:11	34	64	0
00:15:13	37	60	0
00:15:14	40	64	0
00:15:15	41	69	0
00:15:16	53	77	0
00:15:17	51	88	0
00:15:18	51	69	0
00:15:19	51	67	0
00:15:20	34	54	0
00:15:21	34	54	0
00:15:22	20	63	0
00:15:23	10	54	0
00:15:24	10	54	0
00:15:25	3	51	0
00:15:26	27	54	0
00:15:27	29	57	0
00:15:28	27	54	0
00:15:29	21	51	0
00:15:30	11	47	0
00:15:31	20	51	0
00:15:32	23	37	0
00:15:33	24	35	0
00:15:34	29	27	0
00:15:35	24	27	0
00:15:36	30	47	0
00:15:38	23	40	0
00:15:39	20	48	0
00:15:40	24	51	0
00:15:41	17	44	0
00:15:42	27	51	0
00:15:43	44	44	0
00:15:44	41	41	0
00:15:45	40	41	0
00:15:46	41	51	0
00:15:47	29	60	0
00:15:48	34	51	0
00:15:49	30	48	0
00:15:50	24	41	0
00:15:51	34	44	0
00:15:52	40	64	0
00:15:53	38	61	0
00:15:54	30	51	0
00:15:55	38	48	0
00:15:56	29	50	0
00:15:57	29	54	0
00:15:58	24	53	0
00:15:59	21	50	0
00:16:00	34	50	0
00:16:01	41	48	0
00:16:02	47	44	0
00:16:03	50	37	0
00:16:04	51	41	0
00:16:05	43	44	0
00:16:06	47	53	0
00:16:07	54	48	0
00:16:09	51	43	0
00:16:10	53	47	0
00:16:11	35	43	0
00:16:12	30	50	0
00:16:13	29	51	0
00:16:14	43	51	0
00:16:15	74	44	0
00:16:16	70	56	0
00:16:17	56	60	0
00:16:18	30	50	0
00:16:19	14	54	0
00:16:20	3	43	0
00:16:21	4	41	0
00:16:22	7	44	0
00:16:23	27	47	0
00:16:24	34	47	0
00:16:25	44	54	0
00:16:26	53	51	0
00:16:27	44	56	0
00:16:28	29	48	0
00:16:29	14	50	0
00:16:30	21	54	0
00:16:31	23	60	0
00:16:32	47	69	0
00:16:33	48	69	0
00:16:34	47	69	0
00:16:35	44	69	0
00:16:36	44	77	0
00:16:37	63	84	0
00:16:38	53	78	0
00:16:39	63	66	0
00:16:41	64	66	0
00:16:42	67	60	0
00:16:43	78	61	0
00:16:44	75	56	0
00:16:45	75	56	0
00:16:46	66	41	0
00:16:47	35	54	0
00:16:48	44	51	0
00:16:49	43	67	0
00:16:50	66	66	0
00:16:51	74	50	0
00:16:52	63	44	0
00:16:53	64	37	0
00:16:54	50	30	0
00:16:55	53	43	0
00:16:56	48	29	0
00:16:57	37	24	0
00:16:58	40	37	0
00:16:59	37	30	0
00:17:00	50	50	0
00:17:01	53	63	0
00:17:02	35	48	0
00:17:03	37	48	0
00:17:04	16	38	0
00:17:05	17	34	0
00:17:06	29	38	0
00:17:07	23	47	0
00:17:08	24	51	0
00:17:09	16	38	0
00:17:10	14	44	0
00:17:12	13	27	0
00:17:13	11	35	0
00:17:14	11	40	0
00:17:15	21	50	0
00:17:16	26	54	0
00:17:17	30	47	0
00:17:18	30	26	0
00:17:19	27	43	0
00:17:20	23	29	0
00:17:21	24	35	0
00:17:22	38	53	0
00:17:23	26	60	0
00:17:24	37	67	0
00:17:25	21	69	0
00:17:26	10	57	0
00:17:27	13	35	0
00:17:28	14	34	0
00:17:29	17	35	0
00:17:30	23	40	0
00:17:31	30	38	0
00:17:32	30	48	0
00:17:33	50	50	0
00:17:34	53	29	0
00:17:35	48	48	0
00:17:36	40	50	0
00:17:37	24	40	0
00:17:38	13	64	0
00:17:39	24	61	0
00:17:40	29	50	0
00:17:42	37	43	0
00:17:43	23	30	0
00:17:44	27	27	0
00:17:45	43	48	0
00:17:46	40	53	0
00:17:47	47	63	0
00:17:48	44	57	0
00:17:49	44	44	0
00:17:50	53	35	0
00:17:51	43	27	0
00:17:52	44	50	0
00:17:53	29	47	0
00:17:54	24	50	0
00:17:55	35	56	0
00:17:56	24	53	0
00:17:57	26	40	0
00:17:58	14	37	0
00:17:59	16	35	0
00:18:00	26	21	0
00:18:01	51	37	0
00:18:02	50	41	0
00:18:03	37	57	0
00:18:04	26	74	0
00:18:05	13	78	0
00:18:06	21	74	0
00:18:07	30	66	0
00:18:08	40	57	0
00:18:09	24	53	0
00:18:10	26	48	0
00:18:11	24	43	0
00:18:12	30	63	0
00:18:14	41	63	0
00:18:15	38	64	0
00:18:16	41	74	0
00:18:17	47	51	0
00:18:18	30	48	0
00:18:19	35	44	0
00:18:20	29	41	0
00:18:21	21	50	0
00:18:22	24	48	0
00:18:23	24	47	0
00:18:24	27	56	0
00:18:25	34	54	0
00:18:26	44	67	0
00:18:27	56	67	0
00:18:28	51	51	0
00:18:29	63	51	0
00:18:30	66	43	0
00:18:31	48	38	0
00:18:32	61	48	0
00:18:33	57	56	0
00:18:34	53	53	0
00:18:35	75	57	0
00:18:36	63	61	0
00:18:37	53	75	0
00:18:38	37	74	0
00:18:39	29	64	0
00:18:40	24	56	0
00:18:41	23	41	0
00:18:43	26	48	0
00:18:44	24	54	0
00:18:45	27	50	0
00:18:46	41	66	0
00:18:47	38	66	0
00:18:48	35	66	0
00:18:49	44	77	0
00:18:50	38	61	0
00:18:51	29	51	0
00:18:52	29	44	0
00:18:53	26	47	0
00:18:54	29	35	0
00:18:55	30	35	0
00:18:56	34	38	0
00:18:57	27	16	0
00:18:58	26	30	0
00:18:59	40	38	0
00:19:00	37	47	0
00:19:01	44	60	0
00:19:02	27	54	0
00:19:03	27	54	0
00:19:04	20	44	0
00:19:05	27	48	0
00:19:06	26	54	0
00:19:07	43	54	0
00:19:08	47	54	0
00:19:09	30	61	0
00:19:10	43	64	0
00:19:11	29	64	0
00:19:13	35	64	0
00:19:14	34	53	0
00:19:15	43	43	0
00:19:16	30	44	0
00:19:17	24	56	0
00:19:18	29	48	0
00:19:19	17	48	0
00:19:20	30	50	0
00:19:21	40	40	0
00:19:22	51	56	0
00:19:23	63	66	0
00:19:24	61	57	0
00:19:25	50	50	0
00:19:26	50	40	0
00:19:27	43	40	0
00:19:28	50	50	0
00:19:29	54	53	0
00:19:30	61	41	0
00:19:31	57	43	0
00:19:32	53	27	0
00:19:33	50	34	0
00:19:34	40	30	0
00:19:35	34	34	0
00:19:36	48	57	0
00:19:37	29	48	0
00:19:38	34	60	0
00:19:39	34	67	0
00:19:40	24	61	0
00:19:41	23	51	0
00:19:43	20	48	0
00:19:44	26	41	0
00:19:45	34	34	0
00:19:46	64	44	0
00:19:47	69	38	0
00:19:48	77	40	0
00:19:49	88	47	0
00:19:50	74	56	0
00:19:51	67	60	0
00:19:52	56	53	0
00:19:53	50	51	0
00:19:54	63	43	0
00:19:55	80	38	0
00:19:56	64	40	0
00:19:57	51	26	0
00:19:58	57	20	0
00:19:59	43	27	0
00:20:00	38	34	0
00:20:01	41	34	0
00:20:02	41	50	0
00:20:03	30	38	0
00:20:04	30	23	0
00:20:05	24	24	0
00:20:06	27	27	0
00:20:07	50	41	0
00:20:08	64	56	0
00:20:09	77	66	0
00:20:10	70	69	0
00:20:11	56	56	0
00:20:12	44	41	0
00:20:14	30	30	0
00:20:15	38	21	0
00:20:16	29	23	0
00:20:17	43	37	0
00:20:18	64	40	0
00:20:19	63	41	0
00:20:20	90	40	0
00:20:21	91	40	0
00:20:22	67	30	0
00:20:23	54	41	0
00:20:24	51	34	0
00:20:25	54	53	0
00:20:26	54	51	0
00:20:27	41	50	0
00:20:28	47	57	0
00:20:29	56	56	0
00:20:30	60	61	0
00:20:31	66	53	0
00:20:32	44	38	0
00:20:33	17	29	0
00:20:34	11	24	0
00:20:35	13	23	0
00:20:36	16	34	0
00:20:37	24	35	0
00:20:38	27	35	0
00:20:39	37	44	0
00:20:40	41	51	0
00:20:41	40	53	0
00:20:42	27	50	0
00:20:43	27	50	0
00:20:45	23	34	0
00:20:46	27	40	0
00:20:47	53	37	0
00:20:48	57	40	0
00:20:49	61	40	0
00:20:50	51	38	0
00:20:51	53	41	0
00:20:52	30	29	0
00:20:53	34	37	0
00:20:54	40	37	0
00:20:55	38	40	0
00:20:56	53	50	0
00:20:57	51	53	0
00:20:58	56	61	0
00:20:59	70	56	0
00:21:00	81	64	0
00:21:01	67	63	0
00:21:02	54	60	0
00:21:03	50	66	0
00:21:04	27	50	0
00:21:05	38	47	0
00:21:06	57	40	0
00:21:07	61	47	0
00:21:08	74	60	0
00:21:09	69	50	0
00:21:10	50	40	0
00:21:12	37	27	0
00:21:13	50	17	0
00:21:14	56	24	0
00:21:15	54	23	0
00:21:16	67	20	0
00:21:17	56	26	0
00:21:18	75	34	0
00:21:19	74	38	0
00:21:20	75	43	0
00:21:21	69	35	0
00:21:22	47	34	0
00:21:23	54	38	0
00:21:24	44	44	0
00:21:25	60	51	0
00:21:26	66	53	0
00:21:27	70	50	0
00:21:28	60	50	0
00:21:29	43	51	0
00:21:30	35	47	0
00:21:31	23	50	0
00:21:32	23	48	0
00:21:33	37	40	0
00:21:34	50	40	0
00:21:35	69	51	0
00:21:37	66	63	0
00:21:38	75	63	0
00:21:39	69	53	0
00:21:40	67	54	0
00:21:41	57	44	0
00:21:42	38	47	0
00:21:43	30	41	0
00:21:44	35	26	0
00:21:45	27	27	0
00:21:46	29	27	0
00:21:47	26	29	0
00:21:48	7	34	0
00:21:49	21	43	0
00:21:50	26	35	0
00:21:51	37	35	0
00:21:52	51	38	0
00:21:53	44	37	0
00:21:54	48	53	0
00:21:55	53	53	0
00:21:56	56	60	0
00:21:57	63	63	0
00:21:58	54	50	0
00:21:59	53	41	0
00:22:00	38	35	0
00:22:02	23	41	0
00:22:03	35	43	0
00:22:04	29	27	0
00:22:05	50	26	0
00:22:06	57	38	0
00:22:07	61	40	0
00:22:08	75	63	0
00:22:09	70	53	0
00:22:10	84	43	0
00:22:11	84	47	0
00:22:12	57	35	0
00:22:13	60	48	0
00:22:14	56	51	0
00:22:15	37	40	0
00:22:16	54	30	0
00:22:17	47	20	0
00:22:18	38	23	0
00:22:19	53	27	0
00:22:20	41	53	0
00:22:21	48	47	0
00:22:22	54	56	0
00:22:23	64	44	0
00:22:24	80	44	0
00:22:25	88	48	0
00:22:27	90	37	0
00:22:28	91	35	0
00:22:29	100	44	0
00:22:30	91	43	0
00:22:31	74	50	0
00:22:32	47	54	0
00:22:33	20	47	0
00:22:34	1	41	0
00:22:35	1	35	0
00:22:36	13	43	0
00:22:37	17	54	0
00:22:38	27	56	0
00:22:39	38	53	0
00:22:40	29	41	0
00:22:41	29	43	0
00:22:42	41	37	0
00:22:43	35	51	0
00:22:44	48	47	0
00:22:45	44	66	0
00:22:46	44	66	0
00:22:47	48	61	0
00:22:48	30	57	0
00:22:49	34	41	0
00:22:50	38	38	0
00:22:51	41	35	0
00:22:53	50	34	0
00:22:54	63	40	0
00:22:55	77	41	0
00:22:56	83	51	0
00:22:57	81	64	0
00:22:58	54	61	0
00:22:59	41	63	0
00:23:00	41	63	0
00:23:01	60	48	0
00:23:02	78	43	0
00:23:03	88	30	0
00:23:04	75	30	0
00:23:05	50	37	0
00:23:06	40	43	0
00:23:07	43	43	0
00:23:08	47	53	0
00:23:09	48	57	0
00:23:10	48	57	26
00:23:11	27	41	0
00:23:12	26	37	0
00:23:13	16	29	0
00:23:14	14	30	0
00:23:15	17	53	0
00:23:16	17	57	0
00:23:17	37	63	0
00:23:19	44	61	0
00:23:20	54	48	0
00:23:21	47	50	0
00:23:22	43	47	0
00:23:23	43	47	0
00:23:24	44	47	0
00:23:25	57	61	0
00:23:26	60	63	0
00:23:27	70	74	0
00:23:28	48	70	0
00:23:29	53	66	0
00:23:30	56	69	0
00:23:31	57	67	0
00:23:32	50	61	0
00:23:33	35	53	0
00:23:34	23	40	0
00:23:35	37	40	0
00:23:36	29	48	0
00:23:37	29	48	26
00:23:38	40	57	0
00:23:39	40	66	0
00:23:40	38	60	0
00:23:41	30	40	0
00:23:43	30	40	0
00:23:44	24	29	0
00:23:45	23	41	0
00:23:46	44	54	0
00:23:47	48	47	0
00:23:48	64	41	0
00:23:49	70	41	0
00:23:50	78	29	0
00:23:51	93	35	0
00:23:52	78	26	0
00:23:53	69	44	0
00:23:54	41	47	0
00:23:55	30	47	0
00:23:56	30	47	26
00:23:57	30	47	26
00:23:58	30	47	26
00:23:59	43	56	0
00:24:00	37	61	0
00:24:01	57	63	0
00:24:02	57	63	0
00:24:03	67	61	0
00:24:04	83	57	0
00:24:05	78	64	0
00:24:06	84	67	0
00:24:08	88	60	0
00:24:09	84	53	0
00:24:10	74	54	0
00:24:11	60	50	0
00:24:12	44	57	0
00:24:13	47	60	0
00:24:14	41	60	0
00:24:15	47	51	0
00:24:16	37	51	0
00:24:17	37	51	26
00:24:18	50	63	0
00:24:19	38	63	0
00:24:20	41	69	0
00:24:21	38	77	0
00:24:22	38	77	26
00:24:23	35	78	0
00:24:24	37	66	0
00:24:25	24	75	0
00:24:26	27	57	0
00:24:27	34	48	0
00:24:28	35	47	0
00:24:29	48	38	0
00:24:30	43	43	0
00:24:31	38	44	0
00:24:33	53	48	0
00:24:34	35	48	0
00:24:35	43	50	0
00:24:36	41	61	0
00:24:37	41	57	0
00:24:38	30	50	0
00:24:39	35	48	0
00:24:40	23	47	0
00:24:41	38	48	0
00:24:42	38	48	0
00:24:43	60	50	0
00:24:44	77	37	0
00:24:45	69	37	0
00:24:46	43	41	0
00:24:47	30	34	0
00:24:48	29	51	0
00:24:49	29	61	0
00:24:50	29	61	26
00:24:51	29	61	26
00:24:52	29	61	26
00:24:53	47	63	0
00:24:54	40	56	0
00:24:55	40	56	25
00:24:56	24	41	0
00:24:58	24	41	26
00:24:59	26	35	0
00:25:00	21	48	0
00:25:01	40	50	0
00:25:02	48	67	0
00:25:03	43	63	0
00:25:04	43	63	51
00:25:05	53	66	0
00:25:06	53	66	26
00:25:07	48	81	0
00:25:08	47	60	0
00:25:09	47	60	26
00:25:10	47	60	26
00:25:11	47	60	26
00:25:12	40	63	0
00:25:13	44	53	0
00:25:14	35	44	0
00:25:15	27	57	0
00:25:16	26	51	0
00:25:17	21	56	0
00:25:18	30	64	0
00:25:19	30	64	26
00:25:20	35	57	0
00:25:21	35	57	26
00:25:23	38	75	0
00:25:24	38	75	26
00:25:25	17	63	0
00:25:26	1	48	0
00:25:27	1	56	0
00:25:28	4	48	0
00:25:29	24	53	0
00:25:30	47	66	0
00:25:31	47	66	0
00:25:32	23	54	0
00:25:33	30	60	0
00:25:34	38	56	0
00:25:35	38	56	26
00:25:36	60	50	0
00:25:37	88	57	0
00:25:38	83	53	0
00:25:39	64	51	0
00:25:40	53	56	0
00:25:41	35	53	0
00:25:42	35	53	26
00:25:43	29	43	0
00:25:44	44	40	0
00:25:45	47	38	0
00:25:46	35	34	0
00:25:48	24	38	0
00:25:49	10	37	0
00:25:50	13	41	0
00:25:51	20	43	0
00:25:52	23	44	0
00:25:53	38	41	0
00:25:54	48	43	0
00:25:55	47	43	0
00:25:56	37	41	0
00:25:57	17	53	0
00:25:58	7	47	0
00:25:59	4	51	0
00:26:00	14	56	0
00:26:01	29	50	0
00:26:02	29	50	0
00:26:03	38	61	0
00:26:04	37	57	0
00:26:05	20	54	0
00:26:06	38	50	0
00:26:07	27	44	0
00:26:08	43	44	0
00:26:09	26	60	0
00:26:10	20	67	0
00:26:11	26	63	0
00:26:13	17	51	0
00:26:14	38	24	0
00:26:15	50	26	0
00:26:16	69	30	0
00:26:17	74	35	0
00:26:18	43	44	0
00:26:19	27	30	0
00:26:20	17	20	0
00:26:21	27	30	0
00:26:22	27	30	0
00:26:23	44	37	0
00:26:24	40	41	0
00:26:25	30	29	0
00:26:26	24	26	0
00:26:27	44	35	0
00:26:28	51	43	0
00:26:29	53	57	0
00:26:30	37	38	0
00:26:31	21	38	0
00:26:32	23	37	0
00:26:33	34	37	0
00:26:34	43	43	0
00:26:35	50	51	0
00:26:37	41	56	0
00:26:38	35	53	0
00:26:39	30	56	0
00:26:40	37	57	0
00:26:41	41	51	0
00:26:42	41	51	0
00:26:43	63	54	0
00:26:44	57	54	0
00:26:45	64	63	0
00:26:46	51	51	0
00:26:47	38	56	0
00:26:48	30	50	0
00:26:49	34	48	0
00:26:50	37	66	0
00:26:51	48	54	0
00:26:52	40	48	0
00:26:53	44	41	0
00:26:54	38	56	0
00:26:55	35	67	0
00:26:56	29	69	0
00:26:57	24	74	0
00:26:58	41	64	0
00:26:59	29	57	0
00:27:00	38	61	0
00:27:01	48	48	0
00:27:03	38	47	0
00:27:04	54	51	0
00:27:05	53	38	0
00:27:06	64	43	0
00:27:07	61	37	0
00:27:08	63	37	0
00:27:09	56	43	0
00:27:10	43	41	0
00:27:11	37	51	0
00:27:12	17	38	0
00:27:13	27	34	0
00:27:14	48	48	0
00:27:15	53	57	0
00:27:16	50	64	0
00:27:17	47	69	0
00:27:18	44	69	0
00:27:19	47	70	0
00:27:20	53	74	0
00:27:21	50	60	0
00:27:22	40	41	0
00:27:23	34	30	0
00:27:24	24	48	0
00:27:25	37	47	0
00:27:26	40	63	0
00:27:28	48	67	0
00:27:29	48	57	0
00:27:30	37	66	0
00:27:31	35	51	0
00:27:32	29	51	0
00:27:33	47	48	0
00:27:34	50	48	0
00:27:35	60	61	0
00:27:36	60	74	0
00:27:37	53	56	0
00:27:38	43	51	0
00:27:39	48	47	0
00:27:40	51	54	0
00:27:41	38	63	0
00:27:42	47	61	0
00:27:43	43	60	0
00:27:44	35	56	0
00:27:45	41	43	0
00:27:46	40	56	0
00:27:47	41	53	0
00:27:48	44	63	0
00:27:49	41	63	0
00:27:50	34	47	0
00:27:51	41	47	0
00:27:53	44	40	0
00:27:54	50	47	0
00:27:55	75	48	0
00:27:56	74	51	0
00:27:57	63	67	0
00:27:58	50	61	0
00:27:59	21	67	0
00:28:00	26	50	0
00:28:01	43	53	0
00:28:02	54	56	0
00:28:03	57	38	0
00:28:04	66	44	0
00:28:05	53	37	0
00:28:06	47	29	0
00:28:07	37	47	0
00:28:08	23	38	0
00:28:09	35	54	0
00:28:10	35	64	0
00:28:11	37	60	0
00:28:12	44	67	0
00:28:13	44	70	0
00:28:14	44	54	0
00:28:15	48	67	0
00:28:16	50	75	0
00:28:18	38	61	0
00:28:19	34	74	0
00:28:20	30	56	0
00:28:21	21	35	0
00:28:22	43	38	0
00:28:23	53	41	0
00:28:24	77	50	0
00:28:25	63	50	0
00:28:26	60	29	0
00:28:27	57	34	0
00:28:28	38	40	0
00:28:29	37	24	0
00:28:30	50	40	0
00:28:31	48	38	0
00:28:32	53	29	0
00:28:33	56	56	0
00:28:34	41	50	0
00:28:35	40	43	0
00:28:36	29	50	0
00:28:37	23	41	0
00:28:38	27	38	0
00:28:39	13	41	0
00:28:40	26	26	0
00:28:41	24	17	0
00:28:43	23	16	0
00:28:44	20	37	0
00:28:45	26	44	0
00:28:46	24	60	0
00:28:47	20	56	0
00:28:48	35	57	0
00:28:49	27	63	0
00:28:50	35	66	0
00:28:51	43	75	0
00:28:52	29	70	0
00:28:53	23	56	0
00:28:54	17	50	0
00:28:55	8	40	0
00:28:56	10	38	0
00:28:57	16	54	0
00:28:58	23	53	0
00:28:59	26	51	0
00:29:00	30	44	0
00:29:01	30	44	0
00:29:02	35	47	0
00:29:03	44	47	0
00:29:04	34	48	0
00:29:05	21	29	0
00:29:07	10	26	0
00:29:08	23	37	0
00:29:09	23	61	0
00:29:10	21	63	0
00:29:11	30	80	0
00:29:12	26	88	0
00:29:13	35	70	0
00:29:14	37	70	0
00:29:15	34	69	0
00:29:16	27	53	0
00:29:17	34	51	0
00:29:18	30	54	0
00:29:19	40	48	0
00:29:20	38	51	0
00:29:21	38	51	0
00:29:22	40	61	0
00:29:23	37	57	0
00:29:24	44	43	0
00:29:25	43	27	0
00:29:26	38	29	0
00:29:27	34	34	0
00:29:28	54	54	0
00:29:29	60	56	0
00:29:30	56	53	0
00:29:31	34	40	0
00:29:33	38	38	0
00:29:34	43	38	0
00:29:35	50	37	0
00:29:36	47	43	0
00:29:37	30	37	0
00:29:38	29	40	0
00:29:39	26	38	0
00:29:40	44	24	0
00:29:41	41	29	0
00:29:42	38	21	0
00:29:43	35	23	0
00:29:44	34	41	0
00:29:45	38	56	0
00:29:46	40	60	0
00:29:47	41	61	0
00:29:48	30	56	0
00:29:49	41	47	0
00:29:50	37	43	0
00:29:51	23	47	0
00:29:52	16	53	0
00:29:53	23	61	0
00:29:54	11	54	0
00:29:55	23	67	0
00:29:56	23	57	0
00:29:58	17	54	0
00:29:59	23	57	0
00:30:00	26	51	0
00:30:01	30	54	0
00:30:02	37	51	0
00:30:03	41	41	0
00:30:04	44	48	0
00:30:05	34	43	0
00:30:06	29	41	0
00:30:07	23	53	0
00:30:08	24	41	0
00:30:09	29	50	0
00:30:10	27	51	0
00:30:11	29	56	0
00:30:12	30	61	0
00:30:13	41	74	0
00:30:14	51	81	0
00:30:15	41	91	0
00:30:16	37	87	0
00:30:17	43	78	0
00:30:18	30	64	0
00:30:19	38	66	0
00:30:20	41	64	0
00:30:21	30	70	0
00:30:23	40	74	0
00:30:24	34	69	0
00:30:25	26	50	0
00:30:26	35	54	0
00:30:27	34	53	0
00:30:28	34	34	0
00:30:29	29	56	0
00:30:30	20	47	0
00:30:31	20	40	0
00:30:32	29	57	0
00:30:33	40	53	0
00:30:34	56	51	0
00:30:35	51	48	0
00:30:36	43	43	0
00:30:37	29	30	0
00:30:38	35	21	0
00:30:39	40	30	0
00:30:40	47	21	0
00:30:41	67	37	0
00:30:42	61	54	0
00:30:43	47	48	0
00:30:44	43	67	0
00:30:45	27	70	0
00:30:47	40	61	0
00:30:48	48	50	0
00:30:49	53	41	0
00:30:50	47	48	0
00:30:51	43	53	0
00:30:52	41	80	0
00:30:53	37	96	0
00:30:54	40	100	0
00:30:55	38	91	0
00:30:56	35	78	0
00:30:57	34	63	0
00:30:58	34	51	0
00:30:59	37	44	0
00:31:00	35	44	0
00:31:01	38	47	0
00:31:02	26	57	0
00:31:03	30	78	0
00:31:04	35	80	0
00:31:05	23	87	0
00:31:06	41	77	0
00:31:07	43	63	0
00:31:08	35	51	0
00:31:09	47	53	0
00:31:10	40	54	0
00:31:11	29	54	0
00:31:13	43	63	0
00:31:14	43	60	0
00:31:15	38	37	0
00:31:16	41	20	0
00:31:17	43	17	0
00:31:18	54	20	0
00:31:19	54	34	0
00:31:20	54	44	0
00:31:21	27	53	0
00:31:22	26	61	0
00:31:23	17	75	0
00:31:24	16	64	0
00:31:25	17	67	0
00:31:26	20	56	0
00:31:27	26	53	0
00:31:28	23	70	0
00:31:29	16	51	0
00:31:30	16	61	0
00:31:31	27	60	0
00:31:32	34	63	0
00:31:33	47	74	0
00:31:34	53	75	0
00:31:35	47	78	0
00:31:36	40	60	0
00:31:38	34	66	0
00:31:39	30	64	0
00:31:40	34	60	0
00:31:41	53	61	0
00:31:42	54	54	0
00:31:43	51	60	0
00:31:44	41	67	0
00:31:45	34	74	0
00:31:46	26	67	0
00:31:47	35	54	0
00:31:48	34	48	0
00:31:49	47	35	0
00:31:50	54	40	0
00:31:51	56	40	0
00:31:52	63	50	0
00:31:53	61	57	0
00:31:54	54	54	0
00:31:55	43	50	0
00:31:56	48	44	0
00:31:57	37	40	0
00:31:58	43	43	0
00:31:59	51	66	0
00:32:00	51	66	0
00:32:01	44	69	0
00:32:02	40	60	0
00:32:04	34	41	0
00:32:05	29	37	0
00:32:06	38	40	0
00:32:07	50	53	0
00:32:08	63	47	0
00:32:09	51	40	0
00:32:10	60	41	0
00:32:11	54	48	0
00:32:12	43	53	0
00:32:13	53	63	0
00:32:14	37	56	0
00:32:15	40	48	0
00:32:16	43	56	0
00:32:17	35	60	0
00:32:18	41	63	0
00:32:19	48	61	0
00:32:20	56	61	0
00:32:21	50	44	0
00:32:22	43	43	0
00:32:23	44	34	0
00:32:24	40	29	0
00:32:25	51	40	0
00:32:26	63	30	0
00:32:27	56	37	0
00:32:29	53	35	0
00:32:30	37	35	0
00:32:31	17	35	0
00:32:32	11	20	0
00:32:33	10	24	0
00:32:34	14	44	0
00:32:35	29	43	0
00:32:36	26	54	0
00:32:37	29	63	0
00:32:38	29	47	0
00:32:39	24	54	0
00:32:40	43	51	0
00:32:41	50	56	0
00:32:42	54	48	0
00:32:43	63	41	0
00:32:44	56	50	0
00:32:45	53	41	0
00:32:46	57	66	0
00:32:47	61	80	0
00:32:48	51	67	0
00:32:49	48	77	0
00:32:50	35	67	0
00:32:51	14	51	0
00:32:52	50	43	0
00:32:53	54	35	0
00:32:55	63	37	0
00:32:56	51	40	0
00:32:57	41	27	0
00:32:58	38	30	0
00:32:59	50	34	0
00:33:00	48	37	0
00:33:01	40	53	0
00:33:02	26	63	0
00:33:03	29	60	0
00:33:04	35	66	0
00:33:05	48	57	0
00:33:06	56	44	0
00:33:07	50	48	0
00:33:08	44	47	0
00:33:09	38	50	0
00:33:10	47	47	0
00:33:11	54	43	0
00:33:12	57	60	0
00:33:13	56	66	0
00:33:14	53	80	0
00:33:15	54	80	0
00:33:16	63	70	0
00:33:17	80	70	0
00:33:18	78	53	0
00:33:19	77	50	0
00:33:21	83	48	0
00:33:22	74	56	0
00:33:23	66	74	0
00:33:24	56	84	0
00:33:25	47	77	0
00:33:26	41	50	0
00:33:27	47	38	0
00:33:28	56	29	0
00:33:29	44	27	0
00:33:30	44	35	0
00:33:31	41	30	0
00:33:32	27	29	0
00:33:33	37	35	0
00:33:34	34	35	0
00:33:35	48	26	0
00:33:36	43	27	0
00:33:37	35	41	0
00:33:38	20	64	0
00:33:39	37	61	0
00:33:40	40	63	0
00:33:41	41	61	0
00:33:42	41	74	0
00:33:43	29	77	0
00:33:45	30	75	0
00:33:46	43	66	0
00:33:47	48	66	0
00:33:48	44	63	0
00:33:49	47	47	0
00:33:50	43	38	0
00:33:51	43	37	0
00:33:52	53	38	0
00:33:53	35	34	0
00:33:54	30	40	0
00:33:55	11	27	0
00:33:56	11	34	0
00:33:57	30	44	0
00:33:58	17	43	0
00:33:59	27	48	0
00:34:00	43	37	0
00:34:01	44	29	0
00:34:02	53	43	0
00:34:03	48	50	0
00:34:04	30	53	0
00:34:05	37	57	0
00:34:06	34	38	0
00:34:07	17	37	0
00:34:08	23	37	0
00:34:10	24	37	0
00:34:11	29	51	0
00:34:12	43	57	0
00:34:13	40	53	0
00:34:14	50	51	0
00:34:15	48	43	0
00:34:16	60	38	0
00:34:17	56	30	0
00:34:18	40	35	0
00:34:19	51	27	0
00:34:20	51	27	0
00:34:21	50	29	0
00:34:22	61	40	0
00:34:23	60	44	0
00:34:24	53	51	0
00:34:25	38	63	0
00:34:26	11	44	0
00:34:27	10	48	0
00:34:28	13	47	0
00:34:29	14	34	0
00:34:30	41	43	0
00:34:31	50	40	0
00:34:32	53	50	0
00:34:34	53	70	0
00:34:35	41	81	0
00:34:36	40	91	0
00:34:37	24	84	0
00:34:38	30	81	0
00:34:39	35	75	0
00:34:40	35	75	0
00:34:41	40	61	0
00:34:42	50	53	0
00:34:43	48	48	0
00:34:44	38	26	0
00:34:45	35	27	0
00:34:46	37	27	0
00:34:47	35	48	0
00:34:48	40	63	0
00:34:49	30	67	0
00:34:50	29	78	0
00:34:51	43	77	0
00:34:52	54	75	0
00:34:53	64	75	0
00:34:54	75	70	0
00:34:55	64	61	0
00:34:56	66	57	0
00:34:57	60	63	0
00:34:59	61	54	0
00:35:00	61	60	0
00:35:01	44	64	0
00:35:02	48	60	0
00:35:03	38	63	0
00:35:04	38	63	26
00:35:05	30	48	0
00:35:06	38	41	0
00:35:07	23	37	0
00:35:08	27	47	0
00:35:09	27	47	26
00:35:10	24	48	0
00:35:11	24	56	0
00:35:12	37	50	0
00:35:13	47	57	0
00:35:14	50	64	0
00:35:15	57	66	0
00:35:16	56	70	0
00:35:17	48	60	0
00:35:18	44	54	0
00:35:19	38	29	0
00:35:20	14	20	0
00:35:21	14	20	0
00:35:22	20	24	0
00:35:24	35	53	0
00:35:25	43	63	0
00:35:26	54	66	0
00:35:27	44	54	0
00:35:28	44	54	26
00:35:29	34	47	25
00:35:30	35	41	0
00:35:31	24	47	0
00:35:32	34	53	0
00:35:33	48	57	0
00:35:34	50	60	0
00:35:35	48	54	0
00:35:36	30	35	0
00:35:37	23	40	0
00:35:38	14	30	0
00:35:39	21	26	0
00:35:40	37	41	0
00:35:41	24	30	0
00:35:42	44	44	0
00:35:43	30	48	0
00:35:44	29	66	0
00:35:45	27	64	0
00:35:46	29	63	0
00:35:47	41	60	0
00:35:49	43	48	0
00:35:50	50	53	0
00:35:51	50	53	51
00:35:52	34	26	0
00:35:53	35	35	0
00:35:54	34	43	0
00:35:55	26	40	0
00:35:56	21	50	0
00:35:57	11	41	0
00:35:58	10	21	0
00:35:59	10	21	51
00:36:00	14	37	0
