Apr 16, 2014 19:42:02	35	60	0
Apr 16, 2014 19:42:03	48	66	0
Apr 16, 2014 19:42:04	34	63	0
Apr 16, 2014 19:42:05	44	66	0
Apr 16, 2014 19:42:06	66	75	0
Apr 16, 2014 19:42:07	63	67	0
Apr 16, 2014 19:42:08	81	67	0
Apr 16, 2014 19:42:09	75	67	0
Apr 16, 2014 19:42:10	69	69	0
Apr 16, 2014 19:42:11	75	78	0
Apr 16, 2014 19:42:12	70	84	0
Apr 16, 2014 19:42:13	70	88	0
Apr 16, 2014 19:42:14	69	81	0
Apr 16, 2014 19:42:15	63	67	0
Apr 16, 2014 19:42:16	69	66	0
Apr 16, 2014 19:42:17	64	66	0
Apr 16, 2014 19:42:18	61	77	0
Apr 16, 2014 19:42:19	67	93	0
Apr 16, 2014 19:42:20	70	90	0
Apr 16, 2014 19:42:21	69	75	0
Apr 16, 2014 19:42:22	74	61	0
Apr 16, 2014 19:42:23	74	60	0
Apr 16, 2014 19:42:25	77	57	0
Apr 16, 2014 19:42:26	84	51	0
Apr 16, 2014 19:42:27	81	56	0
Apr 16, 2014 19:42:28	80	64	0
Apr 16, 2014 19:42:29	75	63	0
Apr 16, 2014 19:42:30	69	80	0
Apr 16, 2014 19:42:31	57	70	0
Apr 16, 2014 19:42:32	41	66	0
Apr 16, 2014 19:42:33	30	80	0
Apr 16, 2014 19:42:34	35	78	0
Apr 16, 2014 19:42:35	61	87	0
Apr 16, 2014 19:42:36	64	81	0
Apr 16, 2014 19:42:37	80	75	0
Apr 16, 2014 19:42:38	78	83	0
Apr 16, 2014 19:42:39	61	83	0
Apr 16, 2014 19:42:40	78	81	0
Apr 16, 2014 19:42:41	81	75	0
Apr 16, 2014 19:42:42	80	64	0
Apr 16, 2014 19:42:43	83	61	0
Apr 16, 2014 19:42:44	64	67	0
Apr 16, 2014 19:42:45	57	75	0
Apr 16, 2014 19:42:46	40	93	0
Apr 16, 2014 19:42:47	48	91	0
Apr 16, 2014 19:42:48	47	81	0
Apr 16, 2014 19:42:49	47	84	0
Apr 16, 2014 19:42:50	50	83	0
Apr 16, 2014 19:42:51	51	75	0
Apr 16, 2014 19:42:52	47	74	0
Apr 16, 2014 19:42:53	56	74	0
Apr 16, 2014 19:42:54	63	74	0
Apr 16, 2014 19:42:55	61	77	0
Apr 16, 2014 19:42:57	64	90	0
Apr 16, 2014 19:42:58	63	88	0
Apr 16, 2014 19:42:59	53	80	0
Apr 16, 2014 19:43:00	48	87	0
Apr 16, 2014 19:43:01	43	78	0
Apr 16, 2014 19:43:02	43	66	0
Apr 16, 2014 19:43:03	53	64	0
Apr 16, 2014 19:43:04	60	56	0
Apr 16, 2014 19:43:05	61	44	0
Apr 16, 2014 19:43:06	53	50	0
Apr 16, 2014 19:43:07	48	57	0
Apr 16, 2014 19:43:08	54	60	0
Apr 16, 2014 19:43:09	54	69	0
Apr 16, 2014 19:43:10	63	66	0
Apr 16, 2014 19:43:11	69	56	0
Apr 16, 2014 19:43:12	66	57	0
Apr 16, 2014 19:43:13	51	66	0
Apr 16, 2014 19:43:14	53	75	0
Apr 16, 2014 19:43:15	48	74	0
Apr 16, 2014 19:43:16	80	57	0
Apr 16, 2014 19:43:17	70	63	0
Apr 16, 2014 19:43:18	61	77	0
Apr 16, 2014 19:43:19	67	74	0
Apr 16, 2014 19:43:20	53	77	0
Apr 16, 2014 19:43:21	67	57	0
Apr 16, 2014 19:43:22	69	53	0
Apr 16, 2014 19:43:23	66	56	0
Apr 16, 2014 19:43:24	67	56	0
Apr 16, 2014 19:43:25	67	66	0
Apr 16, 2014 19:43:26	87	64	0
Apr 16, 2014 19:43:28	80	77	0
Apr 16, 2014 19:43:29	87	80	0
Apr 16, 2014 19:43:30	78	80	0
Apr 16, 2014 19:43:31	67	69	0
Apr 16, 2014 19:43:32	74	67	0
Apr 16, 2014 19:43:33	60	57	0
Apr 16, 2014 19:43:34	51	57	0
Apr 16, 2014 19:43:35	41	67	0
Apr 16, 2014 19:43:36	37	56	0
Apr 16, 2014 19:43:37	44	67	0
Apr 16, 2014 19:43:38	60	69	0
Apr 16, 2014 19:43:39	75	67	0
Apr 16, 2014 19:43:40	77	67	0
Apr 16, 2014 19:43:41	67	61	0
Apr 16, 2014 19:43:42	61	64	0
Apr 16, 2014 19:43:43	40	88	0
Apr 16, 2014 19:43:44	47	96	0
Apr 16, 2014 19:43:45	43	91	0
Apr 16, 2014 19:43:46	43	74	0
Apr 16, 2014 19:43:47	56	81	0
Apr 16, 2014 19:43:48	47	80	0
Apr 16, 2014 19:43:49	57	80	0
Apr 16, 2014 19:43:50	60	84	0
Apr 16, 2014 19:43:51	61	74	0
Apr 16, 2014 19:43:52	75	74	0
Apr 16, 2014 19:43:53	78	78	0
Apr 16, 2014 19:43:54	70	80	0
Apr 16, 2014 19:43:55	61	90	0
Apr 16, 2014 19:43:56	47	91	0
Apr 16, 2014 19:43:57	38	90	0
Apr 16, 2014 19:43:58	48	81	0
Apr 16, 2014 19:43:59	54	67	0
Apr 16, 2014 19:44:01	57	63	0
Apr 16, 2014 19:44:02	77	53	0
Apr 16, 2014 19:44:03	77	57	0
Apr 16, 2014 19:44:04	67	63	0
Apr 16, 2014 19:44:05	63	51	0
Apr 16, 2014 19:44:06	50	63	0
Apr 16, 2014 19:44:07	54	63	0
Apr 16, 2014 19:44:08	43	63	0
Apr 16, 2014 19:44:09	54	63	0
Apr 16, 2014 19:44:10	53	51	0
Apr 16, 2014 19:44:11	54	67	0
Apr 16, 2014 19:44:12	54	78	0
Apr 16, 2014 19:44:13	69	87	0
Apr 16, 2014 19:44:14	78	78	0
Apr 16, 2014 19:44:15	75	69	0
Apr 16, 2014 19:44:16	75	57	0
Apr 16, 2014 19:44:17	50	47	0
Apr 16, 2014 19:44:18	44	50	0
Apr 16, 2014 19:44:19	48	50	0
Apr 16, 2014 19:44:20	63	54	0
Apr 16, 2014 19:44:21	74	69	0
Apr 16, 2014 19:44:22	78	67	0
Apr 16, 2014 19:44:23	78	77	0
Apr 16, 2014 19:44:24	70	84	0
Apr 16, 2014 19:44:25	77	84	0
Apr 16, 2014 19:44:26	74	88	0
Apr 16, 2014 19:44:27	77	87	0
Apr 16, 2014 19:44:28	67	94	0
Apr 16, 2014 19:44:29	60	90	0
Apr 16, 2014 19:44:30	61	88	0
Apr 16, 2014 19:44:32	56	80	0
Apr 16, 2014 19:44:33	51	77	0
Apr 16, 2014 19:44:34	60	77	0
Apr 16, 2014 19:44:35	63	70	0
Apr 16, 2014 19:44:36	67	74	0
Apr 16, 2014 19:44:37	80	57	0
Apr 16, 2014 19:44:38	78	60	0
Apr 16, 2014 19:44:39	75	66	0
Apr 16, 2014 19:44:40	47	77	0
Apr 16, 2014 19:44:41	44	70	0
Apr 16, 2014 19:44:42	47	63	0
Apr 16, 2014 19:44:43	69	57	0
Apr 16, 2014 19:44:44	74	57	0
Apr 16, 2014 19:44:45	64	69	0
Apr 16, 2014 19:44:46	66	70	0
Apr 16, 2014 19:44:47	56	77	0
Apr 16, 2014 19:44:48	57	67	0
Apr 16, 2014 19:44:49	60	63	0
Apr 16, 2014 19:44:50	50	57	0
Apr 16, 2014 19:44:51	43	56	0
Apr 16, 2014 19:44:52	48	61	0
Apr 16, 2014 19:44:53	53	61	0
Apr 16, 2014 19:44:54	54	70	0
Apr 16, 2014 19:44:55	74	80	0
Apr 16, 2014 19:44:56	61	83	0
Apr 16, 2014 19:44:57	64	81	0
Apr 16, 2014 19:44:58	64	80	0
Apr 16, 2014 19:44:59	43	77	0
Apr 16, 2014 19:45:00	53	70	0
Apr 16, 2014 19:45:01	50	66	0
Apr 16, 2014 19:45:02	66	64	0
Apr 16, 2014 19:45:03	80	67	0
Apr 16, 2014 19:45:05	87	60	0
Apr 16, 2014 19:45:06	96	63	0
Apr 16, 2014 19:45:07	90	54	0
Apr 16, 2014 19:45:08	61	61	0
Apr 16, 2014 19:45:09	56	69	0
Apr 16, 2014 19:45:10	47	77	0
Apr 16, 2014 19:45:11	50	70	0
Apr 16, 2014 19:45:12	61	70	0
Apr 16, 2014 19:45:13	63	64	0
Apr 16, 2014 19:45:14	75	69	0
Apr 16, 2014 19:45:15	74	70	0
Apr 16, 2014 19:45:16	51	78	0
Apr 16, 2014 19:45:17	48	74	0
Apr 16, 2014 19:45:18	41	66	0
Apr 16, 2014 19:45:19	53	67	0
Apr 16, 2014 19:45:20	63	66	0
Apr 16, 2014 19:45:21	64	64	0
Apr 16, 2014 19:45:22	74	63	0
Apr 16, 2014 19:45:23	64	48	0
Apr 16, 2014 19:45:24	70	44	0
Apr 16, 2014 19:45:25	67	41	0
Apr 16, 2014 19:45:26	66	48	0
Apr 16, 2014 19:45:27	74	61	0
Apr 16, 2014 19:45:28	64	61	0
Apr 16, 2014 19:45:29	67	69	0
Apr 16, 2014 19:45:30	57	78	0
Apr 16, 2014 19:45:31	51	80	0
Apr 16, 2014 19:45:32	61	91	0
Apr 16, 2014 19:45:33	61	87	0
Apr 16, 2014 19:45:34	74	78	0
Apr 16, 2014 19:45:35	84	70	0
Apr 16, 2014 19:45:36	90	66	0
Apr 16, 2014 19:45:38	87	56	0
Apr 16, 2014 19:45:39	83	57	0
Apr 16, 2014 19:45:40	75	67	0
Apr 16, 2014 19:45:41	63	61	0
Apr 16, 2014 19:45:42	50	61	0
Apr 16, 2014 19:45:43	51	64	0
Apr 16, 2014 19:45:44	50	53	0
Apr 16, 2014 19:45:45	63	56	0
Apr 16, 2014 19:45:46	63	63	0
Apr 16, 2014 19:45:47	61	61	0
Apr 16, 2014 19:45:48	48	63	0
Apr 16, 2014 19:45:49	47	67	0
Apr 16, 2014 19:45:50	50	64	0
Apr 16, 2014 19:45:51	40	44	0
Apr 16, 2014 19:45:52	54	50	0
Apr 16, 2014 19:45:53	37	29	0
Apr 16, 2014 19:45:54	30	23	0
Apr 16, 2014 19:45:55	41	26	0
Apr 16, 2014 19:45:56	40	10	0
Apr 16, 2014 19:45:57	57	38	0
Apr 16, 2014 19:45:58	57	34	0
Apr 16, 2014 19:45:59	50	56	0
Apr 16, 2014 19:46:00	53	70	0
Apr 16, 2014 19:46:01	50	56	0
Apr 16, 2014 19:46:02	57	74	0
Apr 16, 2014 19:46:03	57	54	0
Apr 16, 2014 19:46:04	43	57	0
Apr 16, 2014 19:46:05	27	63	0
Apr 16, 2014 19:46:06	34	70	0
Apr 16, 2014 19:46:07	41	56	0
Apr 16, 2014 19:46:09	50	64	0
Apr 16, 2014 19:46:10	70	61	0
Apr 16, 2014 19:46:11	69	64	0
Apr 16, 2014 19:46:12	70	77	0
Apr 16, 2014 19:46:13	56	75	0
Apr 16, 2014 19:46:14	43	78	0
Apr 16, 2014 19:46:15	51	75	0
Apr 16, 2014 19:46:16	44	75	0
Apr 16, 2014 19:46:17	53	77	0
Apr 16, 2014 19:46:18	47	57	0
Apr 16, 2014 19:46:19	41	57	0
Apr 16, 2014 19:46:20	44	56	0
Apr 16, 2014 19:46:21	41	56	0
Apr 16, 2014 19:46:22	50	77	0
Apr 16, 2014 19:46:23	51	80	0
Apr 16, 2014 19:46:24	43	61	0
Apr 16, 2014 19:46:25	57	57	0
Apr 16, 2014 19:46:26	67	53	0
Apr 16, 2014 19:46:27	50	50	0
Apr 16, 2014 19:46:28	56	57	0
Apr 16, 2014 19:46:29	51	56	0
Apr 16, 2014 19:46:30	50	48	0
Apr 16, 2014 19:46:31	69	54	0
Apr 16, 2014 19:46:32	60	60	0
Apr 16, 2014 19:46:33	67	64	0
Apr 16, 2014 19:46:34	66	53	0
Apr 16, 2014 19:46:35	57	51	0
Apr 16, 2014 19:46:36	67	61	0
Apr 16, 2014 19:46:37	70	57	0
Apr 16, 2014 19:46:38	80	63	0
Apr 16, 2014 19:46:39	81	61	0
Apr 16, 2014 19:46:41	80	60	0
Apr 16, 2014 19:46:42	78	74	0
Apr 16, 2014 19:46:43	50	61	0
Apr 16, 2014 19:46:44	61	57	0
Apr 16, 2014 19:46:45	56	63	0
Apr 16, 2014 19:46:46	38	43	0
Apr 16, 2014 19:46:47	43	56	0
Apr 16, 2014 19:46:48	37	70	0
Apr 16, 2014 19:46:49	38	70	0
Apr 16, 2014 19:46:50	43	93	0
Apr 16, 2014 19:46:51	51	100	0
Apr 16, 2014 19:46:52	57	96	0
Apr 16, 2014 19:46:53	60	84	0
Apr 16, 2014 19:46:54	70	78	0
Apr 16, 2014 19:46:55	75	70	0
Apr 16, 2014 19:46:56	75	78	0
Apr 16, 2014 19:46:57	69	75	0
Apr 16, 2014 19:46:58	74	70	0
Apr 16, 2014 19:46:59	66	60	0
Apr 16, 2014 19:47:00	63	63	0
Apr 16, 2014 19:47:01	54	67	0
Apr 16, 2014 19:47:02	57	69	0
Apr 16, 2014 19:47:03	54	63	0
Apr 16, 2014 19:47:04	66	77	0
Apr 16, 2014 19:47:05	67	66	0
Apr 16, 2014 19:47:06	69	61	0
Apr 16, 2014 19:47:07	69	57	0
Apr 16, 2014 19:47:08	56	37	0
Apr 16, 2014 19:47:09	40	26	0
Apr 16, 2014 19:47:10	35	35	0
Apr 16, 2014 19:47:12	54	29	0
Apr 16, 2014 19:47:13	66	35	0
Apr 16, 2014 19:47:14	80	54	0
Apr 16, 2014 19:47:15	74	34	0
Apr 16, 2014 19:47:16	50	30	0
Apr 16, 2014 19:47:17	48	34	0
Apr 16, 2014 19:47:18	56	27	0
Apr 16, 2014 19:47:19	53	34	0
Apr 16, 2014 19:47:20	61	50	0
Apr 16, 2014 19:47:21	61	57	0
Apr 16, 2014 19:47:22	56	56	0
Apr 16, 2014 19:47:23	54	70	0
Apr 16, 2014 19:47:24	61	69	0
Apr 16, 2014 19:47:25	57	70	0
Apr 16, 2014 19:47:26	35	57	0
Apr 16, 2014 19:47:27	34	34	0
Apr 16, 2014 19:47:28	17	35	0
Apr 16, 2014 19:47:29	38	48	0
Apr 16, 2014 19:47:30	48	50	0
Apr 16, 2014 19:47:31	61	63	0
Apr 16, 2014 19:47:32	83	64	0
Apr 16, 2014 19:47:33	94	56	0
Apr 16, 2014 19:47:34	83	57	0
Apr 16, 2014 19:47:35	78	57	0
Apr 16, 2014 19:47:36	74	47	0
Apr 16, 2014 19:47:37	70	51	0
Apr 16, 2014 19:47:38	77	53	0
Apr 16, 2014 19:47:39	77	48	0
Apr 16, 2014 19:47:40	84	47	0
Apr 16, 2014 19:47:41	74	51	0
Apr 16, 2014 19:47:42	81	57	0
Apr 16, 2014 19:47:44	88	63	0
Apr 16, 2014 19:47:45	70	74	0
Apr 16, 2014 19:47:46	80	69	0
Apr 16, 2014 19:47:47	78	50	0
Apr 16, 2014 19:47:48	67	63	0
Apr 16, 2014 19:47:49	87	64	0
Apr 16, 2014 19:47:50	70	57	0
Apr 16, 2014 19:47:51	67	70	0
Apr 16, 2014 19:47:52	75	70	0
Apr 16, 2014 19:47:53	75	66	0
Apr 16, 2014 19:47:54	80	77	0
Apr 16, 2014 19:47:55	66	87	0
Apr 16, 2014 19:47:56	50	74	0
Apr 16, 2014 19:47:57	63	69	0
Apr 16, 2014 19:47:58	75	53	0
Apr 16, 2014 19:47:59	78	69	0
Apr 16, 2014 19:48:00	80	66	0
Apr 16, 2014 19:48:01	63	48	0
Apr 16, 2014 19:48:02	41	60	0
Apr 16, 2014 19:48:03	50	53	0
Apr 16, 2014 19:48:04	47	57	0
Apr 16, 2014 19:48:05	60	87	0
Apr 16, 2014 19:48:06	70	77	0
Apr 16, 2014 19:48:07	64	70	0
Apr 16, 2014 19:48:08	50	70	0
Apr 16, 2014 19:48:09	38	47	0
Apr 16, 2014 19:48:10	41	53	0
Apr 16, 2014 19:48:11	48	66	0
Apr 16, 2014 19:48:12	63	51	0
Apr 16, 2014 19:48:13	77	78	0
Apr 16, 2014 19:48:14	74	84	0
Apr 16, 2014 19:48:16	53	80	0
Apr 16, 2014 19:48:17	47	88	0
Apr 16, 2014 19:48:18	44	75	0
Apr 16, 2014 19:48:19	43	75	0
Apr 16, 2014 19:48:20	64	81	0
Apr 16, 2014 19:48:21	78	90	0
Apr 16, 2014 19:48:22	77	74	0
Apr 16, 2014 19:48:23	90	64	0
Apr 16, 2014 19:48:24	53	40	0
Apr 16, 2014 19:48:25	69	51	0
Apr 16, 2014 19:48:26	57	43	0
Apr 16, 2014 19:48:27	63	50	0
Apr 16, 2014 19:48:28	53	51	0
Apr 16, 2014 19:48:29	17	35	0
Apr 16, 2014 19:48:30	13	41	0
Apr 16, 2014 19:48:31	23	47	0
Apr 16, 2014 19:48:32	40	50	0
Apr 16, 2014 19:48:33	51	74	0
Apr 16, 2014 19:48:34	67	67	0
Apr 16, 2014 19:48:35	63	60	0
Apr 16, 2014 19:48:36	54	61	0
Apr 16, 2014 19:48:37	61	57	0
Apr 16, 2014 19:48:38	50	63	0
Apr 16, 2014 19:48:39	61	64	0
Apr 16, 2014 19:48:40	77	56	0
Apr 16, 2014 19:48:41	87	63	0
Apr 16, 2014 19:48:42	93	61	0
Apr 16, 2014 19:48:43	91	54	0
Apr 16, 2014 19:48:44	74	50	0
Apr 16, 2014 19:48:45	74	40	0
Apr 16, 2014 19:48:46	70	51	0
Apr 16, 2014 19:48:47	66	57	0
Apr 16, 2014 19:48:48	63	74	0
Apr 16, 2014 19:48:50	60	75	0
Apr 16, 2014 19:48:51	50	63	0
Apr 16, 2014 19:48:52	34	56	0
Apr 16, 2014 19:48:53	41	69	0
Apr 16, 2014 19:48:54	43	67	0
Apr 16, 2014 19:48:55	70	70	0
Apr 16, 2014 19:48:56	61	60	0
Apr 16, 2014 19:48:57	54	60	0
Apr 16, 2014 19:48:58	69	61	0
Apr 16, 2014 19:48:59	48	60	0
Apr 16, 2014 19:49:00	53	54	0
Apr 16, 2014 19:49:01	54	54	0
Apr 16, 2014 19:49:02	43	51	0
Apr 16, 2014 19:49:03	54	51	0
Apr 16, 2014 19:49:04	53	47	0
Apr 16, 2014 19:49:05	47	48	0
Apr 16, 2014 19:49:06	53	54	0
Apr 16, 2014 19:49:07	41	48	0
Apr 16, 2014 19:49:08	48	54	0
Apr 16, 2014 19:49:09	53	48	0
Apr 16, 2014 19:49:10	47	50	0
Apr 16, 2014 19:49:11	70	48	0
Apr 16, 2014 19:49:12	66	50	0
Apr 16, 2014 19:49:13	67	50	0
Apr 16, 2014 19:49:14	57	37	0
Apr 16, 2014 19:49:15	41	47	0
Apr 16, 2014 19:49:16	47	53	0
Apr 16, 2014 19:49:17	38	41	0
Apr 16, 2014 19:49:18	48	60	0
Apr 16, 2014 19:49:19	48	50	0
Apr 16, 2014 19:49:21	54	69	0
Apr 16, 2014 19:49:22	50	64	0
Apr 16, 2014 19:49:23	54	78	0
Apr 16, 2014 19:49:24	69	67	0
Apr 16, 2014 19:49:25	70	70	0
Apr 16, 2014 19:49:26	83	74	0
Apr 16, 2014 19:49:27	80	64	0
Apr 16, 2014 19:49:28	66	63	0
Apr 16, 2014 19:49:29	63	61	0
Apr 16, 2014 19:49:30	60	61	0
Apr 16, 2014 19:49:31	63	66	0
Apr 16, 2014 19:49:32	78	63	0
Apr 16, 2014 19:49:33	70	66	0
Apr 16, 2014 19:49:34	70	66	0
Apr 16, 2014 19:49:35	81	61	0
Apr 16, 2014 19:49:36	61	69	0
Apr 16, 2014 19:49:37	57	74	0
Apr 16, 2014 19:49:38	38	80	0
Apr 16, 2014 19:49:39	23	64	0
Apr 16, 2014 19:49:40	30	66	0
Apr 16, 2014 19:49:41	43	57	0
Apr 16, 2014 19:49:42	56	63	0
Apr 16, 2014 19:49:43	75	63	0
Apr 16, 2014 19:49:44	75	63	0
Apr 16, 2014 19:49:45	64	67	0
Apr 16, 2014 19:49:46	61	66	0
Apr 16, 2014 19:49:47	57	83	0
Apr 16, 2014 19:49:48	60	69	0
Apr 16, 2014 19:49:49	74	64	0
Apr 16, 2014 19:49:50	64	50	0
Apr 16, 2014 19:49:51	64	50	0
Apr 16, 2014 19:49:52	63	54	0
Apr 16, 2014 19:49:53	61	51	0
Apr 16, 2014 19:49:55	66	53	0
Apr 16, 2014 19:49:56	54	56	0
Apr 16, 2014 19:49:57	60	51	0
Apr 16, 2014 19:49:58	50	51	0
Apr 16, 2014 19:49:59	41	56	0
Apr 16, 2014 19:50:00	50	50	0
Apr 16, 2014 19:50:01	43	44	0
Apr 16, 2014 19:50:02	51	48	0
Apr 16, 2014 19:50:03	57	48	0
Apr 16, 2014 19:50:04	61	61	0
Apr 16, 2014 19:50:05	67	66	0
Apr 16, 2014 19:50:06	80	64	0
Apr 16, 2014 19:50:07	83	67	0
Apr 16, 2014 19:50:08	88	69	0
Apr 16, 2014 19:50:09	81	78	0
Apr 16, 2014 19:50:10	61	83	0
Apr 16, 2014 19:50:11	75	74	0
Apr 16, 2014 19:50:12	67	70	0
Apr 16, 2014 19:50:13	83	67	0
Apr 16, 2014 19:50:14	96	54	0
Apr 16, 2014 19:50:15	87	56	0
Apr 16, 2014 19:50:16	93	38	0
Apr 16, 2014 19:50:17	69	38	0
Apr 16, 2014 19:50:18	53	43	0
Apr 16, 2014 19:50:19	40	61	0
Apr 16, 2014 19:50:20	51	47	0
Apr 16, 2014 19:50:21	47	53	0
Apr 16, 2014 19:50:22	57	47	0
Apr 16, 2014 19:50:23	57	40	0
Apr 16, 2014 19:50:24	63	50	0
Apr 16, 2014 19:50:25	54	57	0
Apr 16, 2014 19:50:27	56	64	0
Apr 16, 2014 19:50:28	61	74	0
Apr 16, 2014 19:50:29	56	87	0
Apr 16, 2014 19:50:30	56	90	0
Apr 16, 2014 19:50:31	50	96	0
Apr 16, 2014 19:50:32	34	77	0
Apr 16, 2014 19:50:33	27	61	0
Apr 16, 2014 19:50:34	53	51	0
Apr 16, 2014 19:50:35	53	51	25
Apr 16, 2014 19:50:36	50	47	0
Apr 16, 2014 19:50:37	56	61	0
Apr 16, 2014 19:50:38	44	53	0
Apr 16, 2014 19:50:39	17	57	0
Apr 16, 2014 19:50:40	1	56	0
Apr 16, 2014 19:50:41	16	61	0
Apr 16, 2014 19:50:42	41	77	0
Apr 16, 2014 19:50:43	64	78	0
Apr 16, 2014 19:50:44	77	70	0
Apr 16, 2014 19:50:45	67	70	0
Apr 16, 2014 19:50:46	60	74	25
Apr 16, 2014 19:50:47	60	74	26
Apr 16, 2014 19:50:48	50	70	0
Apr 16, 2014 19:50:49	34	69	0
Apr 16, 2014 19:50:50	35	63	0
Apr 16, 2014 19:50:51	41	56	0
Apr 16, 2014 19:50:52	40	56	0
Apr 16, 2014 19:50:53	40	56	0
Apr 16, 2014 19:50:54	54	60	0
Apr 16, 2014 19:50:55	43	57	0
Apr 16, 2014 19:50:56	44	63	0
Apr 16, 2014 19:50:57	50	50	0
Apr 16, 2014 19:50:59	53	54	0
Apr 16, 2014 19:51:00	70	48	0
Apr 16, 2014 19:51:01	69	53	0
Apr 16, 2014 19:51:02	75	64	0
Apr 16, 2014 19:51:03	70	67	0
Apr 16, 2014 19:51:04	60	77	0
Apr 16, 2014 19:51:05	60	60	0
Apr 16, 2014 19:51:06	53	54	0
Apr 16, 2014 19:51:07	44	50	0
Apr 16, 2014 19:51:08	50	53	0
Apr 16, 2014 19:51:09	44	47	0
Apr 16, 2014 19:51:10	50	54	0
Apr 16, 2014 19:51:11	57	48	0
Apr 16, 2014 19:51:12	56	50	0
Apr 16, 2014 19:51:13	67	60	0
Apr 16, 2014 19:51:14	63	54	0
Apr 16, 2014 19:51:15	70	51	0
Apr 16, 2014 19:51:16	64	50	0
Apr 16, 2014 19:51:17	60	54	0
Apr 16, 2014 19:51:18	56	56	0
Apr 16, 2014 19:51:19	30	38	0
Apr 16, 2014 19:51:20	41	40	0
Apr 16, 2014 19:51:21	50	51	0
Apr 16, 2014 19:51:22	50	48	0
Apr 16, 2014 19:51:23	74	63	0
Apr 16, 2014 19:51:24	77	50	0
Apr 16, 2014 19:51:25	77	44	0
Apr 16, 2014 19:51:26	74	43	0
Apr 16, 2014 19:51:27	70	50	0
Apr 16, 2014 19:51:28	61	56	0
Apr 16, 2014 19:51:29	61	53	0
Apr 16, 2014 19:51:30	69	56	0
Apr 16, 2014 19:51:32	60	40	0
Apr 16, 2014 19:51:33	60	50	0
Apr 16, 2014 19:51:34	64	47	0
Apr 16, 2014 19:51:35	64	50	0
Apr 16, 2014 19:51:36	69	61	0
Apr 16, 2014 19:51:37	78	64	0
Apr 16, 2014 19:51:38	78	64	0
Apr 16, 2014 19:51:39	81	53	0
Apr 16, 2014 19:51:40	91	41	0
Apr 16, 2014 19:51:41	81	40	0
Apr 16, 2014 19:51:42	74	43	0
Apr 16, 2014 19:51:43	60	75	0
Apr 16, 2014 19:51:44	56	61	0
Apr 16, 2014 19:51:45	61	54	0
Apr 16, 2014 19:51:46	53	44	0
Apr 16, 2014 19:51:47	60	48	0
Apr 16, 2014 19:51:48	66	60	0
Apr 16, 2014 19:51:49	66	67	0
Apr 16, 2014 19:51:50	78	74	0
Apr 16, 2014 19:51:51	64	63	0
Apr 16, 2014 19:51:52	70	69	0
Apr 16, 2014 19:51:53	70	69	0
Apr 16, 2014 19:51:54	74	61	0
Apr 16, 2014 19:51:55	87	61	0
Apr 16, 2014 19:51:56	83	50	0
Apr 16, 2014 19:51:57	80	50	0
Apr 16, 2014 19:51:58	70	57	0
Apr 16, 2014 19:51:59	78	53	0
Apr 16, 2014 19:52:00	78	53	25
Apr 16, 2014 19:52:01	70	54	0
Apr 16, 2014 19:52:02	53	53	0
Apr 16, 2014 19:52:04	50	35	0
Apr 16, 2014 19:52:05	47	43	0
Apr 16, 2014 19:52:06	50	44	0
Apr 16, 2014 19:52:07	64	38	0
Apr 16, 2014 19:52:08	87	53	0
Apr 16, 2014 19:52:09	70	48	0
Apr 16, 2014 19:52:10	64	41	0
Apr 16, 2014 19:52:11	48	40	0
Apr 16, 2014 19:52:12	53	51	0
Apr 16, 2014 19:52:13	53	51	0
Apr 16, 2014 19:52:14	56	54	0
Apr 16, 2014 19:52:15	63	56	0
Apr 16, 2014 19:52:16	54	35	0
Apr 16, 2014 19:52:17	47	40	0
Apr 16, 2014 19:52:18	53	44	0
Apr 16, 2014 19:52:19	51	48	0
Apr 16, 2014 19:52:20	69	60	0
Apr 16, 2014 19:52:21	70	53	0
Apr 16, 2014 19:52:22	64	56	0
Apr 16, 2014 19:52:23	77	53	0
Apr 16, 2014 19:52:24	67	56	0
Apr 16, 2014 19:52:25	64	57	0
Apr 16, 2014 19:52:26	57	56	0
Apr 16, 2014 19:52:27	44	60	0
Apr 16, 2014 19:52:28	53	56	0
Apr 16, 2014 19:52:29	56	48	0
Apr 16, 2014 19:52:30	67	48	0
Apr 16, 2014 19:52:31	75	43	0
Apr 16, 2014 19:52:32	64	51	0
Apr 16, 2014 19:52:33	64	51	0
Apr 16, 2014 19:52:34	61	60	0
Apr 16, 2014 19:52:36	44	61	0
Apr 16, 2014 19:52:37	54	61	0
Apr 16, 2014 19:52:38	54	56	0
Apr 16, 2014 19:52:39	53	40	0
Apr 16, 2014 19:52:40	44	35	0
Apr 16, 2014 19:52:41	48	44	0
Apr 16, 2014 19:52:42	69	54	0
Apr 16, 2014 19:52:43	69	57	0
Apr 16, 2014 19:52:44	80	61	0
Apr 16, 2014 19:52:45	74	56	0
Apr 16, 2014 19:52:46	54	51	0
Apr 16, 2014 19:52:47	56	57	0
Apr 16, 2014 19:52:48	56	56	0
Apr 16, 2014 19:52:49	60	64	0
Apr 16, 2014 19:52:50	69	56	0
Apr 16, 2014 19:52:51	80	60	0
Apr 16, 2014 19:52:52	74	61	0
Apr 16, 2014 19:52:53	64	48	0
Apr 16, 2014 19:52:54	77	60	0
Apr 16, 2014 19:52:55	87	54	0
Apr 16, 2014 19:52:56	93	44	0
Apr 16, 2014 19:52:57	94	44	0
Apr 16, 2014 19:52:58	93	48	0
Apr 16, 2014 19:52:59	81	44	0
Apr 16, 2014 19:53:00	70	54	0
Apr 16, 2014 19:53:01	78	53	0
Apr 16, 2014 19:53:02	74	51	0
Apr 16, 2014 19:53:03	80	61	0
Apr 16, 2014 19:53:04	84	67	0
Apr 16, 2014 19:53:05	80	69	0
Apr 16, 2014 19:53:06	67	74	0
Apr 16, 2014 19:53:08	70	66	0
Apr 16, 2014 19:53:09	63	66	0
Apr 16, 2014 19:53:10	47	69	0
Apr 16, 2014 19:53:11	60	74	0
Apr 16, 2014 19:53:12	57	75	0
Apr 16, 2014 19:53:13	63	77	0
Apr 16, 2014 19:53:14	56	67	0
Apr 16, 2014 19:53:15	47	56	0
Apr 16, 2014 19:53:16	44	61	0
Apr 16, 2014 19:53:17	56	66	0
Apr 16, 2014 19:53:18	70	66	0
Apr 16, 2014 19:53:19	84	69	0
Apr 16, 2014 19:53:20	87	61	0
Apr 16, 2014 19:53:21	74	54	0
Apr 16, 2014 19:53:22	77	61	0
Apr 16, 2014 19:53:23	66	64	0
Apr 16, 2014 19:53:24	63	61	0
Apr 16, 2014 19:53:25	75	51	0
Apr 16, 2014 19:53:26	67	47	0
Apr 16, 2014 19:53:27	74	41	0
Apr 16, 2014 19:53:28	80	51	0
Apr 16, 2014 19:53:29	77	63	0
Apr 16, 2014 19:53:30	69	61	0
Apr 16, 2014 19:53:31	70	47	0
Apr 16, 2014 19:53:32	64	35	0
Apr 16, 2014 19:53:33	53	29	0
Apr 16, 2014 19:53:34	63	38	0
Apr 16, 2014 19:53:35	57	56	0
Apr 16, 2014 19:53:36	66	74	0
Apr 16, 2014 19:53:37	61	75	0
Apr 16, 2014 19:53:38	61	74	0
Apr 16, 2014 19:53:39	75	67	0
Apr 16, 2014 19:53:41	78	53	0
Apr 16, 2014 19:53:42	83	50	0
Apr 16, 2014 19:53:43	93	40	0
Apr 16, 2014 19:53:44	84	43	0
Apr 16, 2014 19:53:45	78	60	0
Apr 16, 2014 19:53:46	81	56	0
Apr 16, 2014 19:53:47	77	77	0
Apr 16, 2014 19:53:48	75	75	0
Apr 16, 2014 19:53:49	87	64	0
Apr 16, 2014 19:53:50	77	69	0
Apr 16, 2014 19:53:51	74	54	0
Apr 16, 2014 19:53:52	70	69	0
Apr 16, 2014 19:53:53	61	78	0
Apr 16, 2014 19:53:54	80	64	0
Apr 16, 2014 19:53:55	80	64	0
Apr 16, 2014 19:53:56	77	48	0
Apr 16, 2014 19:53:57	83	57	0
Apr 16, 2014 19:53:58	75	64	0
Apr 16, 2014 19:53:59	78	66	0
Apr 16, 2014 19:54:00	66	75	0
Apr 16, 2014 19:54:01	75	64	0
Apr 16, 2014 19:54:02	77	66	0
Apr 16, 2014 19:54:03	80	44	0
Apr 16, 2014 19:54:04	64	34	0
Apr 16, 2014 19:54:05	41	20	0
Apr 16, 2014 19:54:06	38	37	0
Apr 16, 2014 19:54:07	34	38	0
Apr 16, 2014 19:54:08	44	37	0
Apr 16, 2014 19:54:09	51	38	0
Apr 16, 2014 19:54:10	64	47	0
Apr 16, 2014 19:54:12	67	44	0
Apr 16, 2014 19:54:13	74	47	0
Apr 16, 2014 19:54:14	80	56	0
Apr 16, 2014 19:54:15	66	47	0
Apr 16, 2014 19:54:16	67	43	0
Apr 16, 2014 19:54:17	57	54	0
Apr 16, 2014 19:54:18	43	41	0
Apr 16, 2014 19:54:19	37	51	0
Apr 16, 2014 19:54:20	24	60	0
Apr 16, 2014 19:54:21	14	53	0
Apr 16, 2014 19:54:22	30	64	0
Apr 16, 2014 19:54:23	35	48	0
Apr 16, 2014 19:54:24	40	44	0
Apr 16, 2014 19:54:25	41	47	0
Apr 16, 2014 19:54:26	38	57	0
Apr 16, 2014 19:54:27	47	63	0
Apr 16, 2014 19:54:28	48	64	0
Apr 16, 2014 19:54:29	64	64	0
Apr 16, 2014 19:54:30	64	56	0
Apr 16, 2014 19:54:31	77	69	0
Apr 16, 2014 19:54:32	69	66	0
Apr 16, 2014 19:54:33	74	61	0
Apr 16, 2014 19:54:34	63	40	0
Apr 16, 2014 19:54:35	56	13	0
Apr 16, 2014 19:54:36	44	17	0
Apr 16, 2014 19:54:37	44	34	0
Apr 16, 2014 19:54:38	60	48	0
Apr 16, 2014 19:54:39	78	64	0
Apr 16, 2014 19:54:40	87	67	0
Apr 16, 2014 19:54:41	78	69	0
Apr 16, 2014 19:54:42	69	84	0
Apr 16, 2014 19:54:44	70	84	0
Apr 16, 2014 19:54:45	81	75	0
Apr 16, 2014 19:54:46	91	64	0
Apr 16, 2014 19:54:47	94	53	0
Apr 16, 2014 19:54:48	75	44	0
Apr 16, 2014 19:54:49	66	47	0
Apr 16, 2014 19:54:50	60	50	0
Apr 16, 2014 19:54:51	40	54	0
Apr 16, 2014 19:54:52	43	56	0
Apr 16, 2014 19:54:53	43	61	0
Apr 16, 2014 19:54:54	44	57	0
Apr 16, 2014 19:54:55	57	54	0
Apr 16, 2014 19:54:56	69	60	0
Apr 16, 2014 19:54:57	80	63	0
Apr 16, 2014 19:54:58	63	53	0
Apr 16, 2014 19:54:59	47	43	0
Apr 16, 2014 19:55:00	35	47	0
Apr 16, 2014 19:55:01	57	51	0
Apr 16, 2014 19:55:02	69	64	0
Apr 16, 2014 19:55:03	74	57	0
Apr 16, 2014 19:55:04	83	50	0
Apr 16, 2014 19:55:05	77	53	0
Apr 16, 2014 19:55:06	77	53	0
Apr 16, 2014 19:55:07	75	54	0
Apr 16, 2014 19:55:08	56	60	0
Apr 16, 2014 19:55:09	43	51	0
Apr 16, 2014 19:55:10	38	47	0
Apr 16, 2014 19:55:11	29	51	0
Apr 16, 2014 19:55:12	57	51	0
Apr 16, 2014 19:55:13	74	56	0
Apr 16, 2014 19:55:14	74	53	0
Apr 16, 2014 19:55:16	78	50	0
Apr 16, 2014 19:55:17	60	57	0
Apr 16, 2014 19:55:18	66	61	0
Apr 16, 2014 19:55:19	74	54	0
Apr 16, 2014 19:55:20	77	57	0
Apr 16, 2014 19:55:21	84	44	0
Apr 16, 2014 19:55:22	64	44	0
Apr 16, 2014 19:55:23	56	60	0
Apr 16, 2014 19:55:24	51	60	0
Apr 16, 2014 19:55:25	54	40	0
Apr 16, 2014 19:55:26	70	40	0
Apr 16, 2014 19:55:27	69	35	0
Apr 16, 2014 19:55:28	57	44	0
Apr 16, 2014 19:55:29	54	35	0
Apr 16, 2014 19:55:30	70	38	0
Apr 16, 2014 19:55:31	83	50	0
Apr 16, 2014 19:55:32	84	56	0
Apr 16, 2014 19:55:33	81	66	0
Apr 16, 2014 19:55:34	67	67	0
Apr 16, 2014 19:55:35	66	77	0
Apr 16, 2014 19:55:36	63	69	0
Apr 16, 2014 19:55:37	74	74	0
Apr 16, 2014 19:55:38	75	74	0
Apr 16, 2014 19:55:39	61	63	0
Apr 16, 2014 19:55:40	63	60	0
Apr 16, 2014 19:55:41	75	48	0
Apr 16, 2014 19:55:42	77	37	0
Apr 16, 2014 19:55:43	83	38	0
Apr 16, 2014 19:55:44	81	47	0
Apr 16, 2014 19:55:45	60	56	0
Apr 16, 2014 19:55:46	57	64	0
Apr 16, 2014 19:55:48	56	67	0
Apr 16, 2014 19:55:49	60	66	0
Apr 16, 2014 19:55:50	63	60	0
Apr 16, 2014 19:55:51	56	66	0
Apr 16, 2014 19:55:52	63	67	0
Apr 16, 2014 19:55:53	63	67	0
Apr 16, 2014 19:55:54	51	69	0
Apr 16, 2014 19:55:55	51	77	0
Apr 16, 2014 19:55:56	60	78	0
Apr 16, 2014 19:55:57	50	80	0
Apr 16, 2014 19:55:58	51	63	0
Apr 16, 2014 19:55:59	56	61	0
Apr 16, 2014 19:56:00	60	60	0
Apr 16, 2014 19:56:01	64	56	0
Apr 16, 2014 19:56:02	56	54	0
Apr 16, 2014 19:56:03	47	57	0
Apr 16, 2014 19:56:04	54	50	0
Apr 16, 2014 19:56:05	51	53	0
Apr 16, 2014 19:56:06	44	60	0
Apr 16, 2014 19:56:07	48	56	0
Apr 16, 2014 19:56:08	29	66	0
Apr 16, 2014 19:56:09	44	60	0
Apr 16, 2014 19:56:10	37	54	0
Apr 16, 2014 19:56:11	41	47	0
Apr 16, 2014 19:56:12	47	48	0
Apr 16, 2014 19:56:13	43	47	0
Apr 16, 2014 19:56:14	64	50	0
Apr 16, 2014 19:56:15	53	61	0
Apr 16, 2014 19:56:16	44	56	0
Apr 16, 2014 19:56:17	30	66	0
Apr 16, 2014 19:56:19	13	60	0
Apr 16, 2014 19:56:20	24	51	0
Apr 16, 2014 19:56:21	35	47	0
Apr 16, 2014 19:56:22	38	43	0
Apr 16, 2014 19:56:23	50	57	0
Apr 16, 2014 19:56:24	53	69	0
Apr 16, 2014 19:56:25	47	80	0
Apr 16, 2014 19:56:26	54	70	0
Apr 16, 2014 19:56:27	41	61	0
Apr 16, 2014 19:56:28	41	61	26
Apr 16, 2014 19:56:29	41	63	0
Apr 16, 2014 19:56:30	43	53	0
Apr 16, 2014 19:56:31	50	67	0
Apr 16, 2014 19:56:32	61	67	0
Apr 16, 2014 19:56:33	54	64	0
Apr 16, 2014 19:56:34	51	69	0
Apr 16, 2014 19:56:35	47	70	0
Apr 16, 2014 19:56:36	43	77	0
Apr 16, 2014 19:56:37	43	78	0
Apr 16, 2014 19:56:38	48	74	0
Apr 16, 2014 19:56:39	44	60	0
Apr 16, 2014 19:56:40	37	60	0
Apr 16, 2014 19:56:41	34	51	0
Apr 16, 2014 19:56:42	35	38	0
Apr 16, 2014 19:56:43	24	30	0
Apr 16, 2014 19:56:44	37	34	0
Apr 16, 2014 19:56:45	51	35	0
Apr 16, 2014 19:56:46	51	53	0
Apr 16, 2014 19:56:47	69	67	0
Apr 16, 2014 19:56:48	63	63	0
Apr 16, 2014 19:56:49	51	63	0
Apr 16, 2014 19:56:50	48	44	0
Apr 16, 2014 19:56:52	54	27	0
Apr 16, 2014 19:56:53	70	24	0
Apr 16, 2014 19:56:54	83	24	0
Apr 16, 2014 19:56:55	84	17	0
Apr 16, 2014 19:56:56	78	26	0
Apr 16, 2014 19:56:57	60	16	0
Apr 16, 2014 19:56:58	60	26	0
Apr 16, 2014 19:56:59	51	35	0
Apr 16, 2014 19:57:00	41	40	0
Apr 16, 2014 19:57:01	34	54	0
Apr 16, 2014 19:57:02	23	53	0
Apr 16, 2014 19:57:03	17	57	0
Apr 16, 2014 19:57:04	29	56	0
Apr 16, 2014 19:57:05	43	51	0
Apr 16, 2014 19:57:06	43	56	0
Apr 16, 2014 19:57:07	41	66	0
Apr 16, 2014 19:57:08	40	63	0
Apr 16, 2014 19:57:09	20	63	0
Apr 16, 2014 19:57:10	16	63	0
Apr 16, 2014 19:57:11	21	63	0
Apr 16, 2014 19:57:12	20	77	0
Apr 16, 2014 19:57:13	40	81	0
Apr 16, 2014 19:57:14	51	78	0
Apr 16, 2014 19:57:15	54	66	0
Apr 16, 2014 19:57:16	63	60	0
Apr 16, 2014 19:57:17	57	64	0
Apr 16, 2014 19:57:18	57	57	0
Apr 16, 2014 19:57:19	48	61	0
Apr 16, 2014 19:57:20	54	50	0
Apr 16, 2014 19:57:21	48	54	0
Apr 16, 2014 19:57:22	35	48	0
Apr 16, 2014 19:57:24	35	48	26
Apr 16, 2014 19:57:25	37	29	0
Apr 16, 2014 19:57:26	38	41	0
Apr 16, 2014 19:57:27	43	35	0
Apr 16, 2014 19:57:28	57	48	0
Apr 16, 2014 19:57:29	57	56	0
Apr 16, 2014 19:57:30	51	50	0
Apr 16, 2014 19:57:31	43	40	0
Apr 16, 2014 19:57:32	41	37	0
Apr 16, 2014 19:57:33	43	37	0
Apr 16, 2014 19:57:34	48	50	0
Apr 16, 2014 19:57:35	57	61	0
Apr 16, 2014 19:57:36	50	60	0
Apr 16, 2014 19:57:37	53	50	0
Apr 16, 2014 19:57:38	44	38	0
Apr 16, 2014 19:57:39	35	34	0
Apr 16, 2014 19:57:40	40	48	0
Apr 16, 2014 19:57:41	34	63	0
Apr 16, 2014 19:57:42	35	74	0
Apr 16, 2014 19:57:43	38	81	0
Apr 16, 2014 19:57:44	38	67	0
Apr 16, 2014 19:57:45	24	57	0
Apr 16, 2014 19:57:46	13	26	0
Apr 16, 2014 19:57:47	7	23	0
Apr 16, 2014 19:57:48	16	37	0
Apr 16, 2014 19:57:49	38	53	0
Apr 16, 2014 19:57:50	38	64	0
Apr 16, 2014 19:57:51	43	75	0
Apr 16, 2014 19:57:52	56	67	0
Apr 16, 2014 19:57:53	50	78	0
Apr 16, 2014 19:57:54	54	74	0
Apr 16, 2014 19:57:56	61	80	0
Apr 16, 2014 19:57:57	54	90	0
Apr 16, 2014 19:57:58	44	60	0
Apr 16, 2014 19:57:59	61	54	0
Apr 16, 2014 19:58:00	66	47	0
Apr 16, 2014 19:58:01	70	41	0
Apr 16, 2014 19:58:02	70	41	51
Apr 16, 2014 19:58:03	70	41	25
Apr 16, 2014 19:58:04	83	64	0
Apr 16, 2014 19:58:05	69	78	0
Apr 16, 2014 19:58:06	69	78	0
Apr 16, 2014 19:58:07	69	66	0
Apr 16, 2014 19:58:08	69	66	26
Apr 16, 2014 19:58:09	67	60	0
Apr 16, 2014 19:58:10	64	57	0
Apr 16, 2014 19:58:11	57	43	0
Apr 16, 2014 19:58:12	57	43	26
Apr 16, 2014 19:58:13	63	56	0
Apr 16, 2014 19:58:14	75	60	0
Apr 16, 2014 19:58:15	74	64	0
Apr 16, 2014 19:58:16	78	74	0
Apr 16, 2014 19:58:17	78	66	0
Apr 16, 2014 19:58:18	74	47	0
Apr 16, 2014 19:58:19	64	43	0
Apr 16, 2014 19:58:20	66	43	0
Apr 16, 2014 19:58:21	51	37	0
Apr 16, 2014 19:58:22	51	43	0
Apr 16, 2014 19:58:23	56	61	0
Apr 16, 2014 19:58:24	40	50	0
Apr 16, 2014 19:58:25	50	57	0
Apr 16, 2014 19:58:26	60	57	0
Apr 16, 2014 19:58:27	56	43	0
Apr 16, 2014 19:58:28	64	53	0
Apr 16, 2014 19:58:29	56	53	0
Apr 16, 2014 19:58:31	53	66	0
Apr 16, 2014 19:58:32	66	57	0
Apr 16, 2014 19:58:33	64	63	0
Apr 16, 2014 19:58:34	69	56	0
Apr 16, 2014 19:58:35	69	29	0
Apr 16, 2014 19:58:36	50	50	0
Apr 16, 2014 19:58:37	56	51	0
Apr 16, 2014 19:58:38	54	64	0
Apr 16, 2014 19:58:39	64	84	0
Apr 16, 2014 19:58:40	77	70	0
Apr 16, 2014 19:58:41	74	69	0
Apr 16, 2014 19:58:42	81	57	0
Apr 16, 2014 19:58:43	80	43	0
Apr 16, 2014 19:58:44	81	50	0
Apr 16, 2014 19:58:45	83	53	0
Apr 16, 2014 19:58:46	81	53	0
Apr 16, 2014 19:58:47	69	64	0
Apr 16, 2014 19:58:48	66	60	0
Apr 16, 2014 19:58:49	54	78	0
Apr 16, 2014 19:58:50	64	78	0
Apr 16, 2014 19:58:51	67	74	0
Apr 16, 2014 19:58:52	69	87	0
Apr 16, 2014 19:58:53	80	83	0
Apr 16, 2014 19:58:54	66	70	0
Apr 16, 2014 19:58:55	61	75	0
Apr 16, 2014 19:58:56	61	48	0
Apr 16, 2014 19:58:57	57	47	0
Apr 16, 2014 19:58:58	64	70	0
Apr 16, 2014 19:58:59	57	75	0
Apr 16, 2014 19:59:00	64	81	0
Apr 16, 2014 19:59:01	70	77	0
Apr 16, 2014 19:59:02	70	64	0
Apr 16, 2014 19:59:03	70	54	0
Apr 16, 2014 19:59:04	70	54	51
Apr 16, 2014 19:59:05	60	57	0
Apr 16, 2014 19:59:06	50	61	0
Apr 16, 2014 19:59:08	41	63	0
Apr 16, 2014 19:59:09	40	70	0
Apr 16, 2014 19:59:10	48	78	0
Apr 16, 2014 19:59:11	53	66	0
Apr 16, 2014 19:59:12	47	57	0
Apr 16, 2014 19:59:13	53	67	0
Apr 16, 2014 19:59:14	47	61	0
Apr 16, 2014 19:59:15	48	66	0
Apr 16, 2014 19:59:16	57	66	0
Apr 16, 2014 19:59:17	56	51	0
Apr 16, 2014 19:59:18	53	66	0
Apr 16, 2014 19:59:19	44	60	0
Apr 16, 2014 19:59:20	54	69	0
Apr 16, 2014 19:59:21	60	60	0
Apr 16, 2014 19:59:22	69	69	0
Apr 16, 2014 19:59:23	75	77	0
Apr 16, 2014 19:59:24	69	69	0
Apr 16, 2014 19:59:25	74	67	0
Apr 16, 2014 19:59:26	69	69	0
Apr 16, 2014 19:59:27	61	63	0
Apr 16, 2014 19:59:28	64	63	0
Apr 16, 2014 19:59:29	61	70	0
Apr 16, 2014 19:59:30	60	66	0
Apr 16, 2014 19:59:31	69	64	0
Apr 16, 2014 19:59:32	77	61	0
Apr 16, 2014 19:59:33	87	47	0
Apr 16, 2014 19:59:34	81	47	0
Apr 16, 2014 19:59:35	63	47	0
Apr 16, 2014 19:59:36	56	44	0
Apr 16, 2014 19:59:37	57	41	0
Apr 16, 2014 19:59:38	67	43	0
Apr 16, 2014 19:59:39	78	56	0
Apr 16, 2014 19:59:40	81	57	0
Apr 16, 2014 19:59:41	74	74	0
Apr 16, 2014 19:59:43	66	70	0
Apr 16, 2014 19:59:44	47	56	0
Apr 16, 2014 19:59:45	30	41	0
Apr 16, 2014 19:59:46	34	35	0
Apr 16, 2014 19:59:47	44	26	0
Apr 16, 2014 19:59:48	67	35	0
Apr 16, 2014 19:59:49	80	57	0
Apr 16, 2014 19:59:50	81	64	0
Apr 16, 2014 19:59:51	84	63	0
Apr 16, 2014 19:59:52	90	47	0
Apr 16, 2014 19:59:53	63	63	0
Apr 16, 2014 19:59:54	70	54	0
Apr 16, 2014 19:59:55	70	60	0
Apr 16, 2014 19:59:56	57	78	0
Apr 16, 2014 19:59:57	67	64	0
Apr 16, 2014 19:59:58	44	56	0
Apr 16, 2014 19:59:59	29	54	0
Apr 16, 2014 20:00:00	44	37	0
Apr 16, 2014 20:00:01	37	41	0
Apr 16, 2014 20:00:02	43	63	0
Apr 16, 2014 20:00:03	57	57	0
Apr 16, 2014 20:00:04	54	74	0
Apr 16, 2014 20:00:05	67	69	0
Apr 16, 2014 20:00:06	78	64	0
Apr 16, 2014 20:00:07	81	69	0
Apr 16, 2014 20:00:08	90	48	0
Apr 16, 2014 20:00:09	69	40	0
Apr 16, 2014 20:00:10	78	35	0
Apr 16, 2014 20:00:11	67	37	0
Apr 16, 2014 20:00:12	60	41	0
Apr 16, 2014 20:00:13	91	54	0
Apr 16, 2014 20:00:14	78	38	0
Apr 16, 2014 20:00:15	83	27	0
Apr 16, 2014 20:00:16	77	37	0
Apr 16, 2014 20:00:17	57	34	0
Apr 16, 2014 20:00:18	61	43	0
Apr 16, 2014 20:00:20	51	38	0
Apr 16, 2014 20:00:21	34	44	0
Apr 16, 2014 20:00:22	30	27	0
Apr 16, 2014 20:00:23	30	35	0
Apr 16, 2014 20:00:24	34	30	0
Apr 16, 2014 20:00:25	40	38	0
Apr 16, 2014 20:00:26	11	43	0
Apr 16, 2014 20:00:27	20	51	0
Apr 16, 2014 20:00:28	37	54	0
Apr 16, 2014 20:00:29	56	69	0
Apr 16, 2014 20:00:30	78	70	0
Apr 16, 2014 20:00:31	78	70	0
Apr 16, 2014 20:00:32	63	56	0
Apr 16, 2014 20:00:33	63	56	0
Apr 16, 2014 20:00:34	37	44	0
Apr 16, 2014 20:00:35	27	50	0
Apr 16, 2014 20:00:36	40	67	0
Apr 16, 2014 20:00:37	29	74	0
Apr 16, 2014 20:00:38	53	84	0
Apr 16, 2014 20:00:39	57	78	0
Apr 16, 2014 20:00:40	63	75	0
Apr 16, 2014 20:00:41	57	70	0
Apr 16, 2014 20:00:42	60	77	0
Apr 16, 2014 20:00:43	64	70	0
Apr 16, 2014 20:00:44	63	69	0
Apr 16, 2014 20:00:45	69	64	0
Apr 16, 2014 20:00:46	67	54	0
Apr 16, 2014 20:00:47	57	60	0
Apr 16, 2014 20:00:48	67	50	0
Apr 16, 2014 20:00:49	60	57	0
Apr 16, 2014 20:00:50	56	54	0
Apr 16, 2014 20:00:51	53	51	0
Apr 16, 2014 20:00:52	48	53	0
Apr 16, 2014 20:00:54	60	48	0
Apr 16, 2014 20:00:55	57	47	0
Apr 16, 2014 20:00:56	64	47	0
Apr 16, 2014 20:00:57	64	53	0
Apr 16, 2014 20:00:58	56	60	0
Apr 16, 2014 20:00:59	69	64	0
Apr 16, 2014 20:01:00	50	38	0
Apr 16, 2014 20:01:01	48	29	0
Apr 16, 2014 20:01:02	48	35	0
Apr 16, 2014 20:01:03	48	41	0
Apr 16, 2014 20:01:04	41	41	0
Apr 16, 2014 20:01:05	38	48	0
Apr 16, 2014 20:01:06	34	54	0
Apr 16, 2014 20:01:07	29	40	0
Apr 16, 2014 20:01:08	53	63	0
Apr 16, 2014 20:01:09	54	53	0
Apr 16, 2014 20:01:10	61	51	0
Apr 16, 2014 20:01:11	57	56	0
Apr 16, 2014 20:01:12	54	64	0
Apr 16, 2014 20:01:13	48	81	0
Apr 16, 2014 20:01:14	51	54	0
Apr 16, 2014 20:01:15	56	61	0
Apr 16, 2014 20:01:16	53	30	0
Apr 16, 2014 20:01:17	84	14	0
Apr 16, 2014 20:01:18	87	38	0
Apr 16, 2014 20:01:19	81	21	0
Apr 16, 2014 20:01:20	96	34	0
Apr 16, 2014 20:01:21	88	41	0
Apr 16, 2014 20:01:22	91	47	0
Apr 16, 2014 20:01:23	78	50	0
Apr 16, 2014 20:01:24	78	50	0
Apr 16, 2014 20:01:25	80	47	0
Apr 16, 2014 20:01:26	67	40	0
Apr 16, 2014 20:01:27	70	50	0
Apr 16, 2014 20:01:28	75	47	0
Apr 16, 2014 20:01:29	70	41	0
Apr 16, 2014 20:01:31	81	47	0
Apr 16, 2014 20:01:32	80	35	0
Apr 16, 2014 20:01:33	48	44	0
Apr 16, 2014 20:01:34	29	40	0
Apr 16, 2014 20:01:35	34	40	0
Apr 16, 2014 20:01:36	34	41	0
Apr 16, 2014 20:01:37	54	35	0
Apr 16, 2014 20:01:38	67	43	0
Apr 16, 2014 20:01:39	70	44	0
Apr 16, 2014 20:01:40	75	50	0
Apr 16, 2014 20:01:41	57	50	0
Apr 16, 2014 20:01:42	60	63	0
Apr 16, 2014 20:01:43	57	70	0
Apr 16, 2014 20:01:44	54	80	0
Apr 16, 2014 20:01:45	77	77	0
Apr 16, 2014 20:01:46	77	44	0
Apr 16, 2014 20:01:47	54	34	0
Apr 16, 2014 20:01:48	51	26	0
Apr 16, 2014 20:01:49	43	37	0
Apr 16, 2014 20:01:50	27	61	0
Apr 16, 2014 20:01:51	48	67	0
Apr 16, 2014 20:01:52	38	48	0
Apr 16, 2014 20:01:53	34	51	0
Apr 16, 2014 20:01:54	48	35	0
Apr 16, 2014 20:01:55	35	37	0
Apr 16, 2014 20:01:56	43	61	0
Apr 16, 2014 20:01:57	63	56	0
Apr 16, 2014 20:01:58	74	69	0
Apr 16, 2014 20:01:59	87	70	0
Apr 16, 2014 20:02:00	84	57	0
Apr 16, 2014 20:02:01	54	37	0
Apr 16, 2014 20:02:02	48	50	0
Apr 16, 2014 20:02:03	40	40	0
Apr 16, 2014 20:02:04	48	41	0
Apr 16, 2014 20:02:05	75	60	0
Apr 16, 2014 20:02:07	78	30	0
Apr 16, 2014 20:02:08	77	41	0
Apr 16, 2014 20:02:09	84	40	0
Apr 16, 2014 20:02:10	75	41	0
Apr 16, 2014 20:02:11	77	57	0
Apr 16, 2014 20:02:12	67	67	0
Apr 16, 2014 20:02:13	47	67	0
Apr 16, 2014 20:02:14	41	69	0
Apr 16, 2014 20:02:15	38	51	0
Apr 16, 2014 20:02:16	41	44	0
Apr 16, 2014 20:02:17	54	53	0
Apr 16, 2014 20:02:18	48	51	0
Apr 16, 2014 20:02:19	37	48	0
Apr 16, 2014 20:02:20	48	48	0
Apr 16, 2014 20:02:21	47	48	0
Apr 16, 2014 20:02:22	48	53	0
Apr 16, 2014 20:02:23	56	69	0
Apr 16, 2014 20:02:24	48	67	0
Apr 16, 2014 20:02:25	48	67	51
Apr 16, 2014 20:02:26	43	51	0
Apr 16, 2014 20:02:27	44	51	0
Apr 16, 2014 20:02:28	44	53	0
Apr 16, 2014 20:02:29	67	63	0
Apr 16, 2014 20:02:30	74	61	0
Apr 16, 2014 20:02:31	75	66	0
Apr 16, 2014 20:02:32	87	63	0
Apr 16, 2014 20:02:33	77	64	0
Apr 16, 2014 20:02:34	60	70	0
Apr 16, 2014 20:02:35	61	63	0
Apr 16, 2014 20:02:36	57	63	0
Apr 16, 2014 20:02:37	54	64	0
Apr 16, 2014 20:02:38	57	64	0
Apr 16, 2014 20:02:39	60	74	0
Apr 16, 2014 20:02:40	47	61	0
Apr 16, 2014 20:02:41	47	63	0
Apr 16, 2014 20:02:42	43	61	0
Apr 16, 2014 20:02:44	29	48	0
Apr 16, 2014 20:02:45	43	66	0
Apr 16, 2014 20:02:46	43	57	0
Apr 16, 2014 20:02:47	44	41	0
Apr 16, 2014 20:02:48	50	43	0
Apr 16, 2014 20:02:49	34	30	0
Apr 16, 2014 20:02:50	44	30	0
Apr 16, 2014 20:02:51	44	30	0
Apr 16, 2014 20:02:52	63	69	0
Apr 16, 2014 20:02:53	78	83	0
Apr 16, 2014 20:02:54	70	78	0
Apr 16, 2014 20:02:55	60	84	0
Apr 16, 2014 20:02:56	54	78	0
Apr 16, 2014 20:02:57	56	54	0
Apr 16, 2014 20:02:58	66	47	0
Apr 16, 2014 20:02:59	67	41	0
Apr 16, 2014 20:03:00	64	54	0
Apr 16, 2014 20:03:01	67	63	0
Apr 16, 2014 20:03:02	74	61	0
Apr 16, 2014 20:03:03	78	63	0
Apr 16, 2014 20:03:04	74	44	0
Apr 16, 2014 20:03:05	69	27	0
Apr 16, 2014 20:03:06	57	27	0
Apr 16, 2014 20:03:07	44	23	0
Apr 16, 2014 20:03:08	43	51	0
Apr 16, 2014 20:03:09	44	78	0
Apr 16, 2014 20:03:10	47	69	0
Apr 16, 2014 20:03:11	47	81	0
Apr 16, 2014 20:03:12	63	70	0
Apr 16, 2014 20:03:13	70	60	0
Apr 16, 2014 20:03:14	60	69	0
Apr 16, 2014 20:03:15	66	66	0
Apr 16, 2014 20:03:16	41	57	0
Apr 16, 2014 20:03:17	41	56	0
Apr 16, 2014 20:03:19	50	56	0
Apr 16, 2014 20:03:20	54	54	0
Apr 16, 2014 20:03:21	75	57	0
Apr 16, 2014 20:03:22	57	69	0
Apr 16, 2014 20:03:23	66	77	0
Apr 16, 2014 20:03:24	61	77	0
Apr 16, 2014 20:03:25	61	83	0
Apr 16, 2014 20:03:26	60	40	0
Apr 16, 2014 20:03:27	63	40	0
Apr 16, 2014 20:03:28	64	35	0
Apr 16, 2014 20:03:29	64	48	0
Apr 16, 2014 20:03:30	70	66	0
Apr 16, 2014 20:03:31	67	57	0
Apr 16, 2014 20:03:32	56	60	0
Apr 16, 2014 20:03:33	47	57	0
Apr 16, 2014 20:03:34	54	61	0
Apr 16, 2014 20:03:35	44	54	0
Apr 16, 2014 20:03:36	50	41	0
Apr 16, 2014 20:03:37	41	35	0
Apr 16, 2014 20:03:38	40	35	0
Apr 16, 2014 20:03:39	53	47	0
Apr 16, 2014 20:03:40	61	54	0
Apr 16, 2014 20:03:41	74	61	0
Apr 16, 2014 20:03:42	75	56	0
Apr 16, 2014 20:03:43	57	35	0
Apr 16, 2014 20:03:44	38	40	0
Apr 16, 2014 20:03:45	41	57	0
Apr 16, 2014 20:03:46	34	66	0
Apr 16, 2014 20:03:47	50	97	0
Apr 16, 2014 20:03:48	51	100	0
Apr 16, 2014 20:03:49	51	80	0
Apr 16, 2014 20:03:50	66	75	0
Apr 16, 2014 20:03:51	60	69	0
Apr 16, 2014 20:03:52	81	61	0
Apr 16, 2014 20:03:53	84	80	0
Apr 16, 2014 20:03:55	61	77	0
Apr 16, 2014 20:03:56	61	84	0
Apr 16, 2014 20:03:57	35	90	0
Apr 16, 2014 20:03:58	43	94	0
Apr 16, 2014 20:03:59	44	80	0
Apr 16, 2014 20:04:00	63	77	0
Apr 16, 2014 20:04:01	74	69	0
Apr 16, 2014 20:04:02	70	61	0
Apr 16, 2014 20:04:03	78	63	0
Apr 16, 2014 20:04:04	78	56	0
Apr 16, 2014 20:04:05	64	38	0
Apr 16, 2014 20:04:06	60	40	0
Apr 16, 2014 20:04:07	64	41	0
Apr 16, 2014 20:04:08	64	51	0
Apr 16, 2014 20:04:09	75	77	0
Apr 16, 2014 20:04:10	80	75	0
Apr 16, 2014 20:04:11	75	77	0
Apr 16, 2014 20:04:12	74	64	0
Apr 16, 2014 20:04:13	70	66	0
Apr 16, 2014 20:04:14	83	66	0
Apr 16, 2014 20:04:15	77	64	0
Apr 16, 2014 20:04:16	67	69	0
Apr 16, 2014 20:04:17	54	64	0
Apr 16, 2014 20:04:18	50	67	0
Apr 16, 2014 20:04:19	50	67	51
Apr 16, 2014 20:04:20	53	77	0
Apr 16, 2014 20:04:21	57	80	0
Apr 16, 2014 20:04:22	64	90	0
Apr 16, 2014 20:04:23	64	94	0
Apr 16, 2014 20:04:24	70	94	0
Apr 16, 2014 20:04:25	80	90	0
Apr 16, 2014 20:04:26	93	83	0
Apr 16, 2014 20:04:27	94	70	0
Apr 16, 2014 20:04:28	88	69	0
Apr 16, 2014 20:04:29	66	67	0
Apr 16, 2014 20:04:30	61	75	0
Apr 16, 2014 20:04:32	70	74	0
Apr 16, 2014 20:04:33	75	70	0
Apr 16, 2014 20:04:34	84	66	0
Apr 16, 2014 20:04:35	77	63	0
Apr 16, 2014 20:04:36	66	67	0
Apr 16, 2014 20:04:37	63	69	0
Apr 16, 2014 20:04:38	54	70	0
Apr 16, 2014 20:04:39	44	64	0
Apr 16, 2014 20:04:40	40	43	0
Apr 16, 2014 20:04:41	35	38	0
Apr 16, 2014 20:04:42	34	41	0
Apr 16, 2014 20:04:43	40	54	0
Apr 16, 2014 20:04:44	53	70	0
Apr 16, 2014 20:04:45	53	88	0
Apr 16, 2014 20:04:46	56	80	0
Apr 16, 2014 20:04:47	69	74	0
Apr 16, 2014 20:04:48	67	80	0
Apr 16, 2014 20:04:49	70	67	0
Apr 16, 2014 20:04:50	78	74	0
Apr 16, 2014 20:04:51	80	63	0
Apr 16, 2014 20:04:52	88	50	0
Apr 16, 2014 20:04:53	87	48	0
Apr 16, 2014 20:04:54	84	63	0
Apr 16, 2014 20:04:55	81	78	0
Apr 16, 2014 20:04:56	69	91	0
Apr 16, 2014 20:04:57	77	100	0
Apr 16, 2014 20:04:58	74	97	0
Apr 16, 2014 20:04:59	74	94	0
Apr 16, 2014 20:05:00	83	81	0
Apr 16, 2014 20:05:01	88	67	0
Apr 16, 2014 20:05:02	87	54	0
Apr 16, 2014 20:05:03	81	64	0
Apr 16, 2014 20:05:04	78	69	0
Apr 16, 2014 20:05:05	78	70	0
Apr 16, 2014 20:05:06	83	74	0
Apr 16, 2014 20:05:08	81	75	0
Apr 16, 2014 20:05:09	75	63	0
Apr 16, 2014 20:05:10	70	66	0
Apr 16, 2014 20:05:11	66	80	0
Apr 16, 2014 20:05:12	53	61	0
Apr 16, 2014 20:05:13	41	70	0
Apr 16, 2014 20:05:14	34	61	0
Apr 16, 2014 20:05:15	41	53	0
Apr 16, 2014 20:05:16	47	60	0
Apr 16, 2014 20:05:17	64	64	0
Apr 16, 2014 20:05:18	75	69	0
Apr 16, 2014 20:05:19	60	78	0
Apr 16, 2014 20:05:20	57	77	0
Apr 16, 2014 20:05:21	54	78	0
Apr 16, 2014 20:05:22	61	74	0
Apr 16, 2014 20:05:23	78	66	0
Apr 16, 2014 20:05:24	81	70	0
Apr 16, 2014 20:05:25	84	61	0
Apr 16, 2014 20:05:26	66	54	0
Apr 16, 2014 20:05:27	54	64	0
Apr 16, 2014 20:05:28	50	61	0
Apr 16, 2014 20:05:29	30	44	0
Apr 16, 2014 20:05:30	40	63	0
Apr 16, 2014 20:05:31	30	44	0
Apr 16, 2014 20:05:32	56	84	0
Apr 16, 2014 20:05:33	61	70	0
Apr 16, 2014 20:05:34	77	83	0
Apr 16, 2014 20:05:35	78	77	0
Apr 16, 2014 20:05:36	60	66	0
Apr 16, 2014 20:05:37	56	75	0
Apr 16, 2014 20:05:38	47	83	0
Apr 16, 2014 20:05:39	35	74	0
Apr 16, 2014 20:05:40	50	80	0
Apr 16, 2014 20:05:41	56	77	0
Apr 16, 2014 20:05:42	53	67	0
Apr 16, 2014 20:05:44	47	80	0
Apr 16, 2014 20:05:45	51	74	0
Apr 16, 2014 20:05:46	53	77	0
Apr 16, 2014 20:05:47	61	74	0
Apr 16, 2014 20:05:48	80	78	0
Apr 16, 2014 20:05:49	74	78	0
Apr 16, 2014 20:05:50	63	80	0
Apr 16, 2014 20:05:51	75	78	0
Apr 16, 2014 20:05:52	70	81	0
Apr 16, 2014 20:05:53	69	91	0
Apr 16, 2014 20:05:54	60	91	0
Apr 16, 2014 20:05:55	48	100	0
Apr 16, 2014 20:05:56	35	80	0
Apr 16, 2014 20:05:57	30	80	0
Apr 16, 2014 20:05:58	30	70	0
Apr 16, 2014 20:05:59	30	63	0
Apr 16, 2014 20:06:00	50	77	0
Apr 16, 2014 20:06:01	57	64	0
Apr 16, 2014 20:06:02	75	78	0
Apr 16, 2014 20:06:03	64	77	0
Apr 16, 2014 20:06:04	61	81	0
Apr 16, 2014 20:06:05	53	63	0
Apr 16, 2014 20:06:06	40	57	0
Apr 16, 2014 20:06:07	24	38	0
Apr 16, 2014 20:06:08	34	41	0
Apr 16, 2014 20:06:09	54	48	0
Apr 16, 2014 20:06:10	74	60	0
Apr 16, 2014 20:06:11	84	70	0
Apr 16, 2014 20:06:12	81	66	0
Apr 16, 2014 20:06:13	67	67	0
Apr 16, 2014 20:06:14	64	74	0
Apr 16, 2014 20:06:15	66	66	0
Apr 16, 2014 20:06:16	60	64	0
Apr 16, 2014 20:06:17	67	66	0
Apr 16, 2014 20:06:19	69	60	0
Apr 16, 2014 20:06:20	54	61	0
Apr 16, 2014 20:06:21	57	57	0
Apr 16, 2014 20:06:22	30	56	0
Apr 16, 2014 20:06:23	29	51	0
Apr 16, 2014 20:06:24	43	53	0
Apr 16, 2014 20:06:25	40	60	0
Apr 16, 2014 20:06:26	54	63	0
Apr 16, 2014 20:06:27	53	64	0
Apr 16, 2014 20:06:28	47	75	0
Apr 16, 2014 20:06:29	51	77	0
Apr 16, 2014 20:06:30	51	77	0
Apr 16, 2014 20:06:31	66	83	0
Apr 16, 2014 20:06:32	88	74	0
Apr 16, 2014 20:06:33	83	61	0
Apr 16, 2014 20:06:34	78	50	0
Apr 16, 2014 20:06:35	80	47	0
Apr 16, 2014 20:06:36	83	56	0
Apr 16, 2014 20:06:37	84	64	0
Apr 16, 2014 20:06:38	77	66	0
Apr 16, 2014 20:06:39	70	77	0
Apr 16, 2014 20:06:40	70	78	0
Apr 16, 2014 20:06:41	70	70	0
Apr 16, 2014 20:06:42	78	67	0
Apr 16, 2014 20:06:43	78	60	0
Apr 16, 2014 20:06:44	90	56	0
Apr 16, 2014 20:06:45	80	53	0
Apr 16, 2014 20:06:46	77	47	0
Apr 16, 2014 20:06:47	63	53	0
Apr 16, 2014 20:06:48	56	44	0
Apr 16, 2014 20:06:49	80	38	0
Apr 16, 2014 20:06:50	88	51	0
Apr 16, 2014 20:06:51	94	53	0
Apr 16, 2014 20:06:52	100	64	0
Apr 16, 2014 20:06:53	90	70	0
Apr 16, 2014 20:06:55	84	67	0
Apr 16, 2014 20:06:56	80	69	0
Apr 16, 2014 20:06:57	77	70	0
Apr 16, 2014 20:06:58	87	75	0
Apr 16, 2014 20:06:59	97	74	0
Apr 16, 2014 20:07:00	100	81	0
Apr 16, 2014 20:07:01	100	80	0
Apr 16, 2014 20:07:02	88	80	0
Apr 16, 2014 20:07:03	88	80	0
Apr 16, 2014 20:07:04	54	54	0
Apr 16, 2014 20:07:05	51	53	0
Apr 16, 2014 20:07:06	41	54	0
Apr 16, 2014 20:07:07	54	77	0
Apr 16, 2014 20:07:08	54	74	0
Apr 16, 2014 20:07:09	63	77	0
Apr 16, 2014 20:07:10	63	67	0
Apr 16, 2014 20:07:11	56	54	0
Apr 16, 2014 20:07:12	47	38	0
Apr 16, 2014 20:07:13	47	20	0
Apr 16, 2014 20:07:14	43	35	0
Apr 16, 2014 20:07:15	47	40	0
Apr 16, 2014 20:07:16	57	50	0
Apr 16, 2014 20:07:17	56	77	0
Apr 16, 2014 20:07:18	70	66	0
Apr 16, 2014 20:07:19	69	48	0
Apr 16, 2014 20:07:20	69	51	0
Apr 16, 2014 20:07:21	66	37	0
Apr 16, 2014 20:07:22	57	30	0
Apr 16, 2014 20:07:23	63	43	0
Apr 16, 2014 20:07:24	60	41	0
Apr 16, 2014 20:07:25	74	44	0
Apr 16, 2014 20:07:26	63	54	0
Apr 16, 2014 20:07:27	67	56	0
Apr 16, 2014 20:07:28	80	66	0
Apr 16, 2014 20:07:29	77	67	0
Apr 16, 2014 20:07:31	81	75	0
Apr 16, 2014 20:07:32	81	78	0
Apr 16, 2014 20:07:33	70	63	0
Apr 16, 2014 20:07:34	67	60	0
Apr 16, 2014 20:07:35	66	51	0
Apr 16, 2014 20:07:36	50	66	0
Apr 16, 2014 20:07:37	48	78	0
Apr 16, 2014 20:07:38	53	80	0
Apr 16, 2014 20:07:39	60	83	0
Apr 16, 2014 20:07:40	75	90	0
Apr 16, 2014 20:07:41	75	74	0
Apr 16, 2014 20:07:42	70	77	0
Apr 16, 2014 20:07:43	67	70	0
Apr 16, 2014 20:07:44	60	63	0
Apr 16, 2014 20:07:45	60	66	0
Apr 16, 2014 20:07:46	50	48	0
Apr 16, 2014 20:07:47	51	57	0
Apr 16, 2014 20:07:48	67	56	0
Apr 16, 2014 20:07:49	67	48	0
Apr 16, 2014 20:07:50	80	56	0
Apr 16, 2014 20:07:51	81	50	0
Apr 16, 2014 20:07:52	69	50	0
Apr 16, 2014 20:07:53	66	43	0
Apr 16, 2014 20:07:54	64	54	0
Apr 16, 2014 20:07:55	48	47	0
Apr 16, 2014 20:07:56	56	43	0
Apr 16, 2014 20:07:57	53	60	0
Apr 16, 2014 20:07:58	50	60	0
Apr 16, 2014 20:07:59	53	61	0
Apr 16, 2014 20:08:00	43	56	0
Apr 16, 2014 20:08:01	53	51	0
Apr 16, 2014 20:08:02	56	47	0
Apr 16, 2014 20:08:03	67	48	0
Apr 16, 2014 20:08:04	54	44	0
Apr 16, 2014 20:08:06	43	37	0
Apr 16, 2014 20:08:07	27	41	0
Apr 16, 2014 20:08:08	43	54	0
Apr 16, 2014 20:08:09	61	64	0
Apr 16, 2014 20:08:10	63	69	0
Apr 16, 2014 20:08:11	84	67	0
Apr 16, 2014 20:08:12	93	67	0
Apr 16, 2014 20:08:13	100	56	0
Apr 16, 2014 20:08:14	84	44	0
Apr 16, 2014 20:08:15	78	50	0
Apr 16, 2014 20:08:16	56	44	0
Apr 16, 2014 20:08:17	51	51	0
Apr 16, 2014 20:08:18	56	63	0
Apr 16, 2014 20:08:19	41	47	0
Apr 16, 2014 20:08:20	48	51	0
Apr 16, 2014 20:08:21	24	43	0
Apr 16, 2014 20:08:22	21	35	0
Apr 16, 2014 20:08:23	38	35	0
Apr 16, 2014 20:08:24	44	34	0
Apr 16, 2014 20:08:25	56	35	0
Apr 16, 2014 20:08:26	53	34	0
Apr 16, 2014 20:08:27	47	44	0
Apr 16, 2014 20:08:28	43	41	0
Apr 16, 2014 20:08:29	38	51	0
Apr 16, 2014 20:08:30	56	44	0
Apr 16, 2014 20:08:31	66	50	0
Apr 16, 2014 20:08:32	48	51	0
Apr 16, 2014 20:08:33	53	43	0
Apr 16, 2014 20:08:34	26	44	0
Apr 16, 2014 20:08:35	8	37	0
Apr 16, 2014 20:08:36	1	30	0
Apr 16, 2014 20:08:37	21	40	0
Apr 16, 2014 20:08:38	21	29	0
Apr 16, 2014 20:08:39	27	41	0
Apr 16, 2014 20:08:41	41	56	0
Apr 16, 2014 20:08:42	40	61	0
Apr 16, 2014 20:08:43	56	75	0
Apr 16, 2014 20:08:44	56	70	0
Apr 16, 2014 20:08:45	53	63	0
Apr 16, 2014 20:08:46	37	74	0
Apr 16, 2014 20:08:47	20	74	0
Apr 16, 2014 20:08:48	29	78	0
Apr 16, 2014 20:08:49	43	74	0
Apr 16, 2014 20:08:50	57	56	0
Apr 16, 2014 20:08:51	75	54	0
Apr 16, 2014 20:08:52	54	30	0
Apr 16, 2014 20:08:53	41	51	0
Apr 16, 2014 20:08:54	38	63	0
Apr 16, 2014 20:08:55	47	66	0
Apr 16, 2014 20:08:56	61	80	0
Apr 16, 2014 20:08:57	50	60	0
Apr 16, 2014 20:08:58	53	57	0
Apr 16, 2014 20:08:59	47	63	0
Apr 16, 2014 20:09:00	41	54	0
Apr 16, 2014 20:09:01	54	64	0
Apr 16, 2014 20:09:02	51	60	0
Apr 16, 2014 20:09:03	53	56	0
Apr 16, 2014 20:09:04	51	74	0
Apr 16, 2014 20:09:05	53	75	0
Apr 16, 2014 20:09:06	60	69	0
Apr 16, 2014 20:09:07	81	44	0
Apr 16, 2014 20:09:08	88	43	0
Apr 16, 2014 20:09:09	84	38	0
Apr 16, 2014 20:09:10	84	43	0
Apr 16, 2014 20:09:11	80	57	0
Apr 16, 2014 20:09:12	70	54	0
Apr 16, 2014 20:09:13	61	64	0
Apr 16, 2014 20:09:14	48	60	0
Apr 16, 2014 20:09:15	35	66	0
Apr 16, 2014 20:09:16	30	66	0
Apr 16, 2014 20:09:18	44	77	0
Apr 16, 2014 20:09:19	35	66	0
Apr 16, 2014 20:09:20	50	61	0
Apr 16, 2014 20:09:21	35	54	0
Apr 16, 2014 20:09:22	10	40	0
Apr 16, 2014 20:09:23	10	40	51
Apr 16, 2014 20:09:24	35	53	0
Apr 16, 2014 20:09:25	29	53	0
Apr 16, 2014 20:09:26	50	67	0
Apr 16, 2014 20:09:27	70	75	0
Apr 16, 2014 20:09:28	70	53	0
Apr 16, 2014 20:09:29	70	53	0
Apr 16, 2014 20:09:30	67	43	0
Apr 16, 2014 20:09:31	70	41	0
Apr 16, 2014 20:09:32	54	51	0
Apr 16, 2014 20:09:33	41	44	0
Apr 16, 2014 20:09:34	41	29	0
Apr 16, 2014 20:09:35	38	26	0
Apr 16, 2014 20:09:36	37	35	0
Apr 16, 2014 20:09:37	48	38	0
Apr 16, 2014 20:09:38	24	74	0
Apr 16, 2014 20:09:39	27	75	0
Apr 16, 2014 20:09:40	23	69	0
Apr 16, 2014 20:09:41	21	70	0
Apr 16, 2014 20:09:42	34	66	0
Apr 16, 2014 20:09:43	27	61	0
Apr 16, 2014 20:09:44	21	57	0
Apr 16, 2014 20:09:45	38	53	0
Apr 16, 2014 20:09:46	43	41	0
Apr 16, 2014 20:09:47	48	48	0
Apr 16, 2014 20:09:48	57	74	0
Apr 16, 2014 20:09:49	54	66	0
Apr 16, 2014 20:09:50	27	54	0
Apr 16, 2014 20:09:51	14	41	0
Apr 16, 2014 20:09:53	1	29	0
Apr 16, 2014 20:09:54	1	44	0
Apr 16, 2014 20:09:55	26	38	0
Apr 16, 2014 20:09:56	41	48	0
Apr 16, 2014 20:09:57	63	51	0
Apr 16, 2014 20:09:58	60	50	0
Apr 16, 2014 20:09:59	56	75	0
Apr 16, 2014 20:10:00	56	87	0
Apr 16, 2014 20:10:01	54	87	0
Apr 16, 2014 20:10:02	54	87	26
Apr 16, 2014 20:10:03	43	80	0
Apr 16, 2014 20:10:04	30	64	0
Apr 16, 2014 20:10:05	20	53	0
Apr 16, 2014 20:10:06	17	50	0
Apr 16, 2014 20:10:07	29	57	0
Apr 16, 2014 20:10:08	48	60	0
Apr 16, 2014 20:10:09	57	57	0
Apr 16, 2014 20:10:10	53	64	0
Apr 16, 2014 20:10:11	51	74	0
Apr 16, 2014 20:10:12	57	64	0
Apr 16, 2014 20:10:13	37	69	0
Apr 16, 2014 20:10:14	34	51	0
Apr 16, 2014 20:10:15	8	38	0
Apr 16, 2014 20:10:16	11	30	0
Apr 16, 2014 20:10:17	30	17	0
Apr 16, 2014 20:10:18	26	20	0
Apr 16, 2014 20:10:19	50	30	0
Apr 16, 2014 20:10:20	48	56	0
Apr 16, 2014 20:10:21	50	61	0
Apr 16, 2014 20:10:22	60	70	0
Apr 16, 2014 20:10:23	66	83	0
Apr 16, 2014 20:10:24	75	70	0
Apr 16, 2014 20:10:25	70	74	0
Apr 16, 2014 20:10:27	78	77	0
Apr 16, 2014 20:10:28	78	64	0
Apr 16, 2014 20:10:29	78	64	0
Apr 16, 2014 20:10:30	61	74	0
Apr 16, 2014 20:10:31	57	66	0
Apr 16, 2014 20:10:32	54	77	0
Apr 16, 2014 20:10:33	75	69	0
Apr 16, 2014 20:10:34	77	47	0
Apr 16, 2014 20:10:35	70	53	0
Apr 16, 2014 20:10:36	66	51	0
Apr 16, 2014 20:10:37	61	56	0
Apr 16, 2014 20:10:38	63	87	0
Apr 16, 2014 20:10:39	69	77	0
Apr 16, 2014 20:10:40	57	84	0
Apr 16, 2014 20:10:41	61	81	0
Apr 16, 2014 20:10:42	63	75	0
Apr 16, 2014 20:10:43	47	70	0
Apr 16, 2014 20:10:44	50	66	0
Apr 16, 2014 20:10:45	54	61	0
Apr 16, 2014 20:10:46	43	50	0
Apr 16, 2014 20:10:47	43	57	0
Apr 16, 2014 20:10:48	57	60	0
Apr 16, 2014 20:10:49	53	60	0
Apr 16, 2014 20:10:50	69	64	0
Apr 16, 2014 20:10:51	67	51	0
Apr 16, 2014 20:10:52	66	57	0
Apr 16, 2014 20:10:53	70	63	0
Apr 16, 2014 20:10:54	67	74	0
Apr 16, 2014 20:10:55	81	91	0
Apr 16, 2014 20:10:56	80	88	0
Apr 16, 2014 20:10:57	75	78	0
Apr 16, 2014 20:10:58	57	69	0
Apr 16, 2014 20:10:59	47	54	0
Apr 16, 2014 20:11:00	38	47	0
Apr 16, 2014 20:11:01	53	37	0
Apr 16, 2014 20:11:03	64	34	0
Apr 16, 2014 20:11:04	70	26	0
Apr 16, 2014 20:11:05	83	30	0
Apr 16, 2014 20:11:06	66	35	0
Apr 16, 2014 20:11:07	60	41	0
Apr 16, 2014 20:11:08	64	63	0
Apr 16, 2014 20:11:09	70	74	0
Apr 16, 2014 20:11:10	77	75	0
Apr 16, 2014 20:11:11	78	64	0
Apr 16, 2014 20:11:12	69	69	0
Apr 16, 2014 20:11:13	70	70	0
Apr 16, 2014 20:11:14	67	83	0
Apr 16, 2014 20:11:15	57	83	0
Apr 16, 2014 20:11:16	61	70	0
Apr 16, 2014 20:11:17	54	66	0
Apr 16, 2014 20:11:18	53	57	0
Apr 16, 2014 20:11:19	56	54	0
Apr 16, 2014 20:11:20	57	61	0
Apr 16, 2014 20:11:21	67	67	0
Apr 16, 2014 20:11:22	69	60	0
Apr 16, 2014 20:11:23	67	57	0
Apr 16, 2014 20:11:24	60	61	0
Apr 16, 2014 20:11:25	54	53	0
Apr 16, 2014 20:11:26	64	61	0
Apr 16, 2014 20:11:27	67	70	0
Apr 16, 2014 20:11:28	78	78	0
Apr 16, 2014 20:11:29	81	84	0
Apr 16, 2014 20:11:30	83	84	0
Apr 16, 2014 20:11:31	81	87	0
Apr 16, 2014 20:11:32	81	87	25
Apr 16, 2014 20:11:33	80	70	0
Apr 16, 2014 20:11:34	69	69	0
Apr 16, 2014 20:11:35	66	74	0
Apr 16, 2014 20:11:36	77	77	0
Apr 16, 2014 20:11:38	81	91	0
Apr 16, 2014 20:11:39	87	88	0
Apr 16, 2014 20:11:40	88	83	0
Apr 16, 2014 20:11:41	61	77	0
Apr 16, 2014 20:11:42	53	75	0
Apr 16, 2014 20:11:43	48	69	0
Apr 16, 2014 20:11:44	43	63	0
Apr 16, 2014 20:11:45	63	67	0
Apr 16, 2014 20:11:46	78	67	0
Apr 16, 2014 20:11:47	83	57	0
Apr 16, 2014 20:11:48	83	57	0
Apr 16, 2014 20:11:49	100	47	0
Apr 16, 2014 20:11:50	88	54	0
Apr 16, 2014 20:11:51	77	69	0
Apr 16, 2014 20:11:52	74	64	0
Apr 16, 2014 20:11:53	50	53	0
Apr 16, 2014 20:11:54	34	40	0
Apr 16, 2014 20:11:55	43	29	0
Apr 16, 2014 20:11:56	37	35	0
Apr 16, 2014 20:11:57	53	57	0
Apr 16, 2014 20:11:58	67	60	0
Apr 16, 2014 20:11:59	57	61	0
Apr 16, 2014 20:12:00	67	57	0
Apr 16, 2014 20:12:01	67	57	25
Apr 16, 2014 20:12:02	51	43	0
Apr 16, 2014 20:12:03	47	50	0
Apr 16, 2014 20:12:04	48	48	0
Apr 16, 2014 20:12:05	34	51	0
Apr 16, 2014 20:12:06	50	74	0
Apr 16, 2014 20:12:07	61	74	0
Apr 16, 2014 20:12:08	69	69	0
Apr 16, 2014 20:12:09	81	64	0
Apr 16, 2014 20:12:10	69	57	0
Apr 16, 2014 20:12:11	60	57	0
Apr 16, 2014 20:12:13	66	53	0
Apr 16, 2014 20:12:14	66	53	0
Apr 16, 2014 20:12:15	75	57	0
Apr 16, 2014 20:12:16	84	60	0
Apr 16, 2014 20:12:17	77	66	0
Apr 16, 2014 20:12:18	69	66	0
Apr 16, 2014 20:12:19	67	77	0
Apr 16, 2014 20:12:20	69	78	0
Apr 16, 2014 20:12:21	54	69	0
Apr 16, 2014 20:12:22	64	64	0
Apr 16, 2014 20:12:23	67	57	0
Apr 16, 2014 20:12:24	66	56	0
Apr 16, 2014 20:12:25	75	60	0
Apr 16, 2014 20:12:26	75	60	51
Apr 16, 2014 20:12:27	83	57	0
Apr 16, 2014 20:12:28	77	61	0
Apr 16, 2014 20:12:29	81	61	0
Apr 16, 2014 20:12:30	81	69	0
Apr 16, 2014 20:12:31	74	74	0
Apr 16, 2014 20:12:32	78	74	0
Apr 16, 2014 20:12:33	66	75	0
Apr 16, 2014 20:12:34	70	67	0
Apr 16, 2014 20:12:35	63	66	0
Apr 16, 2014 20:12:36	54	61	0
Apr 16, 2014 20:12:37	60	66	0
Apr 16, 2014 20:12:38	47	60	0
Apr 16, 2014 20:12:39	53	56	0
Apr 16, 2014 20:12:40	54	61	0
Apr 16, 2014 20:12:41	63	66	0
Apr 16, 2014 20:12:42	57	77	0
Apr 16, 2014 20:12:43	50	84	0
Apr 16, 2014 20:12:44	35	77	0
Apr 16, 2014 20:12:45	35	78	0
Apr 16, 2014 20:12:46	40	80	0
Apr 16, 2014 20:12:48	51	70	0
Apr 16, 2014 20:12:49	63	77	0
Apr 16, 2014 20:12:50	67	81	0
Apr 16, 2014 20:12:51	61	78	0
Apr 16, 2014 20:12:52	53	87	0
Apr 16, 2014 20:12:53	56	84	0
Apr 16, 2014 20:12:54	50	80	0
Apr 16, 2014 20:12:55	54	77	0
Apr 16, 2014 20:12:56	56	75	0
Apr 16, 2014 20:12:57	61	77	0
Apr 16, 2014 20:12:58	48	67	0
Apr 16, 2014 20:12:59	51	64	0
Apr 16, 2014 20:13:00	48	60	0
Apr 16, 2014 20:13:01	54	57	0
Apr 16, 2014 20:13:02	75	75	0
Apr 16, 2014 20:13:03	70	83	0
Apr 16, 2014 20:13:04	75	80	0
Apr 16, 2014 20:13:05	64	80	0
Apr 16, 2014 20:13:06	64	83	0
Apr 16, 2014 20:13:07	64	88	0
Apr 16, 2014 20:13:08	77	93	0
Apr 16, 2014 20:13:09	80	93	0
Apr 16, 2014 20:13:10	77	87	0
Apr 16, 2014 20:13:11	63	94	0
Apr 16, 2014 20:13:12	56	100	0
Apr 16, 2014 20:13:13	50	100	0
Apr 16, 2014 20:13:14	47	100	0
Apr 16, 2014 20:13:15	54	96	0
Apr 16, 2014 20:13:16	50	94	0
Apr 16, 2014 20:13:17	61	84	0
Apr 16, 2014 20:13:18	57	75	0
Apr 16, 2014 20:13:19	56	74	0
Apr 16, 2014 20:13:20	54	61	0
Apr 16, 2014 20:13:21	44	69	0
Apr 16, 2014 20:13:22	57	84	0
Apr 16, 2014 20:13:24	44	75	0
Apr 16, 2014 20:13:25	48	87	0
Apr 16, 2014 20:13:26	41	66	0
Apr 16, 2014 20:13:27	43	63	0
Apr 16, 2014 20:13:28	41	69	0
Apr 16, 2014 20:13:29	38	64	0
Apr 16, 2014 20:13:30	38	69	0
Apr 16, 2014 20:13:31	37	60	0
Apr 16, 2014 20:13:32	38	63	0
Apr 16, 2014 20:13:33	41	60	0
Apr 16, 2014 20:13:34	50	75	0
Apr 16, 2014 20:13:35	48	75	0
Apr 16, 2014 20:13:36	53	67	0
Apr 16, 2014 20:13:37	57	78	0
Apr 16, 2014 20:13:38	54	69	0
Apr 16, 2014 20:13:39	53	78	0
Apr 16, 2014 20:13:40	41	70	0
Apr 16, 2014 20:13:41	29	41	0
Apr 16, 2014 20:13:42	27	38	0
Apr 16, 2014 20:13:43	54	43	0
Apr 16, 2014 20:13:44	70	43	0
Apr 16, 2014 20:13:45	88	51	0
Apr 16, 2014 20:13:46	93	48	0
Apr 16, 2014 20:13:47	93	48	0
Apr 16, 2014 20:13:48	84	57	0
Apr 16, 2014 20:13:49	64	54	0
Apr 16, 2014 20:13:50	60	60	0
Apr 16, 2014 20:13:51	37	60	0
Apr 16, 2014 20:13:52	26	61	0
Apr 16, 2014 20:13:53	37	77	0
Apr 16, 2014 20:13:54	38	87	0
Apr 16, 2014 20:13:55	56	100	0
Apr 16, 2014 20:13:56	64	100	0
Apr 16, 2014 20:13:57	66	100	0
Apr 16, 2014 20:13:58	61	83	0
Apr 16, 2014 20:14:00	61	83	0
Apr 16, 2014 20:14:01	54	83	0
Apr 16, 2014 20:14:02	50	77	0
Apr 16, 2014 20:14:03	57	83	0
Apr 16, 2014 20:14:04	50	70	0
Apr 16, 2014 20:14:05	57	66	0
Apr 16, 2014 20:14:06	61	66	0
Apr 16, 2014 20:14:07	57	74	0
Apr 16, 2014 20:14:08	66	70	0
Apr 16, 2014 20:14:09	69	74	0
Apr 16, 2014 20:14:10	78	77	0
Apr 16, 2014 20:14:11	74	75	0
Apr 16, 2014 20:14:12	75	84	0
Apr 16, 2014 20:14:13	74	84	0
Apr 16, 2014 20:14:14	80	87	0
Apr 16, 2014 20:14:15	80	84	0
Apr 16, 2014 20:14:16	69	81	0
Apr 16, 2014 20:14:17	66	81	0
Apr 16, 2014 20:14:18	56	84	0
Apr 16, 2014 20:14:19	48	74	0
Apr 16, 2014 20:14:20	54	74	0
Apr 16, 2014 20:14:21	64	78	0
Apr 16, 2014 20:14:22	80	70	0
Apr 16, 2014 20:14:23	88	78	0
Apr 16, 2014 20:14:24	67	74	0
Apr 16, 2014 20:14:25	57	66	0
Apr 16, 2014 20:14:26	48	56	0
Apr 16, 2014 20:14:27	41	50	0
Apr 16, 2014 20:14:28	43	43	0
Apr 16, 2014 20:14:29	43	44	0
Apr 16, 2014 20:14:30	43	54	0
Apr 16, 2014 20:14:31	47	63	0
Apr 16, 2014 20:14:32	57	74	0
Apr 16, 2014 20:14:33	60	80	0
Apr 16, 2014 20:14:35	61	90	0
Apr 16, 2014 20:14:36	74	64	0
Apr 16, 2014 20:14:37	64	77	0
Apr 16, 2014 20:14:38	75	80	0
Apr 16, 2014 20:14:39	77	78	0
Apr 16, 2014 20:14:40	57	100	0
Apr 16, 2014 20:14:41	66	100	0
Apr 16, 2014 20:14:42	61	100	0
Apr 16, 2014 20:14:43	75	93	0
Apr 16, 2014 20:14:44	75	100	0
Apr 16, 2014 20:14:45	74	97	0
Apr 16, 2014 20:14:46	87	83	0
Apr 16, 2014 20:14:47	81	75	0
Apr 16, 2014 20:14:48	81	64	0
Apr 16, 2014 20:14:49	78	56	0
Apr 16, 2014 20:14:50	74	64	0
Apr 16, 2014 20:14:51	70	69	0
Apr 16, 2014 20:14:52	78	67	0
Apr 16, 2014 20:14:53	81	69	0
Apr 16, 2014 20:14:54	78	74	0
Apr 16, 2014 20:14:55	77	74	0
Apr 16, 2014 20:14:56	67	61	0
Apr 16, 2014 20:14:57	77	60	0
Apr 16, 2014 20:14:58	81	56	0
Apr 16, 2014 20:14:59	78	57	0
Apr 16, 2014 20:15:00	74	75	0
Apr 16, 2014 20:15:01	64	84	0
Apr 16, 2014 20:15:02	57	87	0
Apr 16, 2014 20:15:03	60	91	0
Apr 16, 2014 20:15:04	57	91	0
Apr 16, 2014 20:15:05	61	81	0
Apr 16, 2014 20:15:06	51	60	0
Apr 16, 2014 20:15:07	48	38	0
Apr 16, 2014 20:15:08	38	29	0
Apr 16, 2014 20:15:09	23	21	0
Apr 16, 2014 20:15:10	27	38	0
Apr 16, 2014 20:15:12	26	53	0
Apr 16, 2014 20:15:13	35	60	0
Apr 16, 2014 20:15:14	43	74	0
Apr 16, 2014 20:15:15	51	77	0
Apr 16, 2014 20:15:16	50	83	0
Apr 16, 2014 20:15:17	60	96	0
Apr 16, 2014 20:15:18	54	97	0
Apr 16, 2014 20:15:19	57	81	0
Apr 16, 2014 20:15:20	60	69	0
Apr 16, 2014 20:15:21	41	57	0
Apr 16, 2014 20:15:22	38	51	0
Apr 16, 2014 20:15:23	37	56	0
Apr 16, 2014 20:15:24	27	50	0
Apr 16, 2014 20:15:25	35	54	0
Apr 16, 2014 20:15:26	27	53	0
Apr 16, 2014 20:15:27	30	53	0
Apr 16, 2014 20:15:28	53	64	0
Apr 16, 2014 20:15:29	63	75	0
Apr 16, 2014 20:15:30	75	78	0
Apr 16, 2014 20:15:31	69	94	0
Apr 16, 2014 20:15:32	56	88	0
Apr 16, 2014 20:15:33	47	64	0
Apr 16, 2014 20:15:34	56	64	0
Apr 16, 2014 20:15:35	47	53	0
Apr 16, 2014 20:15:36	51	61	0
Apr 16, 2014 20:15:37	51	66	0
Apr 16, 2014 20:15:38	51	66	51
Apr 16, 2014 20:15:39	38	69	0
Apr 16, 2014 20:15:40	38	70	0
Apr 16, 2014 20:15:41	27	69	0
Apr 16, 2014 20:15:42	40	83	0
Apr 16, 2014 20:15:43	47	91	0
Apr 16, 2014 20:15:44	43	63	0
Apr 16, 2014 20:15:45	48	38	0
Apr 16, 2014 20:15:46	48	29	0
Apr 16, 2014 20:15:48	48	35	0
Apr 16, 2014 20:15:49	47	35	0
Apr 16, 2014 20:15:50	47	47	0
Apr 16, 2014 20:15:51	40	40	0
Apr 16, 2014 20:15:52	53	61	0
Apr 16, 2014 20:15:53	51	63	0
Apr 16, 2014 20:15:54	48	60	0
Apr 16, 2014 20:15:55	50	67	0
Apr 16, 2014 20:15:56	35	67	0
Apr 16, 2014 20:15:57	37	66	0
Apr 16, 2014 20:15:58	54	69	0
Apr 16, 2014 20:15:59	51	66	0
Apr 16, 2014 20:16:00	70	66	0
Apr 16, 2014 20:16:01	69	70	0
Apr 16, 2014 20:16:02	74	74	0
Apr 16, 2014 20:16:03	75	70	0
Apr 16, 2014 20:16:04	67	78	0
Apr 16, 2014 20:16:05	61	70	0
Apr 16, 2014 20:16:06	38	87	0
Apr 16, 2014 20:16:07	41	84	0
Apr 16, 2014 20:16:08	26	63	0
Apr 16, 2014 20:16:09	27	67	0
Apr 16, 2014 20:16:10	41	53	0
Apr 16, 2014 20:16:11	43	60	0
Apr 16, 2014 20:16:12	51	75	0
Apr 16, 2014 20:16:13	63	75	0
Apr 16, 2014 20:16:14	63	84	0
Apr 16, 2014 20:16:15	67	83	0
Apr 16, 2014 20:16:16	70	88	0
Apr 16, 2014 20:16:17	80	81	0
Apr 16, 2014 20:16:18	70	91	0
Apr 16, 2014 20:16:19	70	83	0
Apr 16, 2014 20:16:20	54	78	0
Apr 16, 2014 20:16:21	47	93	0
Apr 16, 2014 20:16:22	51	84	0
Apr 16, 2014 20:16:24	51	77	0
Apr 16, 2014 20:16:25	64	78	0
Apr 16, 2014 20:16:26	51	47	0
Apr 16, 2014 20:16:27	48	40	0
Apr 16, 2014 20:16:28	40	41	0
Apr 16, 2014 20:16:29	35	53	0
Apr 16, 2014 20:16:30	48	63	0
Apr 16, 2014 20:16:31	51	74	0
Apr 16, 2014 20:16:32	69	78	0
Apr 16, 2014 20:16:33	77	70	0
Apr 16, 2014 20:16:34	67	80	0
Apr 16, 2014 20:16:35	74	74	0
Apr 16, 2014 20:16:36	67	81	0
Apr 16, 2014 20:16:37	60	75	0
Apr 16, 2014 20:16:38	51	56	0
Apr 16, 2014 20:16:39	44	51	0
Apr 16, 2014 20:16:40	43	51	0
Apr 16, 2014 20:16:41	48	48	0
Apr 16, 2014 20:16:42	50	81	0
Apr 16, 2014 20:16:43	50	83	0
Apr 16, 2014 20:16:44	48	90	0
Apr 16, 2014 20:16:45	53	87	0
Apr 16, 2014 20:16:46	60	78	0
Apr 16, 2014 20:16:47	51	74	0
Apr 16, 2014 20:16:48	37	83	0
Apr 16, 2014 20:16:49	41	78	0
Apr 16, 2014 20:16:50	54	78	0
Apr 16, 2014 20:16:51	77	66	0
Apr 16, 2014 20:16:52	83	61	0
Apr 16, 2014 20:16:53	80	61	0
Apr 16, 2014 20:16:54	74	64	0
Apr 16, 2014 20:16:55	51	70	0
Apr 16, 2014 20:16:56	43	83	0
Apr 16, 2014 20:16:58	38	84	0
Apr 16, 2014 20:16:59	37	83	0
Apr 16, 2014 20:17:00	47	81	0
Apr 16, 2014 20:17:01	44	67	0
Apr 16, 2014 20:17:02	54	78	0
Apr 16, 2014 20:17:03	44	81	0
Apr 16, 2014 20:17:04	44	80	0
Apr 16, 2014 20:17:05	37	70	0
Apr 16, 2014 20:17:06	26	37	0
Apr 16, 2014 20:17:07	37	37	0
Apr 16, 2014 20:17:08	47	29	0
Apr 16, 2014 20:17:09	43	29	0
Apr 16, 2014 20:17:10	43	47	0
Apr 16, 2014 20:17:11	47	50	0
Apr 16, 2014 20:17:12	26	64	0
Apr 16, 2014 20:17:13	40	80	0
Apr 16, 2014 20:17:14	50	81	0
Apr 16, 2014 20:17:15	37	81	0
Apr 16, 2014 20:17:16	43	80	0
Apr 16, 2014 20:17:17	41	80	0
Apr 16, 2014 20:17:18	43	90	0
Apr 16, 2014 20:17:19	37	75	0
Apr 16, 2014 20:17:20	37	75	51
Apr 16, 2014 20:17:21	37	70	0
Apr 16, 2014 20:17:22	37	63	0
Apr 16, 2014 20:17:23	41	67	0
Apr 16, 2014 20:17:24	53	74	0
Apr 16, 2014 20:17:25	47	80	0
Apr 16, 2014 20:17:26	41	70	0
Apr 16, 2014 20:17:27	47	67	0
Apr 16, 2014 20:17:28	41	69	0
Apr 16, 2014 20:17:29	51	53	0
Apr 16, 2014 20:17:30	54	75	0
Apr 16, 2014 20:17:31	57	64	0
Apr 16, 2014 20:17:32	61	63	0
Apr 16, 2014 20:17:33	54	80	0
Apr 16, 2014 20:17:34	51	61	0
Apr 16, 2014 20:17:35	44	67	0
Apr 16, 2014 20:17:37	48	70	0
Apr 16, 2014 20:17:38	47	60	0
Apr 16, 2014 20:17:39	47	67	0
Apr 16, 2014 20:17:40	51	74	0
Apr 16, 2014 20:17:41	61	67	0
Apr 16, 2014 20:17:42	75	69	0
Apr 16, 2014 20:17:43	66	66	0
Apr 16, 2014 20:17:44	70	61	0
Apr 16, 2014 20:17:45	63	63	0
Apr 16, 2014 20:17:46	56	61	0
Apr 16, 2014 20:17:47	61	70	0
Apr 16, 2014 20:17:48	57	80	0
Apr 16, 2014 20:17:49	50	84	0
Apr 16, 2014 20:17:50	50	87	0
Apr 16, 2014 20:17:51	40	70	0
Apr 16, 2014 20:17:52	48	57	0
Apr 16, 2014 20:17:53	48	61	0
Apr 16, 2014 20:17:54	53	57	0
Apr 16, 2014 20:17:55	54	44	0
Apr 16, 2014 20:17:56	48	60	0
Apr 16, 2014 20:17:57	41	60	0
Apr 16, 2014 20:17:58	38	57	0
Apr 16, 2014 20:17:59	37	75	0
Apr 16, 2014 20:18:00	47	69	0
Apr 16, 2014 20:18:01	57	70	0
Apr 16, 2014 20:18:02	47	63	0
Apr 16, 2014 20:18:03	48	48	0
