Apr 24, 2014 15:59:00	14	48	0
Apr 24, 2014 15:59:01	23	60	0
Apr 24, 2014 15:59:02	16	66	0
Apr 24, 2014 15:59:03	14	80	0
Apr 24, 2014 15:59:04	21	77	0
Apr 24, 2014 15:59:05	24	44	0
Apr 24, 2014 15:59:06	38	38	0
Apr 24, 2014 15:59:07	26	35	0
Apr 24, 2014 15:59:08	23	26	0
Apr 24, 2014 15:59:09	27	37	0
Apr 24, 2014 15:59:10	10	23	0
Apr 24, 2014 15:59:12	8	23	0
Apr 24, 2014 15:59:13	10	35	0
Apr 24, 2014 15:59:14	4	30	0
Apr 24, 2014 15:59:15	11	50	0
Apr 24, 2014 15:59:16	20	61	0
Apr 24, 2014 15:59:17	26	69	0
Apr 24, 2014 15:59:18	29	64	0
Apr 24, 2014 15:59:19	37	64	0
Apr 24, 2014 15:59:20	43	54	0
Apr 24, 2014 15:59:21	44	43	0
Apr 24, 2014 15:59:22	47	56	0
Apr 24, 2014 15:59:23	41	44	0
Apr 24, 2014 15:59:24	44	53	0
Apr 24, 2014 15:59:25	30	43	0
Apr 24, 2014 15:59:26	29	37	0
Apr 24, 2014 15:59:27	27	47	0
Apr 24, 2014 15:59:28	20	44	0
Apr 24, 2014 15:59:29	17	64	0
Apr 24, 2014 15:59:30	13	35	0
Apr 24, 2014 15:59:31	13	23	0
Apr 24, 2014 15:59:32	17	29	0
Apr 24, 2014 15:59:33	30	30	0
Apr 24, 2014 15:59:34	50	84	0
Apr 24, 2014 15:59:35	35	75	0
Apr 24, 2014 15:59:36	35	80	0
Apr 24, 2014 15:59:37	24	84	0
Apr 24, 2014 15:59:38	24	75	0
Apr 24, 2014 15:59:39	34	93	0
Apr 24, 2014 15:59:40	26	91	0
Apr 24, 2014 15:59:41	35	80	0
Apr 24, 2014 15:59:42	37	77	0
Apr 24, 2014 15:59:43	38	67	0
Apr 24, 2014 15:59:45	35	63	0
Apr 24, 2014 15:59:46	27	69	0
Apr 24, 2014 15:59:47	27	63	0
Apr 24, 2014 15:59:48	30	67	0
Apr 24, 2014 15:59:49	34	57	0
Apr 24, 2014 15:59:50	34	44	0
Apr 24, 2014 15:59:51	23	53	0
Apr 24, 2014 15:59:52	11	41	0
Apr 24, 2014 15:59:53	16	61	0
Apr 24, 2014 15:59:54	26	63	0
Apr 24, 2014 15:59:55	47	70	0
Apr 24, 2014 15:59:56	57	93	0
Apr 24, 2014 15:59:57	61	81	0
Apr 24, 2014 15:59:58	57	78	0
Apr 24, 2014 15:59:59	43	75	0
Apr 24, 2014 16:00:00	41	53	0
Apr 24, 2014 16:00:01	43	40	0
Apr 24, 2014 16:00:02	37	63	0
Apr 24, 2014 16:00:03	54	56	0
Apr 24, 2014 16:00:04	27	57	0
Apr 24, 2014 16:00:05	24	41	0
Apr 24, 2014 16:00:06	10	43	0
Apr 24, 2014 16:00:07	10	56	0
Apr 24, 2014 16:00:08	23	57	0
Apr 24, 2014 16:00:09	21	50	0
Apr 24, 2014 16:00:10	29	51	0
Apr 24, 2014 16:00:11	34	61	0
Apr 24, 2014 16:00:12	24	60	0
Apr 24, 2014 16:00:13	41	70	0
Apr 24, 2014 16:00:14	34	61	0
Apr 24, 2014 16:00:15	29	48	0
Apr 24, 2014 16:00:16	37	66	0
Apr 24, 2014 16:00:17	35	64	0
Apr 24, 2014 16:00:19	29	60	0
Apr 24, 2014 16:00:20	40	78	0
Apr 24, 2014 16:00:21	47	60	0
Apr 24, 2014 16:00:22	43	63	0
Apr 24, 2014 16:00:23	56	80	0
Apr 24, 2014 16:00:24	51	64	0
Apr 24, 2014 16:00:25	38	61	0
Apr 24, 2014 16:00:26	43	50	0
Apr 24, 2014 16:00:27	44	47	0
Apr 24, 2014 16:00:28	41	41	0
Apr 24, 2014 16:00:29	48	38	0
Apr 24, 2014 16:00:30	44	50	0
Apr 24, 2014 16:00:31	29	43	0
Apr 24, 2014 16:00:32	34	40	0
Apr 24, 2014 16:00:33	34	53	0
Apr 24, 2014 16:00:34	37	69	0
Apr 24, 2014 16:00:35	38	75	0
Apr 24, 2014 16:00:36	40	60	0
Apr 24, 2014 16:00:37	43	51	0
Apr 24, 2014 16:00:38	38	48	0
Apr 24, 2014 16:00:39	34	70	0
Apr 24, 2014 16:00:40	21	78	0
Apr 24, 2014 16:00:41	10	69	0
Apr 24, 2014 16:00:42	3	64	0
Apr 24, 2014 16:00:43	10	43	0
Apr 24, 2014 16:00:44	21	53	0
Apr 24, 2014 16:00:45	24	61	0
Apr 24, 2014 16:00:46	24	51	0
Apr 24, 2014 16:00:47	35	57	0
Apr 24, 2014 16:00:48	30	41	0
Apr 24, 2014 16:00:49	26	30	0
Apr 24, 2014 16:00:50	40	30	0
Apr 24, 2014 16:00:51	26	26	0
Apr 24, 2014 16:00:52	26	47	0
Apr 24, 2014 16:00:53	38	54	0
Apr 24, 2014 16:00:55	26	63	0
Apr 24, 2014 16:00:56	29	66	0
Apr 24, 2014 16:00:57	21	53	0
Apr 24, 2014 16:00:58	17	48	0
Apr 24, 2014 16:00:59	26	48	0
Apr 24, 2014 16:01:00	27	44	0
Apr 24, 2014 16:01:01	48	41	0
Apr 24, 2014 16:01:02	54	43	0
Apr 24, 2014 16:01:03	66	40	0
Apr 24, 2014 16:01:04	70	34	0
Apr 24, 2014 16:01:05	78	38	0
Apr 24, 2014 16:01:06	80	47	0
Apr 24, 2014 16:01:07	91	51	0
Apr 24, 2014 16:01:08	84	50	0
Apr 24, 2014 16:01:09	97	61	0
Apr 24, 2014 16:01:10	100	57	0
Apr 24, 2014 16:01:11	87	67	0
Apr 24, 2014 16:01:12	77	60	0
Apr 24, 2014 16:01:13	44	67	0
Apr 24, 2014 16:01:14	26	67	0
Apr 24, 2014 16:01:15	34	56	0
Apr 24, 2014 16:01:16	27	57	0
Apr 24, 2014 16:01:17	40	53	0
Apr 24, 2014 16:01:18	41	53	0
Apr 24, 2014 16:01:19	26	60	0
Apr 24, 2014 16:01:20	35	67	0
Apr 24, 2014 16:01:21	13	60	0
Apr 24, 2014 16:01:22	23	53	0
Apr 24, 2014 16:01:23	35	54	0
Apr 24, 2014 16:01:24	50	56	0
Apr 24, 2014 16:01:25	75	60	0
Apr 24, 2014 16:01:26	66	51	0
Apr 24, 2014 16:01:27	44	43	0
Apr 24, 2014 16:01:28	43	43	0
Apr 24, 2014 16:01:30	40	40	0
Apr 24, 2014 16:01:31	34	47	0
Apr 24, 2014 16:01:32	41	66	0
Apr 24, 2014 16:01:33	30	56	0
Apr 24, 2014 16:01:34	38	64	0
Apr 24, 2014 16:01:35	44	77	0
Apr 24, 2014 16:01:36	48	67	0
Apr 24, 2014 16:01:37	44	63	0
Apr 24, 2014 16:01:38	50	54	0
Apr 24, 2014 16:01:39	41	57	0
Apr 24, 2014 16:01:40	47	60	0
Apr 24, 2014 16:01:41	44	67	0
Apr 24, 2014 16:01:42	41	56	0
Apr 24, 2014 16:01:43	57	54	0
Apr 24, 2014 16:01:44	53	37	0
Apr 24, 2014 16:01:45	48	43	0
Apr 24, 2014 16:01:46	41	56	0
Apr 24, 2014 16:01:47	34	54	0
Apr 24, 2014 16:01:48	24	51	0
Apr 24, 2014 16:01:49	24	38	0
Apr 24, 2014 16:01:50	34	34	0
Apr 24, 2014 16:01:51	29	43	0
Apr 24, 2014 16:01:52	41	47	0
Apr 24, 2014 16:01:53	44	47	0
Apr 24, 2014 16:01:54	51	63	0
Apr 24, 2014 16:01:55	60	57	0
Apr 24, 2014 16:01:56	57	56	0
Apr 24, 2014 16:01:57	50	67	0
Apr 24, 2014 16:01:58	30	57	0
Apr 24, 2014 16:01:59	24	41	0
Apr 24, 2014 16:02:00	21	54	0
Apr 24, 2014 16:02:01	27	43	0
Apr 24, 2014 16:02:02	27	41	0
Apr 24, 2014 16:02:04	35	61	0
Apr 24, 2014 16:02:05	44	66	0
Apr 24, 2014 16:02:06	50	88	0
Apr 24, 2014 16:02:07	50	88	0
Apr 24, 2014 16:02:08	40	70	0
Apr 24, 2014 16:02:09	37	67	0
Apr 24, 2014 16:02:10	41	40	0
Apr 24, 2014 16:02:11	48	47	0
Apr 24, 2014 16:02:12	53	44	0
Apr 24, 2014 16:02:13	57	43	0
Apr 24, 2014 16:02:14	56	54	0
Apr 24, 2014 16:02:15	50	40	0
Apr 24, 2014 16:02:16	37	37	0
Apr 24, 2014 16:02:17	35	34	0
Apr 24, 2014 16:02:18	27	23	0
Apr 24, 2014 16:02:19	27	21	0
Apr 24, 2014 16:02:20	35	38	0
Apr 24, 2014 16:02:21	29	34	0
Apr 24, 2014 16:02:22	43	44	0
Apr 24, 2014 16:02:23	50	50	0
Apr 24, 2014 16:02:24	56	50	0
Apr 24, 2014 16:02:25	64	38	0
Apr 24, 2014 16:02:26	63	35	0
Apr 24, 2014 16:02:27	69	29	0
Apr 24, 2014 16:02:28	64	27	0
Apr 24, 2014 16:02:29	74	44	0
Apr 24, 2014 16:02:30	74	43	0
Apr 24, 2014 16:02:31	70	44	0
Apr 24, 2014 16:02:32	60	38	0
Apr 24, 2014 16:02:33	43	24	0
Apr 24, 2014 16:02:34	53	24	0
Apr 24, 2014 16:02:35	66	34	0
Apr 24, 2014 16:02:36	64	37	0
Apr 24, 2014 16:02:38	69	50	0
Apr 24, 2014 16:02:39	75	60	0
Apr 24, 2014 16:02:40	90	47	0
Apr 24, 2014 16:02:41	100	47	0
Apr 24, 2014 16:02:42	100	41	0
Apr 24, 2014 16:02:43	93	41	0
Apr 24, 2014 16:02:44	64	41	0
Apr 24, 2014 16:02:45	37	41	0
Apr 24, 2014 16:02:46	30	40	0
Apr 24, 2014 16:02:47	23	37	0
Apr 24, 2014 16:02:48	37	37	0
Apr 24, 2014 16:02:49	30	43	0
Apr 24, 2014 16:02:50	20	37	0
Apr 24, 2014 16:02:51	38	48	0
Apr 24, 2014 16:02:52	30	51	0
Apr 24, 2014 16:02:53	29	54	0
Apr 24, 2014 16:02:54	40	50	0
Apr 24, 2014 16:02:55	27	40	0
Apr 24, 2014 16:02:56	13	38	0
Apr 24, 2014 16:02:57	29	30	0
Apr 24, 2014 16:02:58	17	30	0
Apr 24, 2014 16:02:59	17	17	0
Apr 24, 2014 16:03:00	27	21	0
Apr 24, 2014 16:03:01	21	20	0
Apr 24, 2014 16:03:02	34	27	0
Apr 24, 2014 16:03:03	37	35	0
Apr 24, 2014 16:03:04	41	24	0
Apr 24, 2014 16:03:05	51	30	0
Apr 24, 2014 16:03:06	54	43	0
Apr 24, 2014 16:03:07	75	37	0
Apr 24, 2014 16:03:08	88	56	0
Apr 24, 2014 16:03:09	78	57	0
Apr 24, 2014 16:03:11	70	54	0
Apr 24, 2014 16:03:12	61	54	0
Apr 24, 2014 16:03:13	47	54	0
Apr 24, 2014 16:03:14	50	53	0
Apr 24, 2014 16:03:15	48	54	0
Apr 24, 2014 16:03:16	41	53	0
Apr 24, 2014 16:03:17	50	41	0
Apr 24, 2014 16:03:18	47	50	0
Apr 24, 2014 16:03:19	47	50	0
Apr 24, 2014 16:03:20	43	51	0
Apr 24, 2014 16:03:21	30	53	0
Apr 24, 2014 16:03:22	24	47	0
Apr 24, 2014 16:03:23	23	47	0
Apr 24, 2014 16:03:24	26	51	0
Apr 24, 2014 16:03:25	30	56	0
Apr 24, 2014 16:03:26	47	57	0
Apr 24, 2014 16:03:27	44	47	0
Apr 24, 2014 16:03:28	41	41	0
Apr 24, 2014 16:03:29	35	26	0
Apr 24, 2014 16:03:30	24	20	0
Apr 24, 2014 16:03:31	29	29	0
Apr 24, 2014 16:03:32	41	35	0
Apr 24, 2014 16:03:33	44	47	0
Apr 24, 2014 16:03:34	53	53	0
Apr 24, 2014 16:03:35	47	50	0
Apr 24, 2014 16:03:36	48	53	0
Apr 24, 2014 16:03:37	50	34	0
Apr 24, 2014 16:03:38	43	27	0
Apr 24, 2014 16:03:39	47	40	0
Apr 24, 2014 16:03:40	57	30	0
Apr 24, 2014 16:03:41	60	43	0
Apr 24, 2014 16:03:42	61	34	0
Apr 24, 2014 16:03:44	61	30	0
Apr 24, 2014 16:03:45	41	35	0
Apr 24, 2014 16:03:46	47	38	0
Apr 24, 2014 16:03:47	41	40	0
Apr 24, 2014 16:03:48	30	35	0
Apr 24, 2014 16:03:49	38	40	0
Apr 24, 2014 16:03:50	38	27	0
Apr 24, 2014 16:03:51	29	24	0
Apr 24, 2014 16:03:52	40	21	0
Apr 24, 2014 16:03:53	29	23	0
Apr 24, 2014 16:03:54	14	34	0
Apr 24, 2014 16:03:55	27	44	0
Apr 24, 2014 16:03:56	29	47	0
Apr 24, 2014 16:03:57	44	48	0
Apr 24, 2014 16:03:58	53	47	0
Apr 24, 2014 16:03:59	34	47	0
Apr 24, 2014 16:04:00	30	47	0
Apr 24, 2014 16:04:01	43	54	0
Apr 24, 2014 16:04:02	47	51	0
Apr 24, 2014 16:04:03	43	48	0
Apr 24, 2014 16:04:04	44	48	0
Apr 24, 2014 16:04:05	27	50	0
Apr 24, 2014 16:04:06	40	51	0
Apr 24, 2014 16:04:07	40	54	0
Apr 24, 2014 16:04:08	34	67	0
Apr 24, 2014 16:04:09	43	60	0
Apr 24, 2014 16:04:10	34	54	0
Apr 24, 2014 16:04:11	27	50	0
Apr 24, 2014 16:04:12	16	27	0
Apr 24, 2014 16:04:13	13	34	0
Apr 24, 2014 16:04:14	20	41	0
Apr 24, 2014 16:04:15	20	38	0
Apr 24, 2014 16:04:17	38	50	0
Apr 24, 2014 16:04:18	27	40	0
Apr 24, 2014 16:04:19	27	27	0
Apr 24, 2014 16:04:20	51	30	0
Apr 24, 2014 16:04:21	54	37	0
Apr 24, 2014 16:04:22	54	47	0
Apr 24, 2014 16:04:23	53	35	0
Apr 24, 2014 16:04:24	34	50	0
Apr 24, 2014 16:04:25	23	41	0
Apr 24, 2014 16:04:26	30	35	0
Apr 24, 2014 16:04:27	30	35	0
Apr 24, 2014 16:04:28	30	26	0
Apr 24, 2014 16:04:29	34	44	0
Apr 24, 2014 16:04:30	44	57	0
Apr 24, 2014 16:04:31	35	48	0
Apr 24, 2014 16:04:32	37	35	0
Apr 24, 2014 16:04:33	29	44	0
Apr 24, 2014 16:04:34	8	44	0
Apr 24, 2014 16:04:35	24	54	0
Apr 24, 2014 16:04:36	14	43	0
Apr 24, 2014 16:04:37	17	38	0
Apr 24, 2014 16:04:38	38	37	0
Apr 24, 2014 16:04:39	24	30	0
Apr 24, 2014 16:04:40	44	53	0
Apr 24, 2014 16:04:41	60	56	0
Apr 24, 2014 16:04:42	70	57	0
Apr 24, 2014 16:04:43	80	67	0
Apr 24, 2014 16:04:44	77	44	0
Apr 24, 2014 16:04:45	70	27	0
Apr 24, 2014 16:04:46	44	30	0
Apr 24, 2014 16:04:47	43	20	0
Apr 24, 2014 16:04:48	41	35	0
Apr 24, 2014 16:04:49	38	48	0
Apr 24, 2014 16:04:50	44	43	0
Apr 24, 2014 16:04:52	41	44	0
Apr 24, 2014 16:04:53	35	51	0
Apr 24, 2014 16:04:54	21	44	0
Apr 24, 2014 16:04:55	21	47	0
Apr 24, 2014 16:04:56	26	54	0
Apr 24, 2014 16:04:57	37	47	0
Apr 24, 2014 16:04:58	37	44	0
Apr 24, 2014 16:04:59	54	47	0
Apr 24, 2014 16:05:00	54	44	0
Apr 24, 2014 16:05:01	56	40	0
Apr 24, 2014 16:05:02	34	40	0
Apr 24, 2014 16:05:03	30	43	0
Apr 24, 2014 16:05:04	37	44	0
Apr 24, 2014 16:05:05	43	64	0
Apr 24, 2014 16:05:06	43	64	0
Apr 24, 2014 16:05:07	53	56	0
Apr 24, 2014 16:05:08	54	63	0
Apr 24, 2014 16:05:09	48	56	0
Apr 24, 2014 16:05:10	60	56	0
Apr 24, 2014 16:05:11	56	48	0
Apr 24, 2014 16:05:12	50	35	0
Apr 24, 2014 16:05:13	43	48	0
Apr 24, 2014 16:05:14	34	66	0
Apr 24, 2014 16:05:15	30	69	0
Apr 24, 2014 16:05:16	27	80	0
Apr 24, 2014 16:05:17	35	67	0
Apr 24, 2014 16:05:18	34	47	0
Apr 24, 2014 16:05:19	29	53	0
Apr 24, 2014 16:05:20	40	43	0
Apr 24, 2014 16:05:21	57	34	0
Apr 24, 2014 16:05:22	63	29	0
Apr 24, 2014 16:05:23	66	30	0
Apr 24, 2014 16:05:24	63	26	0
Apr 24, 2014 16:05:25	67	30	0
Apr 24, 2014 16:05:26	80	29	0
Apr 24, 2014 16:05:28	97	29	0
Apr 24, 2014 16:05:29	100	40	0
Apr 24, 2014 16:05:30	83	48	0
Apr 24, 2014 16:05:31	74	56	0
Apr 24, 2014 16:05:32	56	60	0
Apr 24, 2014 16:05:33	70	43	0
Apr 24, 2014 16:05:34	57	40	0
Apr 24, 2014 16:05:35	70	37	0
Apr 24, 2014 16:05:36	50	38	0
Apr 24, 2014 16:05:37	37	35	0
Apr 24, 2014 16:05:38	41	37	0
Apr 24, 2014 16:05:39	24	35	0
Apr 24, 2014 16:05:40	27	35	0
Apr 24, 2014 16:05:41	43	43	0
Apr 24, 2014 16:05:42	56	43	0
Apr 24, 2014 16:05:43	51	21	0
Apr 24, 2014 16:05:44	47	23	0
Apr 24, 2014 16:05:45	53	21	0
Apr 24, 2014 16:05:46	51	14	0
Apr 24, 2014 16:05:47	57	34	0
Apr 24, 2014 16:05:48	66	29	0
Apr 24, 2014 16:05:49	74	40	0
Apr 24, 2014 16:05:50	78	44	0
Apr 24, 2014 16:05:51	100	38	0
Apr 24, 2014 16:05:52	100	26	0
Apr 24, 2014 16:05:53	100	21	0
Apr 24, 2014 16:05:54	88	35	0
Apr 24, 2014 16:05:55	66	56	0
Apr 24, 2014 16:05:56	66	63	0
Apr 24, 2014 16:05:57	57	64	0
Apr 24, 2014 16:05:58	61	60	0
Apr 24, 2014 16:05:59	67	50	0
Apr 24, 2014 16:06:00	70	53	0
Apr 24, 2014 16:06:01	69	47	0
Apr 24, 2014 16:06:03	78	34	0
Apr 24, 2014 16:06:04	75	26	0
Apr 24, 2014 16:06:05	57	27	0
Apr 24, 2014 16:06:06	67	27	0
Apr 24, 2014 16:06:07	51	35	0
Apr 24, 2014 16:06:08	51	34	0
Apr 24, 2014 16:06:09	61	50	0
Apr 24, 2014 16:06:10	50	44	0
Apr 24, 2014 16:06:11	41	41	0
Apr 24, 2014 16:06:12	34	48	0
Apr 24, 2014 16:06:13	23	47	0
Apr 24, 2014 16:06:14	38	57	0
Apr 24, 2014 16:06:15	47	63	0
Apr 24, 2014 16:06:16	43	64	0
Apr 24, 2014 16:06:17	51	41	0
Apr 24, 2014 16:06:18	51	21	0
Apr 24, 2014 16:06:19	51	21	0
Apr 24, 2014 16:06:20	53	17	0
Apr 24, 2014 16:06:21	47	35	0
Apr 24, 2014 16:06:22	47	43	0
Apr 24, 2014 16:06:23	54	44	0
Apr 24, 2014 16:06:24	56	47	0
Apr 24, 2014 16:06:25	53	53	0
Apr 24, 2014 16:06:26	41	75	0
Apr 24, 2014 16:06:27	26	80	0
Apr 24, 2014 16:06:28	17	78	0
Apr 24, 2014 16:06:29	30	64	0
Apr 24, 2014 16:06:30	16	48	0
Apr 24, 2014 16:06:31	40	34	0
Apr 24, 2014 16:06:32	35	34	0
Apr 24, 2014 16:06:33	51	38	0
Apr 24, 2014 16:06:34	41	47	0
Apr 24, 2014 16:06:35	35	48	0
Apr 24, 2014 16:06:37	35	43	0
Apr 24, 2014 16:06:38	41	50	0
Apr 24, 2014 16:06:39	48	38	0
Apr 24, 2014 16:06:40	61	44	0
Apr 24, 2014 16:06:41	74	53	0
Apr 24, 2014 16:06:42	69	23	0
Apr 24, 2014 16:06:43	66	34	0
Apr 24, 2014 16:06:44	54	27	0
Apr 24, 2014 16:06:45	29	23	0
Apr 24, 2014 16:06:46	20	38	0
Apr 24, 2014 16:06:47	20	50	0
Apr 24, 2014 16:06:48	14	47	0
Apr 24, 2014 16:06:49	26	37	0
Apr 24, 2014 16:06:50	26	41	0
Apr 24, 2014 16:06:51	16	26	0
Apr 24, 2014 16:06:52	17	37	0
Apr 24, 2014 16:06:53	24	53	0
Apr 24, 2014 16:06:54	35	57	0
Apr 24, 2014 16:06:55	51	61	0
Apr 24, 2014 16:06:56	53	50	0
Apr 24, 2014 16:06:57	47	56	0
Apr 24, 2014 16:06:58	56	50	0
Apr 24, 2014 16:06:59	53	44	0
Apr 24, 2014 16:07:00	50	44	0
Apr 24, 2014 16:07:01	27	47	0
Apr 24, 2014 16:07:02	34	43	0
Apr 24, 2014 16:07:03	41	48	0
Apr 24, 2014 16:07:04	51	47	0
Apr 24, 2014 16:07:05	54	30	0
Apr 24, 2014 16:07:06	47	35	0
Apr 24, 2014 16:07:07	43	37	0
Apr 24, 2014 16:07:08	51	37	0
Apr 24, 2014 16:07:09	54	27	0
Apr 24, 2014 16:07:10	54	35	0
Apr 24, 2014 16:07:12	61	40	0
Apr 24, 2014 16:07:13	44	40	0
Apr 24, 2014 16:07:14	35	57	0
Apr 24, 2014 16:07:15	24	47	0
Apr 24, 2014 16:07:16	21	41	0
Apr 24, 2014 16:07:17	35	30	0
Apr 24, 2014 16:07:18	29	34	0
Apr 24, 2014 16:07:19	38	47	0
Apr 24, 2014 16:07:20	26	47	0
Apr 24, 2014 16:07:21	17	38	0
Apr 24, 2014 16:07:22	26	40	0
Apr 24, 2014 16:07:23	23	38	0
Apr 24, 2014 16:07:24	35	37	0
Apr 24, 2014 16:07:25	37	54	0
Apr 24, 2014 16:07:26	43	37	0
Apr 24, 2014 16:07:27	40	38	0
Apr 24, 2014 16:07:28	43	41	0
Apr 24, 2014 16:07:29	37	34	0
Apr 24, 2014 16:07:30	26	64	0
Apr 24, 2014 16:07:31	30	66	0
Apr 24, 2014 16:07:32	34	93	0
Apr 24, 2014 16:07:33	26	63	0
Apr 24, 2014 16:07:34	30	63	0
Apr 24, 2014 16:07:35	34	34	0
Apr 24, 2014 16:07:36	30	27	0
Apr 24, 2014 16:07:37	41	50	0
Apr 24, 2014 16:07:38	43	41	0
Apr 24, 2014 16:07:39	48	48	0
Apr 24, 2014 16:07:40	50	54	0
Apr 24, 2014 16:07:41	51	41	0
Apr 24, 2014 16:07:42	43	48	0
Apr 24, 2014 16:07:43	37	61	0
Apr 24, 2014 16:07:44	29	51	0
Apr 24, 2014 16:07:46	34	63	0
Apr 24, 2014 16:07:47	35	60	0
Apr 24, 2014 16:07:48	30	51	0
Apr 24, 2014 16:07:49	48	54	0
Apr 24, 2014 16:07:50	51	40	0
Apr 24, 2014 16:07:51	47	37	0
Apr 24, 2014 16:07:52	44	30	0
Apr 24, 2014 16:07:53	27	29	0
Apr 24, 2014 16:07:54	20	41	0
Apr 24, 2014 16:07:55	30	51	0
Apr 24, 2014 16:07:56	43	64	0
Apr 24, 2014 16:07:57	51	57	0
Apr 24, 2014 16:07:58	54	56	0
Apr 24, 2014 16:07:59	57	48	0
Apr 24, 2014 16:08:00	51	50	0
Apr 24, 2014 16:08:01	37	56	0
Apr 24, 2014 16:08:02	23	63	0
Apr 24, 2014 16:08:03	20	53	0
Apr 24, 2014 16:08:04	29	54	0
Apr 24, 2014 16:08:05	35	47	0
Apr 24, 2014 16:08:06	35	29	0
Apr 24, 2014 16:08:07	40	21	0
Apr 24, 2014 16:08:08	34	14	0
Apr 24, 2014 16:08:09	30	20	0
Apr 24, 2014 16:08:10	40	29	0
Apr 24, 2014 16:08:11	35	38	0
Apr 24, 2014 16:08:12	34	38	0
Apr 24, 2014 16:08:13	29	27	0
Apr 24, 2014 16:08:14	21	30	0
Apr 24, 2014 16:08:15	21	34	0
Apr 24, 2014 16:08:16	27	38	0
Apr 24, 2014 16:08:17	30	40	0
Apr 24, 2014 16:08:18	40	41	0
Apr 24, 2014 16:08:20	43	53	0
Apr 24, 2014 16:08:21	40	50	0
Apr 24, 2014 16:08:22	51	56	0
Apr 24, 2014 16:08:23	44	60	0
Apr 24, 2014 16:08:24	41	47	0
Apr 24, 2014 16:08:25	37	34	0
Apr 24, 2014 16:08:26	24	35	0
Apr 24, 2014 16:08:27	40	27	0
Apr 24, 2014 16:08:28	43	40	0
Apr 24, 2014 16:08:29	43	61	0
Apr 24, 2014 16:08:30	44	54	0
Apr 24, 2014 16:08:31	35	53	0
Apr 24, 2014 16:08:32	37	43	0
Apr 24, 2014 16:08:33	29	53	0
Apr 24, 2014 16:08:34	30	53	0
Apr 24, 2014 16:08:35	34	60	0
Apr 24, 2014 16:08:36	34	74	0
Apr 24, 2014 16:08:37	27	78	0
Apr 24, 2014 16:08:38	20	77	0
Apr 24, 2014 16:08:39	30	70	0
Apr 24, 2014 16:08:40	37	64	0
Apr 24, 2014 16:08:41	50	54	0
Apr 24, 2014 16:08:42	60	64	0
Apr 24, 2014 16:08:43	57	57	0
Apr 24, 2014 16:08:44	53	51	0
Apr 24, 2014 16:08:45	47	47	0
Apr 24, 2014 16:08:46	44	47	0
Apr 24, 2014 16:08:47	41	50	0
Apr 24, 2014 16:08:48	30	43	0
Apr 24, 2014 16:08:49	38	60	0
Apr 24, 2014 16:08:50	35	53	0
Apr 24, 2014 16:08:51	34	48	0
Apr 24, 2014 16:08:52	51	57	0
Apr 24, 2014 16:08:53	50	29	0
Apr 24, 2014 16:08:55	47	48	0
Apr 24, 2014 16:08:56	44	60	0
Apr 24, 2014 16:08:57	27	51	0
Apr 24, 2014 16:08:58	27	51	26
Apr 24, 2014 16:08:59	24	74	0
Apr 24, 2014 16:09:00	26	57	0
Apr 24, 2014 16:09:01	29	56	0
Apr 24, 2014 16:09:02	24	56	0
Apr 24, 2014 16:09:03	23	54	0
Apr 24, 2014 16:09:04	24	47	0
Apr 24, 2014 16:09:05	27	64	0
Apr 24, 2014 16:09:06	38	70	0
Apr 24, 2014 16:09:07	40	80	0
Apr 24, 2014 16:09:08	37	78	0
Apr 24, 2014 16:09:09	35	60	0
Apr 24, 2014 16:09:10	29	60	0
Apr 24, 2014 16:09:11	23	43	0
Apr 24, 2014 16:09:12	24	54	0
Apr 24, 2014 16:09:13	38	48	0
Apr 24, 2014 16:09:14	38	48	25
Apr 24, 2014 16:09:15	38	48	25
Apr 24, 2014 16:09:16	38	48	25
Apr 24, 2014 16:09:17	35	24	0
Apr 24, 2014 16:09:18	43	29	0
Apr 24, 2014 16:09:19	38	34	0
Apr 24, 2014 16:09:20	29	47	0
Apr 24, 2014 16:09:21	29	47	25
Apr 24, 2014 16:09:22	34	51	0
Apr 24, 2014 16:09:23	37	53	0
Apr 24, 2014 16:09:24	37	53	0
Apr 24, 2014 16:09:25	27	44	0
Apr 24, 2014 16:09:26	24	60	0
Apr 24, 2014 16:09:27	16	63	0
Apr 24, 2014 16:09:29	17	53	0
Apr 24, 2014 16:09:30	26	60	0
Apr 24, 2014 16:09:31	24	44	0
Apr 24, 2014 16:09:32	24	57	0
Apr 24, 2014 16:09:33	26	48	0
Apr 24, 2014 16:09:34	37	61	0
Apr 24, 2014 16:09:35	30	57	0
Apr 24, 2014 16:09:36	24	44	0
Apr 24, 2014 16:09:37	24	44	26
Apr 24, 2014 16:09:38	21	53	0
Apr 24, 2014 16:09:39	21	53	25
Apr 24, 2014 16:09:40	21	53	25
Apr 24, 2014 16:09:41	21	53	25
Apr 24, 2014 16:09:42	14	50	0
Apr 24, 2014 16:09:43	16	53	0
Apr 24, 2014 16:09:44	21	57	0
Apr 24, 2014 16:09:45	14	63	0
Apr 24, 2014 16:09:46	20	53	0
Apr 24, 2014 16:09:47	16	48	0
Apr 24, 2014 16:09:48	16	48	0
Apr 24, 2014 16:09:49	16	48	26
Apr 24, 2014 16:09:50	24	43	0
Apr 24, 2014 16:09:51	27	51	0
Apr 24, 2014 16:09:52	24	35	0
Apr 24, 2014 16:09:53	27	34	0
Apr 24, 2014 16:09:54	27	34	51
Apr 24, 2014 16:09:55	29	26	0
Apr 24, 2014 16:09:56	26	14	0
Apr 24, 2014 16:09:57	53	35	0
Apr 24, 2014 16:09:58	53	35	51
Apr 24, 2014 16:09:59	64	41	0
Apr 24, 2014 16:10:00	63	51	0
Apr 24, 2014 16:10:01	67	64	0
Apr 24, 2014 16:10:03	67	64	25
Apr 24, 2014 16:10:04	54	69	0
Apr 24, 2014 16:10:05	41	57	0
Apr 24, 2014 16:10:06	41	57	51
Apr 24, 2014 16:10:07	41	57	51
Apr 24, 2014 16:10:08	43	38	0
Apr 24, 2014 16:10:09	35	21	0
Apr 24, 2014 16:10:10	26	14	0
Apr 24, 2014 16:10:11	26	14	25
Apr 24, 2014 16:10:12	24	26	0
Apr 24, 2014 16:10:13	20	35	0
Apr 24, 2014 16:10:14	7	44	0
Apr 24, 2014 16:10:15	20	44	0
Apr 24, 2014 16:10:16	37	35	0
Apr 24, 2014 16:10:17	40	44	0
Apr 24, 2014 16:10:18	60	44	0
Apr 24, 2014 16:10:19	56	40	0
Apr 24, 2014 16:10:20	53	51	0
Apr 24, 2014 16:10:21	67	35	0
Apr 24, 2014 16:10:22	66	29	0
Apr 24, 2014 16:10:23	61	48	0
Apr 24, 2014 16:10:24	51	53	0
Apr 24, 2014 16:10:25	38	57	0
Apr 24, 2014 16:10:26	34	74	0
Apr 24, 2014 16:10:27	27	57	0
Apr 24, 2014 16:10:28	29	47	0
Apr 24, 2014 16:10:29	34	57	0
Apr 24, 2014 16:10:30	38	60	0
Apr 24, 2014 16:10:31	51	66	0
Apr 24, 2014 16:10:32	61	54	0
Apr 24, 2014 16:10:33	69	54	0
Apr 24, 2014 16:10:34	70	60	0
Apr 24, 2014 16:10:36	63	51	0
Apr 24, 2014 16:10:37	60	51	0
Apr 24, 2014 16:10:38	61	48	0
Apr 24, 2014 16:10:39	53	38	0
Apr 24, 2014 16:10:40	44	48	0
Apr 24, 2014 16:10:41	30	37	0
Apr 24, 2014 16:10:42	27	30	0
Apr 24, 2014 16:10:43	50	37	0
Apr 24, 2014 16:10:44	47	35	0
Apr 24, 2014 16:10:45	53	50	0
Apr 24, 2014 16:10:46	44	61	0
Apr 24, 2014 16:10:47	21	63	0
Apr 24, 2014 16:10:48	29	57	0
Apr 24, 2014 16:10:49	35	67	0
Apr 24, 2014 16:10:50	43	54	0
Apr 24, 2014 16:10:51	53	56	0
Apr 24, 2014 16:10:52	43	50	0
Apr 24, 2014 16:10:53	43	50	51
Apr 24, 2014 16:10:54	43	50	25
Apr 24, 2014 16:10:55	35	40	0
Apr 24, 2014 16:10:56	30	50	0
Apr 24, 2014 16:10:57	29	51	0
Apr 24, 2014 16:10:58	43	47	0
Apr 24, 2014 16:10:59	41	40	0
Apr 24, 2014 16:11:00	40	27	0
Apr 24, 2014 16:11:01	41	37	0
Apr 24, 2014 16:11:02	41	54	0
Apr 24, 2014 16:11:03	35	51	0
Apr 24, 2014 16:11:04	37	60	0
Apr 24, 2014 16:11:05	37	60	51
Apr 24, 2014 16:11:06	37	54	0
Apr 24, 2014 16:11:07	37	54	51
Apr 24, 2014 16:11:09	38	60	0
Apr 24, 2014 16:11:10	43	78	0
Apr 24, 2014 16:11:11	43	78	25
Apr 24, 2014 16:11:12	43	78	51
Apr 24, 2014 16:11:13	43	78	25
Apr 24, 2014 16:11:14	41	60	0
Apr 24, 2014 16:11:15	41	60	26
Apr 24, 2014 16:11:16	51	61	0
Apr 24, 2014 16:11:17	51	61	25
Apr 24, 2014 16:11:18	44	41	0
Apr 24, 2014 16:11:19	47	27	0
Apr 24, 2014 16:11:20	47	27	51
Apr 24, 2014 16:11:21	47	27	51
Apr 24, 2014 16:11:22	51	56	0
Apr 24, 2014 16:11:23	51	60	0
Apr 24, 2014 16:11:24	51	60	25
Apr 24, 2014 16:11:25	43	61	0
Apr 24, 2014 16:11:26	50	61	0
Apr 24, 2014 16:11:27	37	40	0
Apr 24, 2014 16:11:28	37	40	25
Apr 24, 2014 16:11:29	37	40	25
Apr 24, 2014 16:11:30	37	40	25
Apr 24, 2014 16:11:31	41	54	0
Apr 24, 2014 16:11:32	41	54	25
Apr 24, 2014 16:11:33	43	48	0
Apr 24, 2014 16:11:34	44	50	0
Apr 24, 2014 16:11:35	48	43	0
Apr 24, 2014 16:11:36	48	43	25
Apr 24, 2014 16:11:37	57	29	0
Apr 24, 2014 16:11:38	51	27	0
Apr 24, 2014 16:11:39	47	41	0
Apr 24, 2014 16:11:40	29	48	0
Apr 24, 2014 16:11:42	29	48	25
Apr 24, 2014 16:11:43	29	48	25
Apr 24, 2014 16:11:44	29	48	25
Apr 24, 2014 16:11:45	23	60	0
Apr 24, 2014 16:11:46	37	75	0
Apr 24, 2014 16:11:47	47	60	0
Apr 24, 2014 16:11:48	63	69	0
Apr 24, 2014 16:11:49	63	69	51
Apr 24, 2014 16:11:50	53	63	0
Apr 24, 2014 16:11:51	40	64	0
Apr 24, 2014 16:11:52	35	64	0
Apr 24, 2014 16:11:53	30	54	0
Apr 24, 2014 16:11:54	35	47	0
Apr 24, 2014 16:11:55	38	30	0
Apr 24, 2014 16:11:56	35	35	0
Apr 24, 2014 16:11:57	44	34	0
Apr 24, 2014 16:11:58	30	24	0
Apr 24, 2014 16:11:59	41	20	0
Apr 24, 2014 16:12:00	43	7	0
Apr 24, 2014 16:12:01	38	4	0
Apr 24, 2014 16:12:02	47	21	0
Apr 24, 2014 16:12:03	29	16	0
Apr 24, 2014 16:12:04	29	16	0
Apr 24, 2014 16:12:05	40	35	0
Apr 24, 2014 16:12:06	29	34	0
Apr 24, 2014 16:12:07	37	44	0
Apr 24, 2014 16:12:08	34	56	0
Apr 24, 2014 16:12:09	35	50	0
Apr 24, 2014 16:12:10	38	56	0
Apr 24, 2014 16:12:11	38	60	0
Apr 24, 2014 16:12:12	29	51	0
Apr 24, 2014 16:12:13	21	50	0
Apr 24, 2014 16:12:14	23	26	0
Apr 24, 2014 16:12:16	29	14	0
Apr 24, 2014 16:12:17	38	7	0
Apr 24, 2014 16:12:18	43	24	0
Apr 24, 2014 16:12:19	53	44	0
Apr 24, 2014 16:12:20	51	57	0
Apr 24, 2014 16:12:21	57	70	0
Apr 24, 2014 16:12:22	57	61	0
Apr 24, 2014 16:12:23	40	64	0
Apr 24, 2014 16:12:24	34	69	0
Apr 24, 2014 16:12:25	37	70	0
Apr 24, 2014 16:12:26	44	66	0
Apr 24, 2014 16:12:27	48	41	0
Apr 24, 2014 16:12:28	48	37	0
Apr 24, 2014 16:12:29	51	37	0
Apr 24, 2014 16:12:30	50	40	0
Apr 24, 2014 16:12:31	43	60	0
Apr 24, 2014 16:12:32	30	35	0
Apr 24, 2014 16:12:33	16	21	0
Apr 24, 2014 16:12:34	24	29	0
Apr 24, 2014 16:12:35	35	34	0
Apr 24, 2014 16:12:36	41	53	0
Apr 24, 2014 16:12:37	44	60	0
Apr 24, 2014 16:12:38	41	53	0
Apr 24, 2014 16:12:39	30	34	0
Apr 24, 2014 16:12:40	35	24	0
Apr 24, 2014 16:12:41	41	21	0
Apr 24, 2014 16:12:42	48	23	0
Apr 24, 2014 16:12:43	56	37	0
Apr 24, 2014 16:12:44	43	40	0
Apr 24, 2014 16:12:45	43	48	0
Apr 24, 2014 16:12:46	29	53	0
Apr 24, 2014 16:12:47	17	38	0
Apr 24, 2014 16:12:48	26	56	0
Apr 24, 2014 16:12:50	11	51	0
Apr 24, 2014 16:12:51	16	51	0
Apr 24, 2014 16:12:52	26	70	0
Apr 24, 2014 16:12:53	23	53	0
Apr 24, 2014 16:12:54	24	53	0
Apr 24, 2014 16:12:55	34	57	0
Apr 24, 2014 16:12:56	27	66	0
Apr 24, 2014 16:12:57	44	87	0
Apr 24, 2014 16:12:58	34	70	0
Apr 24, 2014 16:12:59	23	78	0
Apr 24, 2014 16:13:00	27	70	0
Apr 24, 2014 16:13:01	13	51	0
Apr 24, 2014 16:13:02	23	47	0
Apr 24, 2014 16:13:03	29	26	0
Apr 24, 2014 16:13:04	29	26	0
Apr 24, 2014 16:13:05	30	29	0
Apr 24, 2014 16:13:06	29	48	0
Apr 24, 2014 16:13:07	29	54	0
Apr 24, 2014 16:13:08	35	64	0
Apr 24, 2014 16:13:09	47	56	0
Apr 24, 2014 16:13:10	47	44	0
Apr 24, 2014 16:13:11	57	54	0
Apr 24, 2014 16:13:12	53	47	0
Apr 24, 2014 16:13:13	43	43	0
Apr 24, 2014 16:13:14	50	47	0
Apr 24, 2014 16:13:15	43	26	0
Apr 24, 2014 16:13:16	47	26	0
Apr 24, 2014 16:13:17	48	24	0
Apr 24, 2014 16:13:18	53	16	0
Apr 24, 2014 16:13:19	44	29	0
Apr 24, 2014 16:13:20	50	43	0
Apr 24, 2014 16:13:21	44	40	0
Apr 24, 2014 16:13:22	30	54	0
Apr 24, 2014 16:13:23	27	47	0
Apr 24, 2014 16:13:25	13	40	0
Apr 24, 2014 16:13:26	29	44	0
Apr 24, 2014 16:13:27	24	47	0
Apr 24, 2014 16:13:28	35	56	0
Apr 24, 2014 16:13:29	53	56	0
Apr 24, 2014 16:13:30	57	54	0
Apr 24, 2014 16:13:31	69	69	0
Apr 24, 2014 16:13:32	64	63	0
Apr 24, 2014 16:13:33	47	56	0
Apr 24, 2014 16:13:34	38	53	0
Apr 24, 2014 16:13:35	38	53	0
Apr 24, 2014 16:13:36	47	64	0
Apr 24, 2014 16:13:37	53	56	0
Apr 24, 2014 16:13:38	54	69	0
Apr 24, 2014 16:13:39	54	57	0
Apr 24, 2014 16:13:40	48	40	0
Apr 24, 2014 16:13:41	51	54	0
Apr 24, 2014 16:13:42	56	53	0
Apr 24, 2014 16:13:43	56	50	0
Apr 24, 2014 16:13:44	70	44	0
Apr 24, 2014 16:13:45	63	38	0
Apr 24, 2014 16:13:46	53	38	0
Apr 24, 2014 16:13:47	47	37	0
Apr 24, 2014 16:13:48	38	43	0
Apr 24, 2014 16:13:49	35	44	0
Apr 24, 2014 16:13:50	29	24	0
Apr 24, 2014 16:13:51	26	21	0
Apr 24, 2014 16:13:52	14	14	0
Apr 24, 2014 16:13:53	17	8	0
Apr 24, 2014 16:13:54	20	27	0
Apr 24, 2014 16:13:55	29	24	0
Apr 24, 2014 16:13:56	26	34	0
Apr 24, 2014 16:13:57	30	50	0
Apr 24, 2014 16:13:59	43	47	0
Apr 24, 2014 16:14:00	37	54	0
Apr 24, 2014 16:14:01	30	51	0
Apr 24, 2014 16:14:02	26	27	0
Apr 24, 2014 16:14:03	26	26	0
Apr 24, 2014 16:14:04	34	23	0
Apr 24, 2014 16:14:05	30	23	0
Apr 24, 2014 16:14:06	41	40	0
Apr 24, 2014 16:14:07	38	37	0
Apr 24, 2014 16:14:08	29	29	0
Apr 24, 2014 16:14:09	38	48	0
Apr 24, 2014 16:14:10	24	48	0
Apr 24, 2014 16:14:11	29	38	0
Apr 24, 2014 16:14:12	41	48	0
Apr 24, 2014 16:14:13	50	47	0
Apr 24, 2014 16:14:14	60	41	0
Apr 24, 2014 16:14:15	64	41	0
Apr 24, 2014 16:14:16	66	48	0
Apr 24, 2014 16:14:17	61	24	0
Apr 24, 2014 16:14:18	63	44	0
Apr 24, 2014 16:14:19	51	56	0
Apr 24, 2014 16:14:20	43	48	0
Apr 24, 2014 16:14:21	47	61	0
Apr 24, 2014 16:14:22	29	51	0
Apr 24, 2014 16:14:23	34	47	0
Apr 24, 2014 16:14:24	29	54	0
Apr 24, 2014 16:14:25	47	51	0
Apr 24, 2014 16:14:26	61	54	0
Apr 24, 2014 16:14:27	75	70	0
Apr 24, 2014 16:14:28	77	60	0
Apr 24, 2014 16:14:29	78	60	0
Apr 24, 2014 16:14:30	60	61	0
Apr 24, 2014 16:14:31	54	48	0
Apr 24, 2014 16:14:33	57	50	0
Apr 24, 2014 16:14:34	64	48	0
Apr 24, 2014 16:14:35	61	43	0
Apr 24, 2014 16:14:36	54	34	0
Apr 24, 2014 16:14:37	50	29	0
Apr 24, 2014 16:14:38	37	47	0
Apr 24, 2014 16:14:39	41	53	0
Apr 24, 2014 16:14:40	48	70	0
Apr 24, 2014 16:14:41	44	75	0
Apr 24, 2014 16:14:42	50	70	0
Apr 24, 2014 16:14:43	53	75	0
Apr 24, 2014 16:14:44	41	64	0
Apr 24, 2014 16:14:45	30	56	0
Apr 24, 2014 16:14:46	34	50	0
Apr 24, 2014 16:14:47	38	50	0
Apr 24, 2014 16:14:48	35	63	0
Apr 24, 2014 16:14:49	38	74	0
Apr 24, 2014 16:14:50	27	63	0
Apr 24, 2014 16:14:51	8	53	0
Apr 24, 2014 16:14:52	13	37	0
Apr 24, 2014 16:14:53	3	30	0
Apr 24, 2014 16:14:54	24	34	0
Apr 24, 2014 16:14:55	26	54	0
Apr 24, 2014 16:14:56	47	53	0
Apr 24, 2014 16:14:57	41	60	0
Apr 24, 2014 16:14:58	38	69	0
Apr 24, 2014 16:14:59	35	54	0
Apr 24, 2014 16:15:00	11	48	0
Apr 24, 2014 16:15:01	13	44	0
Apr 24, 2014 16:15:02	16	41	0
Apr 24, 2014 16:15:03	27	51	0
Apr 24, 2014 16:15:04	41	53	0
Apr 24, 2014 16:15:05	53	56	0
Apr 24, 2014 16:15:07	53	37	0
Apr 24, 2014 16:15:08	54	24	0
Apr 24, 2014 16:15:09	67	29	0
Apr 24, 2014 16:15:10	61	26	0
Apr 24, 2014 16:15:11	60	38	0
Apr 24, 2014 16:15:12	47	40	0
Apr 24, 2014 16:15:13	29	29	0
Apr 24, 2014 16:15:14	23	41	0
Apr 24, 2014 16:15:15	27	50	0
Apr 24, 2014 16:15:16	14	41	0
Apr 24, 2014 16:15:17	20	56	0
Apr 24, 2014 16:15:18	24	43	0
Apr 24, 2014 16:15:19	21	50	0
Apr 24, 2014 16:15:20	34	61	0
Apr 24, 2014 16:15:21	37	48	0
Apr 24, 2014 16:15:22	30	44	0
Apr 24, 2014 16:15:23	27	38	0
Apr 24, 2014 16:15:24	26	47	0
Apr 24, 2014 16:15:25	20	50	0
Apr 24, 2014 16:15:26	23	60	0
Apr 24, 2014 16:15:27	16	56	0
Apr 24, 2014 16:15:28	16	56	0
Apr 24, 2014 16:15:29	24	74	0
Apr 24, 2014 16:15:30	27	66	0
Apr 24, 2014 16:15:31	35	75	0
Apr 24, 2014 16:15:32	30	81	0
Apr 24, 2014 16:15:33	26	77	0
Apr 24, 2014 16:15:34	24	83	0
Apr 24, 2014 16:15:35	29	81	0
Apr 24, 2014 16:15:36	30	80	0
Apr 24, 2014 16:15:37	47	87	0
Apr 24, 2014 16:15:38	41	69	0
Apr 24, 2014 16:15:39	41	69	0
Apr 24, 2014 16:15:40	56	75	0
Apr 24, 2014 16:15:41	43	54	0
Apr 24, 2014 16:15:42	63	64	0
Apr 24, 2014 16:15:44	63	64	0
Apr 24, 2014 16:15:45	50	43	0
Apr 24, 2014 16:15:46	53	57	0
Apr 24, 2014 16:15:47	40	50	0
Apr 24, 2014 16:15:48	44	64	0
Apr 24, 2014 16:15:49	43	77	0
Apr 24, 2014 16:15:50	47	67	0
Apr 24, 2014 16:15:51	47	75	0
Apr 24, 2014 16:15:52	43	70	0
Apr 24, 2014 16:15:53	38	51	0
Apr 24, 2014 16:15:54	35	63	0
Apr 24, 2014 16:15:55	17	54	0
Apr 24, 2014 16:15:56	20	60	0
Apr 24, 2014 16:15:57	26	43	0
Apr 24, 2014 16:15:58	38	56	0
Apr 24, 2014 16:15:59	29	34	0
Apr 24, 2014 16:16:00	41	35	0
Apr 24, 2014 16:16:01	38	40	0
Apr 24, 2014 16:16:02	37	34	0
Apr 24, 2014 16:16:03	43	64	0
Apr 24, 2014 16:16:04	38	63	0
Apr 24, 2014 16:16:05	40	67	0
Apr 24, 2014 16:16:06	38	66	0
Apr 24, 2014 16:16:07	29	63	0
Apr 24, 2014 16:16:08	30	56	0
Apr 24, 2014 16:16:09	27	44	0
Apr 24, 2014 16:16:10	43	53	0
Apr 24, 2014 16:16:11	47	40	0
Apr 24, 2014 16:16:12	51	41	0
Apr 24, 2014 16:16:13	56	47	0
Apr 24, 2014 16:16:14	51	44	0
Apr 24, 2014 16:16:15	48	57	0
Apr 24, 2014 16:16:16	44	60	0
Apr 24, 2014 16:16:17	41	63	0
Apr 24, 2014 16:16:18	48	66	0
Apr 24, 2014 16:16:20	53	48	0
Apr 24, 2014 16:16:21	63	50	0
Apr 24, 2014 16:16:22	63	57	0
Apr 24, 2014 16:16:23	51	50	0
Apr 24, 2014 16:16:24	54	64	0
Apr 24, 2014 16:16:25	43	74	0
Apr 24, 2014 16:16:26	40	50	0
Apr 24, 2014 16:16:27	43	35	0
Apr 24, 2014 16:16:28	34	13	0
Apr 24, 2014 16:16:29	29	23	0
Apr 24, 2014 16:16:30	26	34	0
Apr 24, 2014 16:16:31	11	37	0
Apr 24, 2014 16:16:32	29	44	0
Apr 24, 2014 16:16:33	30	51	0
Apr 24, 2014 16:16:34	41	50	0
Apr 24, 2014 16:16:35	43	40	0
Apr 24, 2014 16:16:36	40	50	0
Apr 24, 2014 16:16:37	41	50	0
Apr 24, 2014 16:16:38	56	47	0
Apr 24, 2014 16:16:39	78	61	0
Apr 24, 2014 16:16:40	70	51	0
Apr 24, 2014 16:16:41	81	48	0
Apr 24, 2014 16:16:42	61	57	0
Apr 24, 2014 16:16:43	61	57	0
Apr 24, 2014 16:16:44	44	66	0
Apr 24, 2014 16:16:45	40	56	0
Apr 24, 2014 16:16:46	48	53	0
Apr 24, 2014 16:16:47	57	53	0
Apr 24, 2014 16:16:48	43	38	0
Apr 24, 2014 16:16:49	37	48	0
Apr 24, 2014 16:16:50	30	50	0
Apr 24, 2014 16:16:51	38	47	0
Apr 24, 2014 16:16:52	54	57	0
Apr 24, 2014 16:16:53	57	61	0
Apr 24, 2014 16:16:54	63	54	0
Apr 24, 2014 16:16:55	43	50	0
Apr 24, 2014 16:16:57	29	48	0
Apr 24, 2014 16:16:58	27	38	0
Apr 24, 2014 16:16:59	24	56	0
Apr 24, 2014 16:17:00	34	61	0
Apr 24, 2014 16:17:01	27	61	0
Apr 24, 2014 16:17:02	30	64	0
Apr 24, 2014 16:17:03	38	47	0
Apr 24, 2014 16:17:04	41	35	0
Apr 24, 2014 16:17:05	50	29	0
Apr 24, 2014 16:17:06	56	26	0
Apr 24, 2014 16:17:07	61	40	0
Apr 24, 2014 16:17:08	50	47	0
Apr 24, 2014 16:17:09	51	51	0
Apr 24, 2014 16:17:10	48	57	0
Apr 24, 2014 16:17:11	37	57	0
Apr 24, 2014 16:17:12	41	44	0
Apr 24, 2014 16:17:13	41	53	0
Apr 24, 2014 16:17:14	40	57	0
Apr 24, 2014 16:17:15	56	48	0
Apr 24, 2014 16:17:16	56	57	0
Apr 24, 2014 16:17:17	48	60	0
Apr 24, 2014 16:17:18	53	48	0
Apr 24, 2014 16:17:19	53	48	51
Apr 24, 2014 16:17:20	27	60	0
Apr 24, 2014 16:17:21	37	61	0
Apr 24, 2014 16:17:22	27	47	0
Apr 24, 2014 16:17:23	27	47	51
Apr 24, 2014 16:17:24	27	56	0
Apr 24, 2014 16:17:25	38	47	0
Apr 24, 2014 16:17:26	34	51	0
Apr 24, 2014 16:17:27	43	54	0
Apr 24, 2014 16:17:28	40	44	0
Apr 24, 2014 16:17:29	43	61	0
Apr 24, 2014 16:17:30	35	66	0
Apr 24, 2014 16:17:31	38	80	0
Apr 24, 2014 16:17:33	38	66	0
Apr 24, 2014 16:17:34	35	69	0
Apr 24, 2014 16:17:35	54	61	0
Apr 24, 2014 16:17:36	56	38	0
Apr 24, 2014 16:17:37	48	29	0
Apr 24, 2014 16:17:38	57	23	0
Apr 24, 2014 16:17:39	50	27	0
Apr 24, 2014 16:17:40	40	43	0
Apr 24, 2014 16:17:41	48	56	0
Apr 24, 2014 16:17:42	43	64	0
Apr 24, 2014 16:17:43	27	74	0
Apr 24, 2014 16:17:44	27	74	51
Apr 24, 2014 16:17:45	23	75	0
Apr 24, 2014 16:17:46	7	69	0
Apr 24, 2014 16:17:47	11	74	0
Apr 24, 2014 16:17:48	27	63	0
Apr 24, 2014 16:17:49	29	61	0
Apr 24, 2014 16:17:50	41	66	0
Apr 24, 2014 16:17:51	37	50	0
Apr 24, 2014 16:17:52	29	48	0
Apr 24, 2014 16:17:53	41	38	0
Apr 24, 2014 16:17:54	40	26	0
Apr 24, 2014 16:17:55	40	26	51
Apr 24, 2014 16:17:56	40	26	26
Apr 24, 2014 16:17:57	40	41	0
Apr 24, 2014 16:17:58	48	44	0
Apr 24, 2014 16:17:59	37	44	0
Apr 24, 2014 16:18:00	44	47	0
Apr 24, 2014 16:18:01	26	27	0
Apr 24, 2014 16:18:02	40	41	0
Apr 24, 2014 16:18:03	43	47	0
Apr 24, 2014 16:18:04	48	50	0
Apr 24, 2014 16:18:05	48	70	0
Apr 24, 2014 16:18:06	43	70	0
Apr 24, 2014 16:18:07	30	78	0
Apr 24, 2014 16:18:09	17	75	0
Apr 24, 2014 16:18:10	24	51	0
Apr 24, 2014 16:18:11	21	47	0
Apr 24, 2014 16:18:12	30	37	0
Apr 24, 2014 16:18:13	50	35	0
Apr 24, 2014 16:18:14	47	26	0
Apr 24, 2014 16:18:15	51	29	0
Apr 24, 2014 16:18:16	51	21	0
Apr 24, 2014 16:18:17	50	40	0
Apr 24, 2014 16:18:18	50	40	25
Apr 24, 2014 16:18:19	50	56	0
Apr 24, 2014 16:18:20	53	51	0
Apr 24, 2014 16:18:21	54	70	0
Apr 24, 2014 16:18:22	50	57	0
Apr 24, 2014 16:18:23	66	53	0
Apr 24, 2014 16:18:24	63	57	0
Apr 24, 2014 16:18:25	69	54	0
Apr 24, 2014 16:18:26	66	57	0
Apr 24, 2014 16:18:27	60	57	0
Apr 24, 2014 16:18:28	53	60	0
Apr 24, 2014 16:18:29	43	48	0
Apr 24, 2014 16:18:30	50	50	0
Apr 24, 2014 16:18:31	38	51	0
Apr 24, 2014 16:18:32	40	75	0
Apr 24, 2014 16:18:33	23	78	0
Apr 24, 2014 16:18:34	23	90	0
Apr 24, 2014 16:18:35	23	84	0
Apr 24, 2014 16:18:36	26	57	0
Apr 24, 2014 16:18:37	30	61	0
Apr 24, 2014 16:18:38	47	41	0
Apr 24, 2014 16:18:39	44	30	0
Apr 24, 2014 16:18:40	50	43	0
Apr 24, 2014 16:18:41	48	35	0
Apr 24, 2014 16:18:42	43	35	0
Apr 24, 2014 16:18:43	50	41	0
Apr 24, 2014 16:18:44	50	50	0
Apr 24, 2014 16:18:46	50	54	0
Apr 24, 2014 16:18:47	50	66	0
Apr 24, 2014 16:18:48	44	69	0
Apr 24, 2014 16:18:49	38	54	0
Apr 24, 2014 16:18:50	38	56	0
Apr 24, 2014 16:18:51	29	64	0
Apr 24, 2014 16:18:52	21	66	0
Apr 24, 2014 16:18:53	24	78	0
Apr 24, 2014 16:18:54	43	69	0
Apr 24, 2014 16:18:55	56	75	0
Apr 24, 2014 16:18:56	60	84	0
Apr 24, 2014 16:18:57	67	81	0
Apr 24, 2014 16:18:58	56	80	0
Apr 24, 2014 16:18:59	41	61	0
Apr 24, 2014 16:19:00	53	51	0
Apr 24, 2014 16:19:01	50	50	0
Apr 24, 2014 16:19:02	51	57	0
Apr 24, 2014 16:19:03	57	61	0
Apr 24, 2014 16:19:04	43	38	0
Apr 24, 2014 16:19:05	44	38	0
Apr 24, 2014 16:19:06	43	35	0
Apr 24, 2014 16:19:07	38	38	0
Apr 24, 2014 16:19:08	35	41	0
Apr 24, 2014 16:19:09	20	41	0
Apr 24, 2014 16:19:10	26	41	0
Apr 24, 2014 16:19:11	37	47	0
Apr 24, 2014 16:19:12	50	57	0
Apr 24, 2014 16:19:13	56	54	0
Apr 24, 2014 16:19:14	50	57	0
Apr 24, 2014 16:19:15	47	44	0
Apr 24, 2014 16:19:16	38	47	0
Apr 24, 2014 16:19:17	47	50	0
Apr 24, 2014 16:19:18	50	48	0
Apr 24, 2014 16:19:19	53	66	0
Apr 24, 2014 16:19:20	60	61	0
Apr 24, 2014 16:19:21	53	50	0
Apr 24, 2014 16:19:23	69	54	0
Apr 24, 2014 16:19:24	61	48	0
Apr 24, 2014 16:19:25	54	43	0
Apr 24, 2014 16:19:26	61	48	0
Apr 24, 2014 16:19:27	40	57	0
Apr 24, 2014 16:19:28	44	57	0
Apr 24, 2014 16:19:29	47	77	0
Apr 24, 2014 16:19:30	47	67	0
Apr 24, 2014 16:19:31	41	48	0
Apr 24, 2014 16:19:32	40	41	0
Apr 24, 2014 16:19:33	41	17	0
Apr 24, 2014 16:19:34	43	24	0
Apr 24, 2014 16:19:35	35	44	0
Apr 24, 2014 16:19:36	17	78	0
Apr 24, 2014 16:19:37	27	69	0
Apr 24, 2014 16:19:38	34	63	0
Apr 24, 2014 16:19:39	34	63	25
Apr 24, 2014 16:19:40	29	47	0
Apr 24, 2014 16:19:41	35	29	0
Apr 24, 2014 16:19:42	35	29	0
Apr 24, 2014 16:19:43	47	63	0
Apr 24, 2014 16:19:44	56	81	0
Apr 24, 2014 16:19:45	64	83	0
Apr 24, 2014 16:19:46	57	77	0
Apr 24, 2014 16:19:47	43	44	0
Apr 24, 2014 16:19:48	41	51	0
Apr 24, 2014 16:19:49	40	56	0
Apr 24, 2014 16:19:50	35	54	0
Apr 24, 2014 16:19:51	48	63	0
Apr 24, 2014 16:19:52	43	41	0
Apr 24, 2014 16:19:53	43	41	25
Apr 24, 2014 16:19:54	40	30	0
Apr 24, 2014 16:19:55	34	50	0
Apr 24, 2014 16:19:56	14	51	0
Apr 24, 2014 16:19:57	13	47	0
Apr 24, 2014 16:19:59	21	47	0
Apr 24, 2014 16:20:00	41	16	0
Apr 24, 2014 16:20:01	48	27	0
Apr 24, 2014 16:20:02	48	34	0
Apr 24, 2014 16:20:03	35	54	0
Apr 24, 2014 16:20:04	26	66	0
Apr 24, 2014 16:20:05	26	66	51
Apr 24, 2014 16:20:06	34	54	0
Apr 24, 2014 16:20:07	40	66	25
Apr 24, 2014 16:20:08	41	57	0
Apr 24, 2014 16:20:09	50	51	0
Apr 24, 2014 16:20:10	51	48	0
Apr 24, 2014 16:20:11	51	64	0
Apr 24, 2014 16:20:12	53	60	0
Apr 24, 2014 16:20:13	44	70	0
Apr 24, 2014 16:20:14	41	88	0
Apr 24, 2014 16:20:15	41	69	0
Apr 24, 2014 16:20:16	41	69	51
Apr 24, 2014 16:20:17	51	77	0
Apr 24, 2014 16:20:18	50	70	0
Apr 24, 2014 16:20:19	50	69	0
Apr 24, 2014 16:20:20	44	77	0
Apr 24, 2014 16:20:21	44	77	25
Apr 24, 2014 16:20:22	41	64	0
Apr 24, 2014 16:20:23	40	67	0
Apr 24, 2014 16:20:24	48	57	0
Apr 24, 2014 16:20:25	44	38	0
Apr 24, 2014 16:20:26	44	37	0
Apr 24, 2014 16:20:27	38	35	0
Apr 24, 2014 16:20:28	20	26	0
Apr 24, 2014 16:20:29	27	44	0
Apr 24, 2014 16:20:30	27	63	0
Apr 24, 2014 16:20:31	40	57	0
Apr 24, 2014 16:20:32	50	78	0
Apr 24, 2014 16:20:34	50	74	0
Apr 24, 2014 16:20:35	44	83	0
Apr 24, 2014 16:20:36	40	88	0
Apr 24, 2014 16:20:37	47	81	0
Apr 24, 2014 16:20:38	38	64	0
Apr 24, 2014 16:20:39	38	67	0
Apr 24, 2014 16:20:40	23	63	0
Apr 24, 2014 16:20:41	30	38	0
Apr 24, 2014 16:20:42	35	54	0
Apr 24, 2014 16:20:43	48	50	0
Apr 24, 2014 16:20:44	61	48	0
Apr 24, 2014 16:20:45	54	75	0
Apr 24, 2014 16:20:46	57	67	0
Apr 24, 2014 16:20:47	51	63	0
Apr 24, 2014 16:20:48	47	61	0
Apr 24, 2014 16:20:49	53	51	0
Apr 24, 2014 16:20:50	56	44	0
Apr 24, 2014 16:20:51	57	64	0
Apr 24, 2014 16:20:52	61	67	0
Apr 24, 2014 16:20:53	64	81	0
Apr 24, 2014 16:20:54	53	100	0
Apr 24, 2014 16:20:55	38	81	0
Apr 24, 2014 16:20:56	34	87	0
Apr 24, 2014 16:20:57	21	63	0
Apr 24, 2014 16:20:58	29	40	0
Apr 24, 2014 16:20:59	51	56	0
Apr 24, 2014 16:21:00	44	43	0
Apr 24, 2014 16:21:01	50	60	0
Apr 24, 2014 16:21:02	50	60	0
Apr 24, 2014 16:21:03	51	60	0
Apr 24, 2014 16:21:04	51	60	25
Apr 24, 2014 16:21:05	54	64	0
Apr 24, 2014 16:21:06	66	43	0
Apr 24, 2014 16:21:07	67	40	0
Apr 24, 2014 16:21:08	61	17	0
Apr 24, 2014 16:21:10	50	17	0
Apr 24, 2014 16:21:11	41	16	0
Apr 24, 2014 16:21:12	41	23	0
Apr 24, 2014 16:21:13	47	29	0
Apr 24, 2014 16:21:14	51	35	0
Apr 24, 2014 16:21:15	61	41	0
Apr 24, 2014 16:21:16	63	37	0
Apr 24, 2014 16:21:17	75	26	0
Apr 24, 2014 16:21:18	75	26	0
Apr 24, 2014 16:21:19	60	35	0
Apr 24, 2014 16:21:20	66	44	0
Apr 24, 2014 16:21:21	50	37	0
Apr 24, 2014 16:21:22	50	37	0
Apr 24, 2014 16:21:23	61	35	0
Apr 24, 2014 16:21:24	51	29	0
Apr 24, 2014 16:21:25	56	50	0
Apr 24, 2014 16:21:26	63	53	0
Apr 24, 2014 16:21:27	51	41	0
Apr 24, 2014 16:21:28	51	48	0
Apr 24, 2014 16:21:29	53	40	0
Apr 24, 2014 16:21:30	38	41	0
Apr 24, 2014 16:21:31	27	43	0
Apr 24, 2014 16:21:32	35	41	0
Apr 24, 2014 16:21:33	29	37	0
Apr 24, 2014 16:21:34	40	23	0
Apr 24, 2014 16:21:35	51	38	0
Apr 24, 2014 16:21:36	41	29	0
Apr 24, 2014 16:21:37	48	30	0
Apr 24, 2014 16:21:38	44	53	0
Apr 24, 2014 16:21:39	60	40	0
Apr 24, 2014 16:21:40	64	57	0
Apr 24, 2014 16:21:41	63	41	0
Apr 24, 2014 16:21:42	48	53	0
Apr 24, 2014 16:21:43	44	29	0
Apr 24, 2014 16:21:44	48	38	0
Apr 24, 2014 16:21:45	47	44	0
Apr 24, 2014 16:21:47	51	29	0
Apr 24, 2014 16:21:48	54	37	0
Apr 24, 2014 16:21:49	50	47	0
Apr 24, 2014 16:21:50	50	35	0
Apr 24, 2014 16:21:51	48	40	0
Apr 24, 2014 16:21:52	47	47	0
Apr 24, 2014 16:21:53	47	40	0
Apr 24, 2014 16:21:54	44	54	0
Apr 24, 2014 16:21:55	44	57	0
Apr 24, 2014 16:21:56	54	63	0
Apr 24, 2014 16:21:57	43	40	0
Apr 24, 2014 16:21:58	48	29	0
Apr 24, 2014 16:21:59	47	35	0
Apr 24, 2014 16:22:00	30	30	0
Apr 24, 2014 16:22:01	44	57	0
Apr 24, 2014 16:22:02	44	57	0
Apr 24, 2014 16:22:03	27	54	0
Apr 24, 2014 16:22:04	38	57	0
Apr 24, 2014 16:22:05	48	61	0
Apr 24, 2014 16:22:06	63	60	0
Apr 24, 2014 16:22:07	74	60	0
Apr 24, 2014 16:22:08	64	56	0
Apr 24, 2014 16:22:09	50	38	0
Apr 24, 2014 16:22:10	37	43	0
Apr 24, 2014 16:22:11	47	47	0
Apr 24, 2014 16:22:12	48	60	0
Apr 24, 2014 16:22:13	56	57	0
Apr 24, 2014 16:22:14	50	69	0
Apr 24, 2014 16:22:15	54	70	0
Apr 24, 2014 16:22:16	51	60	0
Apr 24, 2014 16:22:17	48	54	0
Apr 24, 2014 16:22:18	41	41	0
Apr 24, 2014 16:22:19	38	38	0
Apr 24, 2014 16:22:20	41	37	0
Apr 24, 2014 16:22:21	34	34	0
Apr 24, 2014 16:22:23	35	38	0
Apr 24, 2014 16:22:24	44	38	0
Apr 24, 2014 16:22:25	54	38	0
Apr 24, 2014 16:22:26	69	50	0
Apr 24, 2014 16:22:27	66	53	0
Apr 24, 2014 16:22:28	60	50	0
Apr 24, 2014 16:22:29	54	44	0
Apr 24, 2014 16:22:30	35	41	0
Apr 24, 2014 16:22:31	30	53	0
Apr 24, 2014 16:22:32	34	51	0
Apr 24, 2014 16:22:33	26	63	0
Apr 24, 2014 16:22:34	27	60	0
Apr 24, 2014 16:22:35	27	41	0
Apr 24, 2014 16:22:36	27	50	0
Apr 24, 2014 16:22:37	40	48	0
Apr 24, 2014 16:22:38	40	48	25
Apr 24, 2014 16:22:39	48	60	0
Apr 24, 2014 16:22:40	50	63	0
Apr 24, 2014 16:22:41	50	63	51
Apr 24, 2014 16:22:42	50	63	51
Apr 24, 2014 16:22:43	51	63	0
Apr 24, 2014 16:22:44	51	61	0
Apr 24, 2014 16:22:45	51	61	25
Apr 24, 2014 16:22:46	50	61	0
Apr 24, 2014 16:22:47	35	43	0
Apr 24, 2014 16:22:48	17	26	0
Apr 24, 2014 16:22:49	23	40	0
Apr 24, 2014 16:22:50	17	54	0
Apr 24, 2014 16:22:51	24	54	0
Apr 24, 2014 16:22:52	34	61	0
Apr 24, 2014 16:22:53	34	61	51
Apr 24, 2014 16:22:54	26	44	0
Apr 24, 2014 16:22:55	26	44	25
Apr 24, 2014 16:22:56	30	26	0
Apr 24, 2014 16:22:58	30	26	25
Apr 24, 2014 16:22:59	43	41	0
Apr 24, 2014 16:23:00	30	40	0
Apr 24, 2014 16:23:01	34	37	0
Apr 24, 2014 16:23:02	47	35	0
Apr 24, 2014 16:23:03	44	37	0
Apr 24, 2014 16:23:04	61	41	0
Apr 24, 2014 16:23:05	61	41	25
Apr 24, 2014 16:23:06	64	54	0
Apr 24, 2014 16:23:07	60	60	0
Apr 24, 2014 16:23:08	54	56	0
Apr 24, 2014 16:23:09	54	53	0
Apr 24, 2014 16:23:10	44	54	0
Apr 24, 2014 16:23:11	37	50	0
Apr 24, 2014 16:23:12	14	54	0
Apr 24, 2014 16:23:13	16	30	0
Apr 24, 2014 16:23:14	20	35	0
Apr 24, 2014 16:23:15	34	50	0
Apr 24, 2014 16:23:16	47	51	0
Apr 24, 2014 16:23:17	54	70	0
Apr 24, 2014 16:23:18	54	67	0
Apr 24, 2014 16:23:19	48	67	0
Apr 24, 2014 16:23:20	34	66	0
Apr 24, 2014 16:23:21	34	61	0
Apr 24, 2014 16:23:22	38	60	0
Apr 24, 2014 16:23:23	29	44	0
Apr 24, 2014 16:23:24	43	47	0
Apr 24, 2014 16:23:25	41	38	0
Apr 24, 2014 16:23:26	29	40	0
Apr 24, 2014 16:23:27	37	44	0
Apr 24, 2014 16:23:28	40	48	0
Apr 24, 2014 16:23:29	40	67	0
Apr 24, 2014 16:23:30	35	69	0
Apr 24, 2014 16:23:31	41	69	0
Apr 24, 2014 16:23:32	41	69	51
Apr 24, 2014 16:23:33	40	66	0
Apr 24, 2014 16:23:35	29	51	0
Apr 24, 2014 16:23:36	44	64	0
Apr 24, 2014 16:23:37	44	64	25
Apr 24, 2014 16:23:38	40	54	0
Apr 24, 2014 16:23:39	40	54	25
Apr 24, 2014 16:23:40	41	48	0
Apr 24, 2014 16:23:41	53	48	0
Apr 24, 2014 16:23:42	53	48	0
Apr 24, 2014 16:23:43	57	43	0
Apr 24, 2014 16:23:44	57	54	0
Apr 24, 2014 16:23:45	57	54	51
Apr 24, 2014 16:23:46	43	29	0
Apr 24, 2014 16:23:47	37	35	0
Apr 24, 2014 16:23:48	30	21	0
Apr 24, 2014 16:23:49	30	34	0
Apr 24, 2014 16:23:50	27	51	0
Apr 24, 2014 16:23:51	38	51	0
Apr 24, 2014 16:23:52	38	51	51
Apr 24, 2014 16:23:53	48	63	0
Apr 24, 2014 16:23:54	40	43	0
Apr 24, 2014 16:23:55	41	57	0
Apr 24, 2014 16:23:56	29	51	0
Apr 24, 2014 16:23:57	14	44	0
Apr 24, 2014 16:23:58	14	44	25
Apr 24, 2014 16:23:59	26	56	0
Apr 24, 2014 16:24:00	23	35	0
Apr 24, 2014 16:24:01	34	41	0
Apr 24, 2014 16:24:02	41	47	0
Apr 24, 2014 16:24:03	37	44	0
Apr 24, 2014 16:24:04	48	48	0
Apr 24, 2014 16:24:05	48	40	0
Apr 24, 2014 16:24:06	50	41	0
Apr 24, 2014 16:24:07	53	40	0
Apr 24, 2014 16:24:08	51	51	0
Apr 24, 2014 16:24:09	41	53	0
Apr 24, 2014 16:24:11	35	53	0
Apr 24, 2014 16:24:12	43	66	0
Apr 24, 2014 16:24:13	34	40	0
Apr 24, 2014 16:24:14	35	30	0
Apr 24, 2014 16:24:15	24	30	0
Apr 24, 2014 16:24:16	41	51	0
Apr 24, 2014 16:24:17	38	60	0
Apr 24, 2014 16:24:18	38	60	0
Apr 24, 2014 16:24:19	41	60	0
Apr 24, 2014 16:24:20	27	60	0
Apr 24, 2014 16:24:21	27	60	0
Apr 24, 2014 16:24:22	30	57	0
Apr 24, 2014 16:24:23	37	53	0
Apr 24, 2014 16:24:24	43	56	0
Apr 24, 2014 16:24:25	50	56	0
Apr 24, 2014 16:24:26	43	66	0
Apr 24, 2014 16:24:27	38	69	0
Apr 24, 2014 16:24:28	41	70	0
Apr 24, 2014 16:24:29	38	69	0
Apr 24, 2014 16:24:30	29	61	0
Apr 24, 2014 16:24:31	35	66	0
Apr 24, 2014 16:24:32	27	61	0
Apr 24, 2014 16:24:33	17	56	0
Apr 24, 2014 16:24:34	27	61	0
Apr 24, 2014 16:24:35	26	56	0
Apr 24, 2014 16:24:36	24	54	0
Apr 24, 2014 16:24:37	27	63	0
Apr 24, 2014 16:24:38	21	53	0
Apr 24, 2014 16:24:39	29	54	0
Apr 24, 2014 16:24:40	30	51	0
Apr 24, 2014 16:24:41	34	38	0
Apr 24, 2014 16:24:42	51	54	0
Apr 24, 2014 16:24:43	38	48	0
Apr 24, 2014 16:24:44	51	56	0
Apr 24, 2014 16:24:46	50	70	0
Apr 24, 2014 16:24:47	53	66	0
Apr 24, 2014 16:24:48	29	50	0
Apr 24, 2014 16:24:49	30	34	0
Apr 24, 2014 16:24:50	26	23	0
Apr 24, 2014 16:24:51	24	21	0
Apr 24, 2014 16:24:52	35	20	0
Apr 24, 2014 16:24:53	43	26	0
Apr 24, 2014 16:24:54	43	27	0
Apr 24, 2014 16:24:55	41	26	0
Apr 24, 2014 16:24:56	38	40	0
Apr 24, 2014 16:24:57	27	41	0
Apr 24, 2014 16:24:58	34	34	0
Apr 24, 2014 16:24:59	40	41	0
Apr 24, 2014 16:25:00	53	50	0
Apr 24, 2014 16:25:01	57	43	0
Apr 24, 2014 16:25:02	51	57	0
Apr 24, 2014 16:25:03	51	57	0
Apr 24, 2014 16:25:04	48	53	0
Apr 24, 2014 16:25:05	37	54	0
Apr 24, 2014 16:25:06	50	47	0
Apr 24, 2014 16:25:07	50	50	0
Apr 24, 2014 16:25:08	53	47	0
Apr 24, 2014 16:25:09	70	51	0
Apr 24, 2014 16:25:10	63	64	0
Apr 24, 2014 16:25:11	54	61	0
Apr 24, 2014 16:25:12	30	61	0
Apr 24, 2014 16:25:13	29	69	0
Apr 24, 2014 16:25:14	14	53	0
Apr 24, 2014 16:25:15	26	60	0
Apr 24, 2014 16:25:16	44	69	0
Apr 24, 2014 16:25:17	35	69	0
Apr 24, 2014 16:25:18	48	57	0
Apr 24, 2014 16:25:19	47	48	0
Apr 24, 2014 16:25:20	48	37	0
Apr 24, 2014 16:25:22	50	35	0
Apr 24, 2014 16:25:23	47	40	0
Apr 24, 2014 16:25:24	43	38	0
Apr 24, 2014 16:25:25	47	54	0
Apr 24, 2014 16:25:26	47	57	0
Apr 24, 2014 16:25:27	40	60	0
Apr 24, 2014 16:25:28	35	50	0
Apr 24, 2014 16:25:29	43	54	0
Apr 24, 2014 16:25:30	47	53	0
Apr 24, 2014 16:25:31	48	60	0
Apr 24, 2014 16:25:32	63	74	0
Apr 24, 2014 16:25:33	78	69	0
Apr 24, 2014 16:25:34	83	74	0
Apr 24, 2014 16:25:35	87	64	0
Apr 24, 2014 16:25:36	75	50	0
Apr 24, 2014 16:25:37	61	44	0
Apr 24, 2014 16:25:38	56	29	0
Apr 24, 2014 16:25:39	50	38	0
Apr 24, 2014 16:25:40	60	27	0
Apr 24, 2014 16:25:41	60	27	0
Apr 24, 2014 16:25:42	53	11	0
Apr 24, 2014 16:25:43	53	1	0
Apr 24, 2014 16:25:44	56	23	0
Apr 24, 2014 16:25:45	64	43	0
Apr 24, 2014 16:25:46	69	43	0
Apr 24, 2014 16:25:47	51	50	0
Apr 24, 2014 16:25:48	53	53	0
Apr 24, 2014 16:25:49	43	57	0
Apr 24, 2014 16:25:50	37	60	0
Apr 24, 2014 16:25:51	53	61	0
Apr 24, 2014 16:25:52	53	48	0
Apr 24, 2014 16:25:53	44	41	0
Apr 24, 2014 16:25:54	54	34	0
Apr 24, 2014 16:25:55	48	29	0
Apr 24, 2014 16:25:56	35	37	0
Apr 24, 2014 16:25:58	44	56	0
Apr 24, 2014 16:25:59	47	54	0
Apr 24, 2014 16:26:00	44	57	0
Apr 24, 2014 16:26:01	48	61	0
Apr 24, 2014 16:26:02	44	44	0
Apr 24, 2014 16:26:03	37	53	0
Apr 24, 2014 16:26:04	26	34	0
Apr 24, 2014 16:26:05	29	20	0
Apr 24, 2014 16:26:06	29	21	0
Apr 24, 2014 16:26:07	41	21	0
Apr 24, 2014 16:26:08	44	41	0
Apr 24, 2014 16:26:09	35	48	0
Apr 24, 2014 16:26:10	48	57	0
Apr 24, 2014 16:26:11	40	63	0
Apr 24, 2014 16:26:12	47	37	0
Apr 24, 2014 16:26:13	56	34	0
Apr 24, 2014 16:26:14	51	20	0
Apr 24, 2014 16:26:15	43	8	0
Apr 24, 2014 16:26:16	57	30	0
Apr 24, 2014 16:26:17	48	30	0
Apr 24, 2014 16:26:18	53	38	0
Apr 24, 2014 16:26:19	51	37	0
Apr 24, 2014 16:26:20	63	56	0
Apr 24, 2014 16:26:21	57	43	0
Apr 24, 2014 16:26:22	50	53	0
Apr 24, 2014 16:26:23	40	57	0
Apr 24, 2014 16:26:24	43	50	0
Apr 24, 2014 16:26:25	37	64	0
Apr 24, 2014 16:26:26	35	54	0
Apr 24, 2014 16:26:27	38	60	0
Apr 24, 2014 16:26:28	34	70	0
Apr 24, 2014 16:26:29	41	67	0
Apr 24, 2014 16:26:30	37	67	0
Apr 24, 2014 16:26:31	26	51	0
Apr 24, 2014 16:26:32	43	38	0
Apr 24, 2014 16:26:33	37	35	0
Apr 24, 2014 16:26:35	54	43	0
Apr 24, 2014 16:26:36	66	40	0
Apr 24, 2014 16:26:37	54	50	0
Apr 24, 2014 16:26:38	56	51	0
Apr 24, 2014 16:26:39	51	48	0
Apr 24, 2014 16:26:40	75	56	0
Apr 24, 2014 16:26:41	75	56	0
Apr 24, 2014 16:26:42	57	29	0
Apr 24, 2014 16:26:43	48	24	0
Apr 24, 2014 16:26:44	24	11	0
Apr 24, 2014 16:26:45	41	14	0
Apr 24, 2014 16:26:46	44	23	0
Apr 24, 2014 16:26:47	57	23	0
Apr 24, 2014 16:26:48	63	30	0
Apr 24, 2014 16:26:49	47	44	0
Apr 24, 2014 16:26:50	50	69	0
Apr 24, 2014 16:26:51	44	75	0
Apr 24, 2014 16:26:52	53	53	0
Apr 24, 2014 16:26:53	41	51	0
Apr 24, 2014 16:26:54	41	61	0
Apr 24, 2014 16:26:55	38	60	0
Apr 24, 2014 16:26:56	29	61	0
Apr 24, 2014 16:26:57	26	43	0
Apr 24, 2014 16:26:58	23	29	0
Apr 24, 2014 16:26:59	26	41	0
Apr 24, 2014 16:27:00	35	41	0
Apr 24, 2014 16:27:01	40	53	0
Apr 24, 2014 16:27:02	34	60	0
Apr 24, 2014 16:27:03	38	53	0
Apr 24, 2014 16:27:04	35	61	0
Apr 24, 2014 16:27:05	29	57	0
Apr 24, 2014 16:27:06	24	51	0
Apr 24, 2014 16:27:07	17	53	0
Apr 24, 2014 16:27:08	10	41	0
Apr 24, 2014 16:27:10	14	30	0
Apr 24, 2014 16:27:11	27	23	0
Apr 24, 2014 16:27:12	17	1	0
Apr 24, 2014 16:27:13	29	20	0
Apr 24, 2014 16:27:14	34	29	0
Apr 24, 2014 16:27:15	35	60	0
Apr 24, 2014 16:27:16	43	69	0
Apr 24, 2014 16:27:17	43	60	0
Apr 24, 2014 16:27:18	35	67	0
Apr 24, 2014 16:27:19	37	47	0
Apr 24, 2014 16:27:20	38	66	0
Apr 24, 2014 16:27:21	50	57	0
Apr 24, 2014 16:27:22	47	60	0
Apr 24, 2014 16:27:23	41	48	0
Apr 24, 2014 16:27:24	41	44	0
Apr 24, 2014 16:27:25	41	47	0
Apr 24, 2014 16:27:26	41	53	0
Apr 24, 2014 16:27:27	43	54	0
Apr 24, 2014 16:27:28	38	51	0
Apr 24, 2014 16:27:29	34	57	0
Apr 24, 2014 16:27:30	21	47	0
Apr 24, 2014 16:27:31	24	48	0
Apr 24, 2014 16:27:32	37	56	0
Apr 24, 2014 16:27:33	27	53	0
Apr 24, 2014 16:27:34	40	57	0
Apr 24, 2014 16:27:35	44	50	0
Apr 24, 2014 16:27:36	47	37	0
Apr 24, 2014 16:27:37	64	41	0
Apr 24, 2014 16:27:38	57	27	0
Apr 24, 2014 16:27:39	47	24	0
Apr 24, 2014 16:27:40	30	26	0
Apr 24, 2014 16:27:41	26	26	0
Apr 24, 2014 16:27:42	27	50	0
Apr 24, 2014 16:27:43	43	57	0
Apr 24, 2014 16:27:45	48	64	0
Apr 24, 2014 16:27:46	40	64	0
Apr 24, 2014 16:27:47	38	43	0
Apr 24, 2014 16:27:48	29	41	0
Apr 24, 2014 16:27:49	26	50	0
Apr 24, 2014 16:27:50	43	43	0
Apr 24, 2014 16:27:51	67	41	0
Apr 24, 2014 16:27:52	74	34	0
Apr 24, 2014 16:27:53	67	29	0
Apr 24, 2014 16:27:54	60	27	0
Apr 24, 2014 16:27:55	70	41	0
Apr 24, 2014 16:27:56	66	40	0
Apr 24, 2014 16:27:57	51	47	0
Apr 24, 2014 16:27:58	56	51	0
Apr 24, 2014 16:27:59	43	43	0
Apr 24, 2014 16:28:00	43	43	0
Apr 24, 2014 16:28:01	57	37	0
Apr 24, 2014 16:28:02	50	34	0
Apr 24, 2014 16:28:03	56	38	0
Apr 24, 2014 16:28:04	78	38	0
Apr 24, 2014 16:28:05	78	38	0
Apr 24, 2014 16:28:06	83	51	0
Apr 24, 2014 16:28:07	69	43	0
Apr 24, 2014 16:28:08	61	37	0
Apr 24, 2014 16:28:09	77	40	0
Apr 24, 2014 16:28:10	83	34	0
Apr 24, 2014 16:28:11	100	34	0
Apr 24, 2014 16:28:12	100	37	0
Apr 24, 2014 16:28:13	90	41	0
Apr 24, 2014 16:28:14	96	35	0
Apr 24, 2014 16:28:15	74	48	0
Apr 24, 2014 16:28:16	51	50	0
Apr 24, 2014 16:28:17	54	63	0
Apr 24, 2014 16:28:18	37	57	0
Apr 24, 2014 16:28:19	38	47	0
Apr 24, 2014 16:28:21	43	43	0
Apr 24, 2014 16:28:22	44	50	0
Apr 24, 2014 16:28:23	41	50	0
Apr 24, 2014 16:28:24	43	35	0
Apr 24, 2014 16:28:25	37	27	0
Apr 24, 2014 16:28:26	34	17	0
Apr 24, 2014 16:28:27	40	13	0
Apr 24, 2014 16:28:28	35	34	0
Apr 24, 2014 16:28:29	41	37	0
Apr 24, 2014 16:28:30	41	44	0
Apr 24, 2014 16:28:31	40	51	0
Apr 24, 2014 16:28:32	43	60	0
Apr 24, 2014 16:28:33	35	64	0
Apr 24, 2014 16:28:34	38	64	0
Apr 24, 2014 16:28:35	30	54	0
Apr 24, 2014 16:28:36	34	53	0
Apr 24, 2014 16:28:37	29	50	0
Apr 24, 2014 16:28:38	29	61	0
Apr 24, 2014 16:28:39	29	75	0
Apr 24, 2014 16:28:40	29	75	0
Apr 24, 2014 16:28:41	27	75	0
Apr 24, 2014 16:28:42	13	67	0
Apr 24, 2014 16:28:43	16	61	0
Apr 24, 2014 16:28:44	21	66	0
Apr 24, 2014 16:28:45	23	48	0
Apr 24, 2014 16:28:46	43	41	0
Apr 24, 2014 16:28:47	48	43	0
Apr 24, 2014 16:28:48	48	41	0
Apr 24, 2014 16:28:49	56	67	0
Apr 24, 2014 16:28:50	54	66	0
Apr 24, 2014 16:28:51	48	67	0
Apr 24, 2014 16:28:52	40	51	0
Apr 24, 2014 16:28:53	40	41	0
Apr 24, 2014 16:28:54	48	27	0
Apr 24, 2014 16:28:55	47	14	0
Apr 24, 2014 16:28:57	50	16	0
Apr 24, 2014 16:28:58	43	27	0
Apr 24, 2014 16:28:59	43	27	25
Apr 24, 2014 16:29:00	26	30	0
Apr 24, 2014 16:29:01	35	48	0
Apr 24, 2014 16:29:02	24	50	0
Apr 24, 2014 16:29:03	29	54	0
Apr 24, 2014 16:29:04	44	57	0
Apr 24, 2014 16:29:05	44	56	0
Apr 24, 2014 16:29:06	56	56	0
Apr 24, 2014 16:29:07	41	51	0
Apr 24, 2014 16:29:08	23	40	0
Apr 24, 2014 16:29:09	20	50	0
Apr 24, 2014 16:29:10	8	47	0
Apr 24, 2014 16:29:11	26	43	0
Apr 24, 2014 16:29:12	35	53	0
Apr 24, 2014 16:29:13	37	43	0
Apr 24, 2014 16:29:14	41	48	0
Apr 24, 2014 16:29:15	26	66	0
Apr 24, 2014 16:29:16	29	74	0
Apr 24, 2014 16:29:17	29	75	0
Apr 24, 2014 16:29:18	34	70	0
Apr 24, 2014 16:29:19	40	63	0
Apr 24, 2014 16:29:20	40	63	0
Apr 24, 2014 16:29:21	29	61	25
Apr 24, 2014 16:29:22	29	61	0
Apr 24, 2014 16:29:23	34	61	0
Apr 24, 2014 16:29:24	38	63	0
Apr 24, 2014 16:29:25	40	66	0
Apr 24, 2014 16:29:26	38	64	0
Apr 24, 2014 16:29:27	23	43	0
Apr 24, 2014 16:29:28	27	43	0
Apr 24, 2014 16:29:29	14	34	0
Apr 24, 2014 16:29:31	16	34	0
Apr 24, 2014 16:29:32	21	53	0
Apr 24, 2014 16:29:33	21	54	0
Apr 24, 2014 16:29:34	30	63	0
Apr 24, 2014 16:29:35	24	67	0
Apr 24, 2014 16:29:36	40	74	0
Apr 24, 2014 16:29:37	41	60	0
Apr 24, 2014 16:29:38	41	66	0
Apr 24, 2014 16:29:39	47	75	0
Apr 24, 2014 16:29:40	41	63	0
Apr 24, 2014 16:29:41	43	75	0
Apr 24, 2014 16:29:42	44	66	0
Apr 24, 2014 16:29:43	35	51	0
Apr 24, 2014 16:29:44	35	50	0
Apr 24, 2014 16:29:45	29	41	0
Apr 24, 2014 16:29:46	27	54	0
Apr 24, 2014 16:29:47	34	63	0
Apr 24, 2014 16:29:48	38	61	0
Apr 24, 2014 16:29:49	47	69	0
Apr 24, 2014 16:29:50	53	60	0
Apr 24, 2014 16:29:51	60	57	0
Apr 24, 2014 16:29:52	60	57	51
Apr 24, 2014 16:29:53	61	74	0
Apr 24, 2014 16:29:54	51	75	0
Apr 24, 2014 16:29:55	51	70	0
Apr 24, 2014 16:29:56	41	66	0
Apr 24, 2014 16:29:57	43	60	0
Apr 24, 2014 16:29:58	37	53	0
Apr 24, 2014 16:29:59	27	66	0
Apr 24, 2014 16:30:00	17	53	0
Apr 24, 2014 16:30:01	16	50	0
Apr 24, 2014 16:30:02	24	38	0
Apr 24, 2014 16:30:03	29	23	0
Apr 24, 2014 16:30:04	47	29	0
Apr 24, 2014 16:30:05	41	38	0
Apr 24, 2014 16:30:06	43	43	0
Apr 24, 2014 16:30:07	50	41	0
Apr 24, 2014 16:30:09	37	44	0
Apr 24, 2014 16:30:10	40	50	0
Apr 24, 2014 16:30:11	40	50	25
Apr 24, 2014 16:30:12	40	50	25
Apr 24, 2014 16:30:13	40	50	25
Apr 24, 2014 16:30:14	24	40	0
Apr 24, 2014 16:30:15	16	43	0
Apr 24, 2014 16:30:16	21	37	0
Apr 24, 2014 16:30:17	20	29	0
Apr 24, 2014 16:30:18	30	35	0
Apr 24, 2014 16:30:19	38	38	0
Apr 24, 2014 16:30:20	38	38	0
Apr 24, 2014 16:30:21	48	48	0
Apr 24, 2014 16:30:22	50	54	0
Apr 24, 2014 16:30:23	50	48	0
Apr 24, 2014 16:30:24	43	50	0
Apr 24, 2014 16:30:25	56	44	0
Apr 24, 2014 16:30:26	53	43	0
Apr 24, 2014 16:30:27	57	40	0
Apr 24, 2014 16:30:28	41	40	0
Apr 24, 2014 16:30:29	44	43	0
Apr 24, 2014 16:30:30	35	66	0
Apr 24, 2014 16:30:31	35	66	0
Apr 24, 2014 16:30:32	38	60	0
Apr 24, 2014 16:30:33	30	51	0
Apr 24, 2014 16:30:34	48	40	0
Apr 24, 2014 16:30:35	41	50	0
Apr 24, 2014 16:30:36	38	51	0
Apr 24, 2014 16:30:37	30	53	0
Apr 24, 2014 16:30:38	27	47	0
Apr 24, 2014 16:30:39	24	44	0
Apr 24, 2014 16:30:40	23	44	0
Apr 24, 2014 16:30:41	21	38	0
Apr 24, 2014 16:30:42	35	35	0
Apr 24, 2014 16:30:43	47	23	0
Apr 24, 2014 16:30:45	48	29	0
Apr 24, 2014 16:30:46	48	29	51
Apr 24, 2014 16:30:47	53	47	0
Apr 24, 2014 16:30:48	37	66	0
Apr 24, 2014 16:30:49	37	70	0
Apr 24, 2014 16:30:50	37	70	26
Apr 24, 2014 16:30:51	34	69	0
Apr 24, 2014 16:30:52	26	54	0
Apr 24, 2014 16:30:53	26	54	51
Apr 24, 2014 16:30:54	35	35	0
Apr 24, 2014 16:30:55	23	27	0
Apr 24, 2014 16:30:56	23	27	26
Apr 24, 2014 16:30:57	23	24	0
Apr 24, 2014 16:30:58	51	30	0
Apr 24, 2014 16:30:59	51	30	51
Apr 24, 2014 16:31:00	51	40	0
Apr 24, 2014 16:31:01	60	34	0
Apr 24, 2014 16:31:02	48	41	0
Apr 24, 2014 16:31:03	34	57	0
Apr 24, 2014 16:31:04	27	48	0
Apr 24, 2014 16:31:05	27	48	51
Apr 24, 2014 16:31:06	37	57	0
Apr 24, 2014 16:31:07	48	54	0
Apr 24, 2014 16:31:08	48	54	25
Apr 24, 2014 16:31:09	48	54	51
Apr 24, 2014 16:31:10	48	54	26
Apr 24, 2014 16:31:11	37	26	0
Apr 24, 2014 16:31:12	37	26	25
Apr 24, 2014 16:31:13	40	41	0
Apr 24, 2014 16:31:14	34	54	0
Apr 24, 2014 16:31:15	35	48	0
Apr 24, 2014 16:31:16	41	69	0
Apr 24, 2014 16:31:17	47	70	0
Apr 24, 2014 16:31:18	47	70	26
Apr 24, 2014 16:31:20	47	70	51
Apr 24, 2014 16:31:21	48	60	0
Apr 24, 2014 16:31:22	48	60	51
Apr 24, 2014 16:31:23	56	57	0
Apr 24, 2014 16:31:24	56	57	51
Apr 24, 2014 16:31:25	56	57	51
Apr 24, 2014 16:31:26	56	57	26
Apr 24, 2014 16:31:27	53	34	0
Apr 24, 2014 16:31:28	50	41	0
Apr 24, 2014 16:31:29	44	50	0
Apr 24, 2014 16:31:30	35	41	0
Apr 24, 2014 16:31:31	41	47	0
Apr 24, 2014 16:31:32	41	47	51
Apr 24, 2014 16:31:33	41	47	25
Apr 24, 2014 16:31:34	41	47	51
Apr 24, 2014 16:31:35	34	47	0
Apr 24, 2014 16:31:36	34	47	51
Apr 24, 2014 16:31:37	34	47	51
Apr 24, 2014 16:31:38	30	44	0
Apr 24, 2014 16:31:39	41	64	0
Apr 24, 2014 16:31:40	41	64	51
Apr 24, 2014 16:31:41	35	44	0
Apr 24, 2014 16:31:42	47	51	0
Apr 24, 2014 16:31:43	41	47	0
Apr 24, 2014 16:31:44	30	29	0
Apr 24, 2014 16:31:45	37	41	0
Apr 24, 2014 16:31:46	37	41	51
Apr 24, 2014 16:31:47	30	30	0
Apr 24, 2014 16:31:48	30	30	25
Apr 24, 2014 16:31:49	38	35	0
Apr 24, 2014 16:31:50	56	43	0
Apr 24, 2014 16:31:51	47	63	0
Apr 24, 2014 16:31:52	51	64	0
Apr 24, 2014 16:31:53	51	64	51
Apr 24, 2014 16:31:54	48	63	0
Apr 24, 2014 16:31:55	40	70	0
Apr 24, 2014 16:31:57	40	70	51
Apr 24, 2014 16:31:58	43	67	0
Apr 24, 2014 16:31:59	48	69	0
Apr 24, 2014 16:32:00	48	66	25
Apr 24, 2014 16:32:01	37	57	0
Apr 24, 2014 16:32:02	29	47	0
Apr 24, 2014 16:32:03	30	38	0
Apr 24, 2014 16:32:04	30	38	25
Apr 24, 2014 16:32:05	35	40	0
Apr 24, 2014 16:32:06	48	38	0
Apr 24, 2014 16:32:07	53	40	0
Apr 24, 2014 16:32:08	53	40	25
Apr 24, 2014 16:32:09	56	27	0
Apr 24, 2014 16:32:10	67	26	0
Apr 24, 2014 16:32:11	64	26	0
Apr 24, 2014 16:32:12	70	16	0
Apr 24, 2014 16:32:13	64	17	0
Apr 24, 2014 16:32:14	60	23	0
Apr 24, 2014 16:32:15	50	35	0
Apr 24, 2014 16:32:16	50	35	51
Apr 24, 2014 16:32:17	35	44	0
Apr 24, 2014 16:32:18	27	50	0
Apr 24, 2014 16:32:19	24	54	0
Apr 24, 2014 16:32:20	24	54	51
Apr 24, 2014 16:32:21	24	54	25
Apr 24, 2014 16:32:22	24	54	26
Apr 24, 2014 16:32:23	30	53	0
Apr 24, 2014 16:32:24	38	61	0
Apr 24, 2014 16:32:25	40	66	0
Apr 24, 2014 16:32:26	38	63	0
Apr 24, 2014 16:32:27	38	67	0
Apr 24, 2014 16:32:28	35	48	0
Apr 24, 2014 16:32:29	40	47	0
Apr 24, 2014 16:32:30	53	56	25
Apr 24, 2014 16:32:31	44	40	0
Apr 24, 2014 16:32:33	51	50	0
Apr 24, 2014 16:32:34	51	50	52
Apr 24, 2014 16:32:35	41	48	0
Apr 24, 2014 16:32:36	41	48	25
Apr 24, 2014 16:32:37	30	21	0
Apr 24, 2014 16:32:38	38	17	0
Apr 24, 2014 16:32:39	38	17	0
Apr 24, 2014 16:32:40	51	34	0
Apr 24, 2014 16:32:41	50	47	0
Apr 24, 2014 16:32:42	53	48	0
Apr 24, 2014 16:32:43	51	53	0
Apr 24, 2014 16:32:44	57	51	0
Apr 24, 2014 16:32:45	60	44	0
Apr 24, 2014 16:32:46	54	60	0
Apr 24, 2014 16:32:47	51	57	0
Apr 24, 2014 16:32:48	51	56	0
Apr 24, 2014 16:32:49	40	64	0
Apr 24, 2014 16:32:50	43	57	0
Apr 24, 2014 16:32:51	37	43	0
Apr 24, 2014 16:32:52	29	38	0
Apr 24, 2014 16:32:53	29	38	51
Apr 24, 2014 16:32:54	50	41	0
Apr 24, 2014 16:32:55	50	47	0
Apr 24, 2014 16:32:56	51	66	0
Apr 24, 2014 16:32:57	41	66	0
Apr 24, 2014 16:32:58	34	60	0
Apr 24, 2014 16:32:59	35	60	0
Apr 24, 2014 16:33:00	40	56	0
Apr 24, 2014 16:33:01	43	75	0
Apr 24, 2014 16:33:02	43	75	25
Apr 24, 2014 16:33:03	44	77	0
Apr 24, 2014 16:33:04	44	77	25
Apr 24, 2014 16:33:05	41	50	0
Apr 24, 2014 16:33:06	44	37	0
Apr 24, 2014 16:33:08	43	27	0
Apr 24, 2014 16:33:09	38	29	0
Apr 24, 2014 16:33:10	30	43	0
Apr 24, 2014 16:33:11	27	53	0
Apr 24, 2014 16:33:12	23	66	0
Apr 24, 2014 16:33:13	29	60	0
Apr 24, 2014 16:33:14	43	63	0
Apr 24, 2014 16:33:15	50	56	0
Apr 24, 2014 16:33:16	56	47	0
Apr 24, 2014 16:33:17	54	43	0
Apr 24, 2014 16:33:18	44	34	0
Apr 24, 2014 16:33:19	47	35	0
Apr 24, 2014 16:33:20	37	34	0
Apr 24, 2014 16:33:21	40	41	0
Apr 24, 2014 16:33:22	40	54	0
Apr 24, 2014 16:33:23	27	60	0
Apr 24, 2014 16:33:24	29	64	0
Apr 24, 2014 16:33:25	20	70	0
Apr 24, 2014 16:33:26	27	64	0
Apr 24, 2014 16:33:27	44	69	0
Apr 24, 2014 16:33:28	44	67	0
Apr 24, 2014 16:33:29	48	56	0
Apr 24, 2014 16:33:30	50	64	0
Apr 24, 2014 16:33:31	38	60	0
Apr 24, 2014 16:33:32	48	63	0
Apr 24, 2014 16:33:33	38	63	0
Apr 24, 2014 16:33:34	38	56	0
Apr 24, 2014 16:33:35	43	67	0
Apr 24, 2014 16:33:36	34	67	0
Apr 24, 2014 16:33:37	41	70	0
Apr 24, 2014 16:33:38	37	67	0
Apr 24, 2014 16:33:39	37	56	0
Apr 24, 2014 16:33:40	44	48	0
Apr 24, 2014 16:33:41	35	29	0
Apr 24, 2014 16:33:43	56	40	0
Apr 24, 2014 16:33:44	54	50	0
Apr 24, 2014 16:33:45	44	53	0
Apr 24, 2014 16:33:46	48	77	0
Apr 24, 2014 16:33:47	38	77	0
Apr 24, 2014 16:33:48	43	64	0
Apr 24, 2014 16:33:49	41	75	0
Apr 24, 2014 16:33:50	40	51	0
Apr 24, 2014 16:33:51	29	47	0
Apr 24, 2014 16:33:52	26	56	0
Apr 24, 2014 16:33:53	17	29	0
Apr 24, 2014 16:33:54	17	48	0
Apr 24, 2014 16:33:55	14	38	0
Apr 24, 2014 16:33:56	13	41	0
Apr 24, 2014 16:33:57	23	51	0
Apr 24, 2014 16:33:58	26	40	0
Apr 24, 2014 16:33:59	27	56	0
Apr 24, 2014 16:34:00	23	51	0
Apr 24, 2014 16:34:01	47	67	0
Apr 24, 2014 16:34:02	57	69	0
Apr 24, 2014 16:34:03	70	63	0
Apr 24, 2014 16:34:04	74	61	0
Apr 24, 2014 16:34:05	57	66	0
Apr 24, 2014 16:34:06	61	48	0
Apr 24, 2014 16:34:07	63	50	0
Apr 24, 2014 16:34:08	63	63	0
Apr 24, 2014 16:34:09	56	50	0
Apr 24, 2014 16:34:10	43	66	0
Apr 24, 2014 16:34:11	35	69	0
Apr 24, 2014 16:34:12	43	64	0
Apr 24, 2014 16:34:13	43	67	0
Apr 24, 2014 16:34:14	37	51	0
Apr 24, 2014 16:34:15	40	40	0
Apr 24, 2014 16:34:16	35	40	0
Apr 24, 2014 16:34:18	38	24	0
Apr 24, 2014 16:34:19	60	40	0
Apr 24, 2014 16:34:20	56	40	0
Apr 24, 2014 16:34:21	70	26	0
Apr 24, 2014 16:34:22	70	44	0
Apr 24, 2014 16:34:23	54	37	0
Apr 24, 2014 16:34:24	60	47	0
Apr 24, 2014 16:34:25	47	54	0
Apr 24, 2014 16:34:26	40	43	0
Apr 24, 2014 16:34:27	43	47	0
Apr 24, 2014 16:34:28	54	43	0
Apr 24, 2014 16:34:29	51	38	0
Apr 24, 2014 16:34:30	47	61	0
Apr 24, 2014 16:34:31	51	67	0
Apr 24, 2014 16:34:32	44	81	0
Apr 24, 2014 16:34:33	51	66	0
Apr 24, 2014 16:34:34	43	54	0
Apr 24, 2014 16:34:35	44	56	0
Apr 24, 2014 16:34:36	40	51	0
Apr 24, 2014 16:34:37	21	44	0
Apr 24, 2014 16:34:38	38	47	0
Apr 24, 2014 16:34:39	47	47	0
Apr 24, 2014 16:34:40	38	53	0
Apr 24, 2014 16:34:41	54	54	0
Apr 24, 2014 16:34:42	54	60	0
Apr 24, 2014 16:34:43	41	51	0
Apr 24, 2014 16:34:44	54	48	0
Apr 24, 2014 16:34:45	44	54	0
Apr 24, 2014 16:34:46	40	53	0
Apr 24, 2014 16:34:47	38	48	0
Apr 24, 2014 16:34:48	23	35	0
Apr 24, 2014 16:34:49	30	30	0
Apr 24, 2014 16:34:50	34	34	0
Apr 24, 2014 16:34:51	37	30	0
Apr 24, 2014 16:34:52	43	40	0
Apr 24, 2014 16:34:53	43	27	0
Apr 24, 2014 16:34:55	24	26	0
Apr 24, 2014 16:34:56	27	34	0
Apr 24, 2014 16:34:57	38	38	0
Apr 24, 2014 16:34:58	37	43	0
Apr 24, 2014 16:34:59	44	38	0
Apr 24, 2014 16:35:00	41	26	0
Apr 24, 2014 16:35:01	47	29	0
