Apr 10, 2014 17:08:13	64	53	0
Apr 10, 2014 17:08:14	56	51	0
Apr 10, 2014 17:08:15	63	43	0
Apr 10, 2014 17:08:16	56	50	0
Apr 10, 2014 17:08:17	67	53	0
Apr 10, 2014 17:08:18	70	48	0
Apr 10, 2014 17:08:19	81	50	0
Apr 10, 2014 17:08:20	81	50	0
Apr 10, 2014 17:08:21	50	43	0
Apr 10, 2014 17:08:22	38	41	0
Apr 10, 2014 17:08:23	44	51	0
Apr 10, 2014 17:08:24	53	54	0
Apr 10, 2014 17:08:25	57	48	0
Apr 10, 2014 17:08:27	44	50	0
Apr 10, 2014 17:08:28	27	41	0
Apr 10, 2014 17:08:29	21	44	0
Apr 10, 2014 17:08:30	20	50	0
Apr 10, 2014 17:08:31	35	50	0
Apr 10, 2014 17:08:32	30	44	0
Apr 10, 2014 17:08:33	30	51	0
Apr 10, 2014 17:08:34	29	51	0
Apr 10, 2014 17:08:35	21	38	0
Apr 10, 2014 17:08:36	34	44	0
Apr 10, 2014 17:08:37	29	43	0
Apr 10, 2014 17:08:38	21	27	0
Apr 10, 2014 17:08:39	26	29	0
Apr 10, 2014 17:08:40	24	37	0
Apr 10, 2014 17:08:41	35	30	0
Apr 10, 2014 17:08:42	53	43	0
Apr 10, 2014 17:08:43	50	57	0
Apr 10, 2014 17:08:44	51	50	0
Apr 10, 2014 17:08:45	44	50	0
Apr 10, 2014 17:08:46	50	57	0
Apr 10, 2014 17:08:47	54	54	0
Apr 10, 2014 17:08:48	50	47	0
Apr 10, 2014 17:08:49	35	34	0
Apr 10, 2014 17:08:50	30	43	0
Apr 10, 2014 17:08:51	44	61	0
Apr 10, 2014 17:08:52	56	61	0
Apr 10, 2014 17:08:53	54	70	0
Apr 10, 2014 17:08:54	61	67	0
Apr 10, 2014 17:08:55	51	63	0
Apr 10, 2014 17:08:56	56	64	0
Apr 10, 2014 17:08:57	56	56	0
Apr 10, 2014 17:08:58	50	56	0
Apr 10, 2014 17:09:00	50	64	0
Apr 10, 2014 17:09:01	35	64	0
Apr 10, 2014 17:09:02	38	66	0
Apr 10, 2014 17:09:03	43	67	0
Apr 10, 2014 17:09:04	57	63	0
Apr 10, 2014 17:09:05	56	69	0
Apr 10, 2014 17:09:06	54	67	0
Apr 10, 2014 17:09:07	41	47	0
Apr 10, 2014 17:09:08	40	35	0
Apr 10, 2014 17:09:09	50	26	0
Apr 10, 2014 17:09:10	57	24	0
Apr 10, 2014 17:09:11	61	41	0
Apr 10, 2014 17:09:12	54	57	0
Apr 10, 2014 17:09:13	47	51	0
Apr 10, 2014 17:09:14	38	50	0
Apr 10, 2014 17:09:15	38	44	0
Apr 10, 2014 17:09:16	47	34	0
Apr 10, 2014 17:09:17	40	54	0
Apr 10, 2014 17:09:18	24	64	0
Apr 10, 2014 17:09:19	35	47	0
Apr 10, 2014 17:09:20	53	40	0
Apr 10, 2014 17:09:21	80	38	0
Apr 10, 2014 17:09:22	75	44	0
Apr 10, 2014 17:09:23	57	48	0
Apr 10, 2014 17:09:24	51	51	0
Apr 10, 2014 17:09:25	50	54	0
Apr 10, 2014 17:09:26	50	61	0
Apr 10, 2014 17:09:27	43	70	0
Apr 10, 2014 17:09:28	44	69	0
Apr 10, 2014 17:09:29	34	60	0
Apr 10, 2014 17:09:30	48	61	0
Apr 10, 2014 17:09:31	63	57	0
Apr 10, 2014 17:09:32	70	67	0
Apr 10, 2014 17:09:34	63	51	0
Apr 10, 2014 17:09:35	64	53	0
Apr 10, 2014 17:09:36	50	48	0
Apr 10, 2014 17:09:37	48	41	0
Apr 10, 2014 17:09:38	51	51	0
Apr 10, 2014 17:09:39	48	53	0
Apr 10, 2014 17:09:40	63	60	0
Apr 10, 2014 17:09:41	50	54	0
Apr 10, 2014 17:09:42	40	56	0
Apr 10, 2014 17:09:43	29	50	0
Apr 10, 2014 17:09:44	30	48	0
Apr 10, 2014 17:09:45	47	51	0
Apr 10, 2014 17:09:46	56	54	0
Apr 10, 2014 17:09:47	61	63	0
Apr 10, 2014 17:09:48	61	63	0
Apr 10, 2014 17:09:49	51	60	0
Apr 10, 2014 17:09:50	40	40	0
Apr 10, 2014 17:09:51	38	34	0
Apr 10, 2014 17:09:52	35	24	0
Apr 10, 2014 17:09:53	48	30	0
Apr 10, 2014 17:09:54	51	14	0
Apr 10, 2014 17:09:55	57	21	0
Apr 10, 2014 17:09:56	67	29	0
Apr 10, 2014 17:09:57	66	41	0
Apr 10, 2014 17:09:58	53	50	0
Apr 10, 2014 17:09:59	54	44	0
Apr 10, 2014 17:10:00	63	51	0
Apr 10, 2014 17:10:01	53	41	0
Apr 10, 2014 17:10:02	61	43	0
Apr 10, 2014 17:10:03	41	44	0
Apr 10, 2014 17:10:04	34	43	0
Apr 10, 2014 17:10:05	47	43	0
Apr 10, 2014 17:10:06	37	53	0
Apr 10, 2014 17:10:07	51	50	0
Apr 10, 2014 17:10:08	54	56	0
Apr 10, 2014 17:10:10	61	66	0
Apr 10, 2014 17:10:11	67	47	0
Apr 10, 2014 17:10:12	53	51	0
Apr 10, 2014 17:10:13	48	41	0
Apr 10, 2014 17:10:14	47	43	0
Apr 10, 2014 17:10:15	53	54	0
Apr 10, 2014 17:10:16	61	54	0
Apr 10, 2014 17:10:17	63	61	0
Apr 10, 2014 17:10:18	61	61	0
Apr 10, 2014 17:10:19	60	56	0
Apr 10, 2014 17:10:20	74	51	0
Apr 10, 2014 17:10:21	63	51	0
Apr 10, 2014 17:10:22	47	60	0
Apr 10, 2014 17:10:23	37	64	0
Apr 10, 2014 17:10:24	43	48	0
Apr 10, 2014 17:10:25	48	43	0
Apr 10, 2014 17:10:26	53	29	0
Apr 10, 2014 17:10:27	53	29	0
Apr 10, 2014 17:10:28	29	34	26
Apr 10, 2014 17:10:29	34	43	0
Apr 10, 2014 17:10:30	37	53	0
Apr 10, 2014 17:10:31	34	67	0
Apr 10, 2014 17:10:32	47	78	0
Apr 10, 2014 17:10:33	47	78	0
Apr 10, 2014 17:10:34	26	66	0
Apr 10, 2014 17:10:35	35	67	0
Apr 10, 2014 17:10:36	56	56	0
Apr 10, 2014 17:10:37	75	56	0
Apr 10, 2014 17:10:38	91	54	0
Apr 10, 2014 17:10:39	81	35	0
Apr 10, 2014 17:10:40	70	29	0
Apr 10, 2014 17:10:41	64	21	0
Apr 10, 2014 17:10:42	54	20	0
Apr 10, 2014 17:10:43	53	37	0
Apr 10, 2014 17:10:44	43	41	0
Apr 10, 2014 17:10:45	37	53	0
Apr 10, 2014 17:10:47	37	53	0
Apr 10, 2014 17:10:48	29	43	0
Apr 10, 2014 17:10:49	38	48	0
Apr 10, 2014 17:10:50	27	44	0
Apr 10, 2014 17:10:51	43	53	0
Apr 10, 2014 17:10:52	66	54	0
Apr 10, 2014 17:10:53	66	50	0
Apr 10, 2014 17:10:54	63	48	0
Apr 10, 2014 17:10:55	54	48	0
Apr 10, 2014 17:10:56	47	48	0
Apr 10, 2014 17:10:57	48	44	0
Apr 10, 2014 17:10:58	38	43	0
Apr 10, 2014 17:10:59	27	43	0
Apr 10, 2014 17:11:00	40	48	0
Apr 10, 2014 17:11:01	14	44	0
Apr 10, 2014 17:11:02	27	37	0
Apr 10, 2014 17:11:03	27	35	0
Apr 10, 2014 17:11:04	29	34	0
Apr 10, 2014 17:11:05	43	20	0
Apr 10, 2014 17:11:06	50	30	0
Apr 10, 2014 17:11:07	61	47	0
Apr 10, 2014 17:11:08	57	41	0
Apr 10, 2014 17:11:09	70	70	0
Apr 10, 2014 17:11:10	56	81	0
Apr 10, 2014 17:11:11	70	69	0
Apr 10, 2014 17:11:12	84	83	0
Apr 10, 2014 17:11:13	70	77	0
Apr 10, 2014 17:11:14	64	63	0
Apr 10, 2014 17:11:15	48	67	0
Apr 10, 2014 17:11:16	43	64	0
Apr 10, 2014 17:11:17	43	67	0
Apr 10, 2014 17:11:18	66	74	0
Apr 10, 2014 17:11:19	78	74	0
Apr 10, 2014 17:11:20	70	78	0
Apr 10, 2014 17:11:22	78	75	0
Apr 10, 2014 17:11:23	64	74	0
Apr 10, 2014 17:11:24	57	64	0
Apr 10, 2014 17:11:25	67	64	0
Apr 10, 2014 17:11:26	67	60	0
Apr 10, 2014 17:11:27	67	60	0
Apr 10, 2014 17:11:28	56	51	0
Apr 10, 2014 17:11:29	43	47	0
Apr 10, 2014 17:11:30	35	41	0
Apr 10, 2014 17:11:31	30	40	0
Apr 10, 2014 17:11:32	34	48	0
Apr 10, 2014 17:11:33	40	40	0
Apr 10, 2014 17:11:34	43	43	0
Apr 10, 2014 17:11:35	47	38	0
Apr 10, 2014 17:11:36	44	38	0
Apr 10, 2014 17:11:37	30	48	0
Apr 10, 2014 17:11:38	27	44	0
Apr 10, 2014 17:11:39	23	63	0
Apr 10, 2014 17:11:40	26	66	0
Apr 10, 2014 17:11:41	51	60	0
Apr 10, 2014 17:11:42	77	66	0
Apr 10, 2014 17:11:43	100	44	0
Apr 10, 2014 17:11:44	93	51	0
Apr 10, 2014 17:11:45	74	69	0
Apr 10, 2014 17:11:46	57	66	0
Apr 10, 2014 17:11:47	35	78	0
Apr 10, 2014 17:11:48	35	78	26
Apr 10, 2014 17:11:49	41	69	0
Apr 10, 2014 17:11:50	35	63	0
Apr 10, 2014 17:11:51	34	69	0
Apr 10, 2014 17:11:52	60	61	0
Apr 10, 2014 17:11:53	60	54	0
Apr 10, 2014 17:11:54	53	51	0
Apr 10, 2014 17:11:56	51	54	0
Apr 10, 2014 17:11:57	41	64	0
Apr 10, 2014 17:11:58	61	67	0
Apr 10, 2014 17:11:59	57	74	0
Apr 10, 2014 17:12:00	53	74	0
Apr 10, 2014 17:12:01	53	64	0
Apr 10, 2014 17:12:02	64	47	0
Apr 10, 2014 17:12:03	83	41	0
Apr 10, 2014 17:12:04	75	26	0
Apr 10, 2014 17:12:05	66	27	0
Apr 10, 2014 17:12:06	29	38	0
Apr 10, 2014 17:12:07	17	53	0
Apr 10, 2014 17:12:08	14	67	0
Apr 10, 2014 17:12:09	16	67	0
Apr 10, 2014 17:12:10	30	80	0
Apr 10, 2014 17:12:11	30	69	0
Apr 10, 2014 17:12:12	38	54	0
Apr 10, 2014 17:12:13	44	54	0
Apr 10, 2014 17:12:14	61	50	0
Apr 10, 2014 17:12:15	77	47	0
Apr 10, 2014 17:12:16	74	54	0
Apr 10, 2014 17:12:17	74	54	26
Apr 10, 2014 17:12:18	67	51	0
Apr 10, 2014 17:12:19	50	51	0
Apr 10, 2014 17:12:20	40	50	0
Apr 10, 2014 17:12:21	44	56	0
Apr 10, 2014 17:12:22	53	63	0
Apr 10, 2014 17:12:23	41	54	0
Apr 10, 2014 17:12:24	24	47	0
Apr 10, 2014 17:12:25	16	47	0
Apr 10, 2014 17:12:26	23	44	0
Apr 10, 2014 17:12:27	30	56	0
Apr 10, 2014 17:12:28	53	60	0
Apr 10, 2014 17:12:30	41	54	0
Apr 10, 2014 17:12:31	37	50	0
Apr 10, 2014 17:12:32	40	37	0
Apr 10, 2014 17:12:33	29	48	0
Apr 10, 2014 17:12:34	41	53	0
Apr 10, 2014 17:12:35	47	61	0
Apr 10, 2014 17:12:36	50	78	0
Apr 10, 2014 17:12:37	53	70	0
Apr 10, 2014 17:12:38	53	81	0
Apr 10, 2014 17:12:39	53	75	0
Apr 10, 2014 17:12:40	63	56	0
Apr 10, 2014 17:12:41	64	51	0
Apr 10, 2014 17:12:42	61	56	0
Apr 10, 2014 17:12:43	69	51	0
Apr 10, 2014 17:12:44	60	56	0
Apr 10, 2014 17:12:45	50	66	0
Apr 10, 2014 17:12:46	37	60	0
Apr 10, 2014 17:12:47	14	63	0
Apr 10, 2014 17:12:48	1	57	0
Apr 10, 2014 17:12:49	1	48	0
Apr 10, 2014 17:12:50	8	53	0
Apr 10, 2014 17:12:51	20	69	0
Apr 10, 2014 17:12:52	13	70	0
Apr 10, 2014 17:12:53	7	67	0
Apr 10, 2014 17:12:54	4	60	0
Apr 10, 2014 17:12:55	11	66	0
Apr 10, 2014 17:12:56	21	66	0
Apr 10, 2014 17:12:57	30	60	0
Apr 10, 2014 17:12:58	26	53	0
Apr 10, 2014 17:12:59	26	44	0
Apr 10, 2014 17:13:00	23	47	0
Apr 10, 2014 17:13:01	24	44	0
Apr 10, 2014 17:13:02	40	60	0
Apr 10, 2014 17:13:03	47	70	0
Apr 10, 2014 17:13:05	43	74	0
Apr 10, 2014 17:13:06	41	77	0
Apr 10, 2014 17:13:07	43	67	0
Apr 10, 2014 17:13:08	37	74	0
Apr 10, 2014 17:13:09	27	60	0
Apr 10, 2014 17:13:10	14	57	0
Apr 10, 2014 17:13:11	4	53	0
Apr 10, 2014 17:13:12	16	44	0
Apr 10, 2014 17:13:13	34	57	0
Apr 10, 2014 17:13:14	44	67	0
Apr 10, 2014 17:13:15	38	66	0
Apr 10, 2014 17:13:16	27	67	0
Apr 10, 2014 17:13:17	27	74	0
Apr 10, 2014 17:13:18	24	69	0
Apr 10, 2014 17:13:19	30	74	0
Apr 10, 2014 17:13:20	43	63	0
Apr 10, 2014 17:13:21	40	51	0
Apr 10, 2014 17:13:22	41	60	0
Apr 10, 2014 17:13:23	35	74	0
Apr 10, 2014 17:13:24	38	78	0
Apr 10, 2014 17:13:25	40	80	0
Apr 10, 2014 17:13:26	41	74	0
Apr 10, 2014 17:13:27	43	61	0
Apr 10, 2014 17:13:28	48	57	0
Apr 10, 2014 17:13:29	38	57	0
Apr 10, 2014 17:13:30	35	74	0
Apr 10, 2014 17:13:31	40	81	0
Apr 10, 2014 17:13:32	26	70	0
Apr 10, 2014 17:13:33	37	67	0
Apr 10, 2014 17:13:34	51	51	0
Apr 10, 2014 17:13:35	43	48	0
Apr 10, 2014 17:13:36	50	66	0
Apr 10, 2014 17:13:38	41	64	0
Apr 10, 2014 17:13:39	27	77	0
Apr 10, 2014 17:13:40	20	66	0
Apr 10, 2014 17:13:41	4	61	0
Apr 10, 2014 17:13:42	20	60	0
Apr 10, 2014 17:13:43	16	57	0
Apr 10, 2014 17:13:44	13	66	0
Apr 10, 2014 17:13:45	14	60	0
Apr 10, 2014 17:13:46	1	57	0
Apr 10, 2014 17:13:47	1	60	0
Apr 10, 2014 17:13:48	7	70	0
Apr 10, 2014 17:13:49	23	88	0
Apr 10, 2014 17:13:50	24	90	0
Apr 10, 2014 17:13:51	10	67	0
Apr 10, 2014 17:13:52	1	51	0
Apr 10, 2014 17:13:53	3	47	0
Apr 10, 2014 17:13:54	20	43	0
Apr 10, 2014 17:13:55	40	54	0
Apr 10, 2014 17:13:56	44	54	0
Apr 10, 2014 17:13:57	48	53	0
Apr 10, 2014 17:13:58	50	61	0
Apr 10, 2014 17:13:59	37	53	0
Apr 10, 2014 17:14:00	40	38	0
Apr 10, 2014 17:14:01	54	44	0
Apr 10, 2014 17:14:02	47	37	0
Apr 10, 2014 17:14:03	53	38	0
Apr 10, 2014 17:14:04	44	54	0
Apr 10, 2014 17:14:05	44	53	0
Apr 10, 2014 17:14:06	47	60	0
Apr 10, 2014 17:14:07	47	60	0
Apr 10, 2014 17:14:08	44	63	0
Apr 10, 2014 17:14:09	34	63	0
Apr 10, 2014 17:14:11	34	63	0
Apr 10, 2014 17:14:12	38	69	0
Apr 10, 2014 17:14:13	47	63	0
Apr 10, 2014 17:14:14	44	64	0
Apr 10, 2014 17:14:15	41	66	0
Apr 10, 2014 17:14:16	21	74	0
Apr 10, 2014 17:14:17	24	83	0
Apr 10, 2014 17:14:18	30	87	0
Apr 10, 2014 17:14:19	56	78	0
Apr 10, 2014 17:14:20	57	87	0
Apr 10, 2014 17:14:21	51	66	0
Apr 10, 2014 17:14:22	47	47	0
Apr 10, 2014 17:14:23	35	48	0
Apr 10, 2014 17:14:24	27	40	0
Apr 10, 2014 17:14:25	26	43	0
Apr 10, 2014 17:14:26	23	56	0
Apr 10, 2014 17:14:27	29	57	0
Apr 10, 2014 17:14:28	41	50	0
Apr 10, 2014 17:14:29	51	57	0
Apr 10, 2014 17:14:30	63	60	0
Apr 10, 2014 17:14:31	69	48	0
Apr 10, 2014 17:14:32	69	61	0
Apr 10, 2014 17:14:33	64	69	0
Apr 10, 2014 17:14:34	61	70	0
Apr 10, 2014 17:14:35	51	63	0
Apr 10, 2014 17:14:36	44	61	0
Apr 10, 2014 17:14:37	51	51	0
Apr 10, 2014 17:14:38	47	54	0
Apr 10, 2014 17:14:39	57	63	0
Apr 10, 2014 17:14:40	51	60	0
Apr 10, 2014 17:14:41	34	70	0
Apr 10, 2014 17:14:42	30	64	0
Apr 10, 2014 17:14:44	20	70	0
Apr 10, 2014 17:14:45	27	60	0
Apr 10, 2014 17:14:46	35	63	0
Apr 10, 2014 17:14:47	29	70	0
Apr 10, 2014 17:14:48	34	78	0
Apr 10, 2014 17:14:49	38	78	0
Apr 10, 2014 17:14:50	50	66	0
Apr 10, 2014 17:14:51	37	50	0
Apr 10, 2014 17:14:52	27	38	0
Apr 10, 2014 17:14:53	17	27	0
Apr 10, 2014 17:14:54	7	29	0
Apr 10, 2014 17:14:55	11	37	0
Apr 10, 2014 17:14:56	13	48	0
Apr 10, 2014 17:14:57	30	48	0
Apr 10, 2014 17:14:58	44	37	0
Apr 10, 2014 17:14:59	48	34	0
Apr 10, 2014 17:15:00	44	43	0
Apr 10, 2014 17:15:01	34	50	0
Apr 10, 2014 17:15:02	27	60	0
Apr 10, 2014 17:15:03	37	74	0
Apr 10, 2014 17:15:04	51	56	0
Apr 10, 2014 17:15:05	60	57	0
Apr 10, 2014 17:15:06	60	57	0
Apr 10, 2014 17:15:07	38	61	0
Apr 10, 2014 17:15:08	26	80	0
Apr 10, 2014 17:15:09	23	75	0
Apr 10, 2014 17:15:10	29	64	0
Apr 10, 2014 17:15:11	50	74	0
Apr 10, 2014 17:15:12	41	66	0
Apr 10, 2014 17:15:13	27	64	0
Apr 10, 2014 17:15:14	17	67	0
Apr 10, 2014 17:15:15	13	67	0
Apr 10, 2014 17:15:16	34	57	0
Apr 10, 2014 17:15:17	51	64	0
Apr 10, 2014 17:15:19	41	57	0
Apr 10, 2014 17:15:20	27	63	0
Apr 10, 2014 17:15:21	16	50	0
Apr 10, 2014 17:15:22	34	53	0
Apr 10, 2014 17:15:23	23	66	0
Apr 10, 2014 17:15:24	26	66	0
Apr 10, 2014 17:15:25	37	83	0
Apr 10, 2014 17:15:26	44	67	0
Apr 10, 2014 17:15:27	60	44	0
Apr 10, 2014 17:15:28	67	37	0
Apr 10, 2014 17:15:29	61	27	0
Apr 10, 2014 17:15:30	56	37	0
Apr 10, 2014 17:15:31	47	37	0
Apr 10, 2014 17:15:32	34	43	0
Apr 10, 2014 17:15:33	23	44	0
Apr 10, 2014 17:15:34	17	50	0
Apr 10, 2014 17:15:35	8	50	0
Apr 10, 2014 17:15:36	14	61	0
Apr 10, 2014 17:15:37	26	56	0
Apr 10, 2014 17:15:38	35	57	0
Apr 10, 2014 17:15:39	56	61	0
Apr 10, 2014 17:15:40	56	44	0
Apr 10, 2014 17:15:41	57	38	0
Apr 10, 2014 17:15:42	40	23	0
Apr 10, 2014 17:15:43	27	23	0
Apr 10, 2014 17:15:44	43	34	0
Apr 10, 2014 17:15:45	30	43	0
Apr 10, 2014 17:15:46	30	43	0
Apr 10, 2014 17:15:47	29	63	0
Apr 10, 2014 17:15:48	14	63	0
Apr 10, 2014 17:15:49	17	51	0
Apr 10, 2014 17:15:50	11	43	0
Apr 10, 2014 17:15:51	7	51	0
Apr 10, 2014 17:15:52	23	77	0
Apr 10, 2014 17:15:53	41	67	0
Apr 10, 2014 17:15:54	41	80	0
Apr 10, 2014 17:15:56	50	75	0
Apr 10, 2014 17:15:57	44	74	0
Apr 10, 2014 17:15:58	43	81	0
Apr 10, 2014 17:15:59	43	74	0
Apr 10, 2014 17:16:00	44	70	0
Apr 10, 2014 17:16:01	30	63	0
Apr 10, 2014 17:16:02	20	54	0
Apr 10, 2014 17:16:03	23	56	0
Apr 10, 2014 17:16:04	23	47	0
Apr 10, 2014 17:16:05	38	54	0
Apr 10, 2014 17:16:06	38	54	0
Apr 10, 2014 17:16:07	67	61	0
Apr 10, 2014 17:16:08	77	64	0
Apr 10, 2014 17:16:09	67	61	0
Apr 10, 2014 17:16:10	70	57	0
Apr 10, 2014 17:16:11	64	67	0
Apr 10, 2014 17:16:12	56	54	0
Apr 10, 2014 17:16:13	48	51	0
Apr 10, 2014 17:16:14	50	51	0
Apr 10, 2014 17:16:15	40	37	0
Apr 10, 2014 17:16:16	38	48	0
Apr 10, 2014 17:16:17	44	47	0
Apr 10, 2014 17:16:18	29	35	0
Apr 10, 2014 17:16:19	21	29	0
Apr 10, 2014 17:16:20	23	35	0
Apr 10, 2014 17:16:21	41	51	0
Apr 10, 2014 17:16:22	53	75	0
Apr 10, 2014 17:16:23	41	70	0
Apr 10, 2014 17:16:24	38	78	0
Apr 10, 2014 17:16:25	35	74	0
Apr 10, 2014 17:16:26	40	63	0
Apr 10, 2014 17:16:27	43	60	0
Apr 10, 2014 17:16:28	37	54	0
Apr 10, 2014 17:16:29	38	53	0
Apr 10, 2014 17:16:31	43	60	0
Apr 10, 2014 17:16:32	48	67	0
Apr 10, 2014 17:16:33	50	66	0
Apr 10, 2014 17:16:34	53	57	0
Apr 10, 2014 17:16:35	41	47	0
Apr 10, 2014 17:16:36	43	47	0
Apr 10, 2014 17:16:37	50	57	0
Apr 10, 2014 17:16:38	61	66	0
Apr 10, 2014 17:16:39	63	83	0
Apr 10, 2014 17:16:40	61	88	0
Apr 10, 2014 17:16:41	53	70	0
Apr 10, 2014 17:16:42	43	70	0
Apr 10, 2014 17:16:43	48	60	0
Apr 10, 2014 17:16:44	43	57	0
Apr 10, 2014 17:16:45	43	69	0
Apr 10, 2014 17:16:46	37	69	0
Apr 10, 2014 17:16:47	20	70	0
Apr 10, 2014 17:16:48	17	67	0
Apr 10, 2014 17:16:49	17	57	0
Apr 10, 2014 17:16:50	27	57	0
Apr 10, 2014 17:16:51	56	53	0
Apr 10, 2014 17:16:52	54	61	0
Apr 10, 2014 17:16:53	34	43	0
Apr 10, 2014 17:16:54	21	43	0
Apr 10, 2014 17:16:55	29	44	0
Apr 10, 2014 17:16:56	43	40	0
Apr 10, 2014 17:16:57	50	53	0
Apr 10, 2014 17:16:58	53	60	0
Apr 10, 2014 17:16:59	24	53	0
Apr 10, 2014 17:17:00	11	50	0
Apr 10, 2014 17:17:01	16	63	0
Apr 10, 2014 17:17:02	23	61	0
Apr 10, 2014 17:17:03	44	63	0
Apr 10, 2014 17:17:04	63	74	0
Apr 10, 2014 17:17:06	60	67	0
Apr 10, 2014 17:17:07	43	54	0
Apr 10, 2014 17:17:08	29	53	0
Apr 10, 2014 17:17:09	17	51	0
Apr 10, 2014 17:17:10	10	40	0
Apr 10, 2014 17:17:11	24	50	0
Apr 10, 2014 17:17:12	37	48	0
Apr 10, 2014 17:17:13	34	35	0
Apr 10, 2014 17:17:14	47	40	0
Apr 10, 2014 17:17:15	30	38	0
Apr 10, 2014 17:17:16	16	40	0
Apr 10, 2014 17:17:17	17	48	0
Apr 10, 2014 17:17:18	23	48	0
Apr 10, 2014 17:17:19	27	57	0
Apr 10, 2014 17:17:20	40	60	0
Apr 10, 2014 17:17:21	40	75	0
Apr 10, 2014 17:17:22	47	60	0
Apr 10, 2014 17:17:23	41	57	0
Apr 10, 2014 17:17:24	35	54	0
Apr 10, 2014 17:17:25	29	48	0
Apr 10, 2014 17:17:26	17	54	0
Apr 10, 2014 17:17:27	16	60	0
Apr 10, 2014 17:17:28	20	44	0
Apr 10, 2014 17:17:29	17	44	0
Apr 10, 2014 17:17:30	23	48	0
Apr 10, 2014 17:17:31	26	47	0
Apr 10, 2014 17:17:32	24	57	0
Apr 10, 2014 17:17:33	40	64	0
Apr 10, 2014 17:17:34	54	63	0
Apr 10, 2014 17:17:35	61	66	0
Apr 10, 2014 17:17:36	56	78	0
Apr 10, 2014 17:17:37	53	78	0
Apr 10, 2014 17:17:38	40	74	0
Apr 10, 2014 17:17:40	43	63	0
Apr 10, 2014 17:17:41	48	60	0
Apr 10, 2014 17:17:42	48	57	0
Apr 10, 2014 17:17:43	41	54	0
Apr 10, 2014 17:17:44	37	64	0
Apr 10, 2014 17:17:45	38	51	0
Apr 10, 2014 17:17:46	30	41	0
Apr 10, 2014 17:17:47	27	40	0
Apr 10, 2014 17:17:48	13	27	0
Apr 10, 2014 17:17:49	4	38	0
Apr 10, 2014 17:17:50	3	41	0
Apr 10, 2014 17:17:51	41	64	0
Apr 10, 2014 17:17:52	43	54	0
Apr 10, 2014 17:17:53	44	56	0
Apr 10, 2014 17:17:54	47	60	0
Apr 10, 2014 17:17:55	30	63	0
Apr 10, 2014 17:17:56	26	74	0
Apr 10, 2014 17:17:57	24	80	0
Apr 10, 2014 17:17:58	20	54	0
Apr 10, 2014 17:17:59	23	44	0
Apr 10, 2014 17:18:00	30	34	0
Apr 10, 2014 17:18:01	35	27	0
Apr 10, 2014 17:18:02	44	54	0
Apr 10, 2014 17:18:03	34	41	0
Apr 10, 2014 17:18:04	26	34	0
Apr 10, 2014 17:18:05	23	43	0
Apr 10, 2014 17:18:06	16	35	0
Apr 10, 2014 17:18:07	29	51	0
Apr 10, 2014 17:18:08	43	69	0
Apr 10, 2014 17:18:09	37	54	0
Apr 10, 2014 17:18:10	35	40	0
Apr 10, 2014 17:18:11	27	34	0
Apr 10, 2014 17:18:13	14	26	0
Apr 10, 2014 17:18:14	23	37	0
Apr 10, 2014 17:18:15	35	54	0
Apr 10, 2014 17:18:16	48	57	0
Apr 10, 2014 17:18:17	57	63	0
Apr 10, 2014 17:18:18	56	60	0
Apr 10, 2014 17:18:19	35	51	0
Apr 10, 2014 17:18:20	14	38	0
Apr 10, 2014 17:18:21	24	38	0
Apr 10, 2014 17:18:22	35	60	0
Apr 10, 2014 17:18:23	37	64	0
Apr 10, 2014 17:18:24	43	67	0
Apr 10, 2014 17:18:25	29	75	0
Apr 10, 2014 17:18:26	26	67	0
Apr 10, 2014 17:18:27	11	56	0
Apr 10, 2014 17:18:28	24	61	0
Apr 10, 2014 17:18:29	34	43	0
Apr 10, 2014 17:18:30	26	47	0
Apr 10, 2014 17:18:31	47	50	0
Apr 10, 2014 17:18:32	30	51	0
Apr 10, 2014 17:18:33	34	66	0
Apr 10, 2014 17:18:34	41	53	0
Apr 10, 2014 17:18:35	47	51	0
Apr 10, 2014 17:18:36	57	27	0
Apr 10, 2014 17:18:37	41	23	0
Apr 10, 2014 17:18:38	34	35	0
Apr 10, 2014 17:18:39	27	44	0
Apr 10, 2014 17:18:40	17	60	0
Apr 10, 2014 17:18:41	34	66	0
Apr 10, 2014 17:18:42	43	56	0
Apr 10, 2014 17:18:43	48	48	0
Apr 10, 2014 17:18:44	53	53	0
Apr 10, 2014 17:18:46	53	53	0
Apr 10, 2014 17:18:47	50	47	0
Apr 10, 2014 17:18:48	56	35	0
Apr 10, 2014 17:18:49	43	41	0
Apr 10, 2014 17:18:50	47	47	0
Apr 10, 2014 17:18:51	37	66	0
Apr 10, 2014 17:18:52	38	80	0
Apr 10, 2014 17:18:53	44	77	0
Apr 10, 2014 17:18:54	43	88	0
Apr 10, 2014 17:18:55	37	87	0
Apr 10, 2014 17:18:56	37	74	0
Apr 10, 2014 17:18:57	34	66	0
Apr 10, 2014 17:18:58	43	51	0
Apr 10, 2014 17:18:59	56	41	0
Apr 10, 2014 17:19:00	48	51	0
Apr 10, 2014 17:19:01	53	61	0
Apr 10, 2014 17:19:02	54	78	0
Apr 10, 2014 17:19:03	56	83	0
Apr 10, 2014 17:19:04	64	81	0
Apr 10, 2014 17:19:05	64	81	0
Apr 10, 2014 17:19:06	54	80	0
Apr 10, 2014 17:19:07	41	84	0
Apr 10, 2014 17:19:08	35	91	0
Apr 10, 2014 17:19:09	44	88	0
Apr 10, 2014 17:19:10	40	94	0
Apr 10, 2014 17:19:11	40	100	0
Apr 10, 2014 17:19:12	41	83	0
Apr 10, 2014 17:19:13	41	78	0
Apr 10, 2014 17:19:14	30	57	0
Apr 10, 2014 17:19:15	27	50	0
Apr 10, 2014 17:19:16	14	57	0
Apr 10, 2014 17:19:17	11	64	0
Apr 10, 2014 17:19:18	17	64	0
Apr 10, 2014 17:19:20	27	70	0
Apr 10, 2014 17:19:21	30	60	0
Apr 10, 2014 17:19:22	34	53	0
Apr 10, 2014 17:19:23	20	51	0
Apr 10, 2014 17:19:24	21	47	0
Apr 10, 2014 17:19:25	13	51	0
Apr 10, 2014 17:19:26	7	53	0
Apr 10, 2014 17:19:27	11	30	0
Apr 10, 2014 17:19:28	14	16	0
Apr 10, 2014 17:19:29	27	21	0
Apr 10, 2014 17:19:30	26	29	0
Apr 10, 2014 17:19:31	34	35	0
Apr 10, 2014 17:19:32	38	40	0
Apr 10, 2014 17:19:33	38	43	0
Apr 10, 2014 17:19:34	37	43	0
Apr 10, 2014 17:19:35	27	56	0
Apr 10, 2014 17:19:36	14	61	0
Apr 10, 2014 17:19:37	16	61	0
Apr 10, 2014 17:19:38	17	63	0
Apr 10, 2014 17:19:39	23	54	0
Apr 10, 2014 17:19:40	20	66	0
Apr 10, 2014 17:19:41	27	57	0
Apr 10, 2014 17:19:42	47	56	0
Apr 10, 2014 17:19:43	64	64	0
Apr 10, 2014 17:19:44	66	51	0
Apr 10, 2014 17:19:45	60	53	0
Apr 10, 2014 17:19:46	40	48	0
Apr 10, 2014 17:19:47	44	51	0
Apr 10, 2014 17:19:48	29	50	0
Apr 10, 2014 17:19:49	27	53	0
Apr 10, 2014 17:19:50	41	61	0
Apr 10, 2014 17:19:51	50	60	0
Apr 10, 2014 17:19:53	70	74	0
Apr 10, 2014 17:19:54	67	53	0
Apr 10, 2014 17:19:55	56	54	0
Apr 10, 2014 17:19:56	60	48	0
Apr 10, 2014 17:19:57	43	40	0
Apr 10, 2014 17:19:58	37	43	0
Apr 10, 2014 17:19:59	41	43	0
Apr 10, 2014 17:20:00	23	54	0
Apr 10, 2014 17:20:01	40	60	0
Apr 10, 2014 17:20:02	43	80	0
Apr 10, 2014 17:20:03	40	87	0
Apr 10, 2014 17:20:04	50	87	0
Apr 10, 2014 17:20:05	40	87	0
Apr 10, 2014 17:20:06	51	67	0
Apr 10, 2014 17:20:07	44	60	0
Apr 10, 2014 17:20:08	47	54	0
Apr 10, 2014 17:20:09	53	56	0
Apr 10, 2014 17:20:10	41	64	0
Apr 10, 2014 17:20:11	34	54	0
Apr 10, 2014 17:20:12	24	54	0
Apr 10, 2014 17:20:13	10	43	0
Apr 10, 2014 17:20:14	11	38	0
Apr 10, 2014 17:20:15	23	48	0
Apr 10, 2014 17:20:16	29	54	0
Apr 10, 2014 17:20:17	27	41	0
Apr 10, 2014 17:20:18	20	35	0
Apr 10, 2014 17:20:19	23	20	0
Apr 10, 2014 17:20:20	13	8	0
Apr 10, 2014 17:20:21	7	29	0
Apr 10, 2014 17:20:22	1	27	0
Apr 10, 2014 17:20:23	11	41	0
Apr 10, 2014 17:20:24	26	56	0
Apr 10, 2014 17:20:26	30	44	0
Apr 10, 2014 17:20:27	47	51	0
Apr 10, 2014 17:20:28	30	54	0
Apr 10, 2014 17:20:29	26	51	0
Apr 10, 2014 17:20:30	23	57	0
Apr 10, 2014 17:20:31	24	53	0
Apr 10, 2014 17:20:32	24	51	0
Apr 10, 2014 17:20:33	11	50	0
Apr 10, 2014 17:20:34	7	53	0
Apr 10, 2014 17:20:35	16	50	0
Apr 10, 2014 17:20:36	20	38	0
Apr 10, 2014 17:20:37	38	51	0
Apr 10, 2014 17:20:38	53	56	0
Apr 10, 2014 17:20:39	51	67	0
Apr 10, 2014 17:20:40	63	81	0
Apr 10, 2014 17:20:41	60	74	0
Apr 10, 2014 17:20:42	64	61	0
Apr 10, 2014 17:20:43	57	61	0
Apr 10, 2014 17:20:44	38	61	0
Apr 10, 2014 17:20:45	7	47	0
Apr 10, 2014 17:20:46	3	37	0
Apr 10, 2014 17:20:47	14	23	0
Apr 10, 2014 17:20:48	34	34	0
Apr 10, 2014 17:20:49	38	60	0
Apr 10, 2014 17:20:50	47	70	0
Apr 10, 2014 17:20:51	48	80	0
Apr 10, 2014 17:20:52	44	77	0
Apr 10, 2014 17:20:53	44	54	0
Apr 10, 2014 17:20:54	35	50	0
Apr 10, 2014 17:20:55	29	43	0
Apr 10, 2014 17:20:56	13	47	0
Apr 10, 2014 17:20:57	4	56	0
Apr 10, 2014 17:20:58	1	61	0
Apr 10, 2014 17:20:59	1	75	0
Apr 10, 2014 17:21:00	4	64	0
Apr 10, 2014 17:21:02	23	64	0
Apr 10, 2014 17:21:03	27	43	0
Apr 10, 2014 17:21:04	21	35	0
Apr 10, 2014 17:21:05	27	30	0
Apr 10, 2014 17:21:06	13	21	0
Apr 10, 2014 17:21:07	13	34	0
Apr 10, 2014 17:21:08	16	43	0
Apr 10, 2014 17:21:09	10	53	0
Apr 10, 2014 17:21:10	14	56	0
Apr 10, 2014 17:21:11	26	57	0
Apr 10, 2014 17:21:12	40	38	0
Apr 10, 2014 17:21:13	60	44	0
Apr 10, 2014 17:21:14	69	37	0
Apr 10, 2014 17:21:15	74	40	0
Apr 10, 2014 17:21:16	69	53	0
Apr 10, 2014 17:21:17	63	60	0
Apr 10, 2014 17:21:18	66	50	0
Apr 10, 2014 17:21:19	56	41	0
Apr 10, 2014 17:21:20	44	38	0
Apr 10, 2014 17:21:21	41	44	0
Apr 10, 2014 17:21:22	20	40	0
Apr 10, 2014 17:21:23	35	41	0
Apr 10, 2014 17:21:24	48	40	0
Apr 10, 2014 17:21:25	37	27	0
Apr 10, 2014 17:21:26	48	38	0
Apr 10, 2014 17:21:27	37	47	0
Apr 10, 2014 17:21:28	20	51	0
Apr 10, 2014 17:21:29	24	63	0
Apr 10, 2014 17:21:30	37	75	0
Apr 10, 2014 17:21:31	30	75	0
Apr 10, 2014 17:21:32	43	83	0
Apr 10, 2014 17:21:33	50	60	0
Apr 10, 2014 17:21:34	26	44	0
Apr 10, 2014 17:21:35	24	30	0
Apr 10, 2014 17:21:36	26	29	0
Apr 10, 2014 17:21:38	23	44	0
Apr 10, 2014 17:21:39	41	64	0
Apr 10, 2014 17:21:40	54	66	0
Apr 10, 2014 17:21:41	53	64	0
Apr 10, 2014 17:21:42	54	74	0
Apr 10, 2014 17:21:43	64	66	0
Apr 10, 2014 17:21:44	63	74	0
Apr 10, 2014 17:21:45	54	64	0
Apr 10, 2014 17:21:46	53	44	0
Apr 10, 2014 17:21:47	48	41	0
Apr 10, 2014 17:21:48	48	53	0
Apr 10, 2014 17:21:49	48	56	0
Apr 10, 2014 17:21:50	37	57	0
Apr 10, 2014 17:21:51	35	64	0
Apr 10, 2014 17:21:52	26	61	0
Apr 10, 2014 17:21:53	17	77	0
Apr 10, 2014 17:21:54	23	75	0
Apr 10, 2014 17:21:55	23	61	0
Apr 10, 2014 17:21:56	30	64	0
Apr 10, 2014 17:21:57	40	64	0
Apr 10, 2014 17:21:58	30	60	0
Apr 10, 2014 17:21:59	34	54	0
Apr 10, 2014 17:22:00	34	54	51
Apr 10, 2014 17:22:01	34	54	26
Apr 10, 2014 17:22:02	40	48	0
Apr 10, 2014 17:22:03	41	40	0
Apr 10, 2014 17:22:04	51	48	0
Apr 10, 2014 17:22:05	67	61	0
Apr 10, 2014 17:22:06	67	61	0
Apr 10, 2014 17:22:07	64	67	0
Apr 10, 2014 17:22:08	66	78	0
Apr 10, 2014 17:22:09	57	61	0
Apr 10, 2014 17:22:10	57	66	0
Apr 10, 2014 17:22:11	57	64	0
Apr 10, 2014 17:22:13	50	56	0
Apr 10, 2014 17:22:14	47	67	0
Apr 10, 2014 17:22:15	35	69	0
Apr 10, 2014 17:22:16	41	70	0
Apr 10, 2014 17:22:17	29	75	0
Apr 10, 2014 17:22:18	26	64	0
Apr 10, 2014 17:22:19	10	54	0
Apr 10, 2014 17:22:20	30	43	0
Apr 10, 2014 17:22:21	34	35	0
Apr 10, 2014 17:22:22	34	35	0
Apr 10, 2014 17:22:23	38	41	0
Apr 10, 2014 17:22:24	35	51	0
Apr 10, 2014 17:22:25	21	61	0
Apr 10, 2014 17:22:26	24	63	0
Apr 10, 2014 17:22:27	34	61	0
Apr 10, 2014 17:22:28	35	56	0
Apr 10, 2014 17:22:29	50	63	0
Apr 10, 2014 17:22:30	53	80	0
Apr 10, 2014 17:22:31	40	78	0
Apr 10, 2014 17:22:32	41	70	0
Apr 10, 2014 17:22:33	47	53	0
Apr 10, 2014 17:22:34	56	40	0
Apr 10, 2014 17:22:35	56	44	0
Apr 10, 2014 17:22:36	37	50	0
Apr 10, 2014 17:22:37	30	67	0
Apr 10, 2014 17:22:38	24	63	0
Apr 10, 2014 17:22:39	30	67	0
Apr 10, 2014 17:22:40	40	75	0
Apr 10, 2014 17:22:41	34	80	0
Apr 10, 2014 17:22:42	24	67	0
Apr 10, 2014 17:22:43	20	53	0
Apr 10, 2014 17:22:44	20	53	0
Apr 10, 2014 17:22:45	24	26	0
Apr 10, 2014 17:22:47	30	41	0
Apr 10, 2014 17:22:48	44	53	0
Apr 10, 2014 17:22:49	38	64	0
Apr 10, 2014 17:22:50	34	63	0
Apr 10, 2014 17:22:51	23	54	0
Apr 10, 2014 17:22:52	14	67	0
Apr 10, 2014 17:22:53	11	60	0
Apr 10, 2014 17:22:54	17	64	0
Apr 10, 2014 17:22:55	34	61	0
Apr 10, 2014 17:22:56	37	53	0
Apr 10, 2014 17:22:57	41	64	0
Apr 10, 2014 17:22:58	44	70	0
Apr 10, 2014 17:22:59	44	64	0
Apr 10, 2014 17:23:00	43	61	0
Apr 10, 2014 17:23:01	43	54	0
Apr 10, 2014 17:23:02	44	54	0
Apr 10, 2014 17:23:03	53	66	0
Apr 10, 2014 17:23:04	53	66	0
Apr 10, 2014 17:23:05	74	75	0
Apr 10, 2014 17:23:06	74	74	0
Apr 10, 2014 17:23:07	67	75	0
Apr 10, 2014 17:23:08	67	67	0
Apr 10, 2014 17:23:09	64	69	0
Apr 10, 2014 17:23:10	51	66	0
Apr 10, 2014 17:23:11	54	61	0
Apr 10, 2014 17:23:12	47	60	0
Apr 10, 2014 17:23:13	27	57	0
Apr 10, 2014 17:23:14	43	48	0
Apr 10, 2014 17:23:15	37	64	0
Apr 10, 2014 17:23:16	43	63	0
Apr 10, 2014 17:23:17	50	63	0
Apr 10, 2014 17:23:18	48	51	0
Apr 10, 2014 17:23:20	64	56	0
Apr 10, 2014 17:23:21	57	47	0
Apr 10, 2014 17:23:22	47	51	0
Apr 10, 2014 17:23:23	54	48	0
Apr 10, 2014 17:23:24	61	47	0
Apr 10, 2014 17:23:25	67	57	0
Apr 10, 2014 17:23:26	80	53	0
Apr 10, 2014 17:23:27	87	51	0
Apr 10, 2014 17:23:28	83	48	0
Apr 10, 2014 17:23:29	83	43	0
Apr 10, 2014 17:23:30	66	44	0
Apr 10, 2014 17:23:31	48	51	0
Apr 10, 2014 17:23:32	37	47	0
Apr 10, 2014 17:23:33	26	48	0
Apr 10, 2014 17:23:34	47	50	0
Apr 10, 2014 17:23:35	41	44	0
Apr 10, 2014 17:23:36	40	56	0
Apr 10, 2014 17:23:37	29	50	0
Apr 10, 2014 17:23:38	4	41	0
Apr 10, 2014 17:23:39	7	44	0
Apr 10, 2014 17:23:40	3	43	0
Apr 10, 2014 17:23:41	10	51	0
Apr 10, 2014 17:23:42	30	66	0
Apr 10, 2014 17:23:43	27	64	0
Apr 10, 2014 17:23:44	38	41	0
Apr 10, 2014 17:23:45	24	34	0
Apr 10, 2014 17:23:46	38	29	0
Apr 10, 2014 17:23:47	37	21	0
Apr 10, 2014 17:23:48	41	24	0
Apr 10, 2014 17:23:49	40	29	0
Apr 10, 2014 17:23:50	23	29	0
Apr 10, 2014 17:23:51	17	41	0
Apr 10, 2014 17:23:53	14	37	0
Apr 10, 2014 17:23:54	27	20	0
Apr 10, 2014 17:23:55	41	16	0
Apr 10, 2014 17:23:56	69	17	0
Apr 10, 2014 17:23:57	93	26	0
Apr 10, 2014 17:23:58	93	35	0
Apr 10, 2014 17:23:59	100	43	0
Apr 10, 2014 17:24:00	88	50	0
Apr 10, 2014 17:24:01	61	38	0
Apr 10, 2014 17:24:02	53	37	0
Apr 10, 2014 17:24:03	50	23	0
Apr 10, 2014 17:24:04	54	21	0
Apr 10, 2014 17:24:05	70	38	0
Apr 10, 2014 17:24:06	81	43	0
Apr 10, 2014 17:24:07	78	57	0
Apr 10, 2014 17:24:08	74	47	0
Apr 10, 2014 17:24:09	66	50	0
Apr 10, 2014 17:24:10	48	44	0
Apr 10, 2014 17:24:11	51	24	0
Apr 10, 2014 17:24:12	61	40	0
Apr 10, 2014 17:24:13	93	34	0
Apr 10, 2014 17:24:14	90	48	0
Apr 10, 2014 17:24:15	80	43	0
Apr 10, 2014 17:24:16	60	44	0
Apr 10, 2014 17:24:17	54	50	0
Apr 10, 2014 17:24:18	47	47	0
Apr 10, 2014 17:24:19	63	44	0
Apr 10, 2014 17:24:20	56	30	0
Apr 10, 2014 17:24:21	50	26	0
Apr 10, 2014 17:24:22	57	38	0
Apr 10, 2014 17:24:23	38	44	0
Apr 10, 2014 17:24:24	60	60	0
Apr 10, 2014 17:24:25	56	54	0
Apr 10, 2014 17:24:27	50	50	0
Apr 10, 2014 17:24:28	56	44	0
Apr 10, 2014 17:24:29	40	56	0
Apr 10, 2014 17:24:30	24	64	0
Apr 10, 2014 17:24:31	13	60	0
Apr 10, 2014 17:24:32	1	57	0
Apr 10, 2014 17:24:33	1	43	0
Apr 10, 2014 17:24:34	1	43	0
Apr 10, 2014 17:24:35	1	56	0
Apr 10, 2014 17:24:36	1	60	0
Apr 10, 2014 17:24:37	1	56	0
Apr 10, 2014 17:24:38	1	61	0
Apr 10, 2014 17:24:39	3	51	0
Apr 10, 2014 17:24:40	26	54	0
Apr 10, 2014 17:24:41	51	53	0
Apr 10, 2014 17:24:42	51	44	0
Apr 10, 2014 17:24:43	50	43	0
Apr 10, 2014 17:24:44	30	43	0
Apr 10, 2014 17:24:45	7	57	0
Apr 10, 2014 17:24:46	1	47	0
Apr 10, 2014 17:24:47	1	47	0
Apr 10, 2014 17:24:48	1	51	0
Apr 10, 2014 17:24:49	4	43	0
Apr 10, 2014 17:24:50	10	54	0
Apr 10, 2014 17:24:51	14	53	0
Apr 10, 2014 17:24:52	29	48	0
Apr 10, 2014 17:24:53	30	60	0
Apr 10, 2014 17:24:54	37	51	0
Apr 10, 2014 17:24:55	21	61	0
Apr 10, 2014 17:24:56	26	61	0
Apr 10, 2014 17:24:57	41	35	0
Apr 10, 2014 17:24:58	44	40	0
Apr 10, 2014 17:24:59	50	37	0
Apr 10, 2014 17:25:00	37	51	0
Apr 10, 2014 17:25:01	29	66	0
Apr 10, 2014 17:25:03	20	67	0
Apr 10, 2014 17:25:04	20	67	0
Apr 10, 2014 17:25:05	20	54	0
Apr 10, 2014 17:25:06	4	51	0
Apr 10, 2014 17:25:07	13	48	0
Apr 10, 2014 17:25:08	14	51	0
Apr 10, 2014 17:25:09	14	43	0
Apr 10, 2014 17:25:10	21	43	0
Apr 10, 2014 17:25:11	20	48	0
Apr 10, 2014 17:25:12	24	34	0
Apr 10, 2014 17:25:13	16	30	0
Apr 10, 2014 17:25:14	13	37	0
Apr 10, 2014 17:25:15	11	48	0
Apr 10, 2014 17:25:16	21	69	0
Apr 10, 2014 17:25:17	21	60	0
Apr 10, 2014 17:25:18	24	50	0
Apr 10, 2014 17:25:19	16	41	0
Apr 10, 2014 17:25:20	14	41	0
Apr 10, 2014 17:25:21	8	50	0
Apr 10, 2014 17:25:22	7	38	0
Apr 10, 2014 17:25:23	14	60	0
Apr 10, 2014 17:25:24	17	51	0
Apr 10, 2014 17:25:25	23	44	0
Apr 10, 2014 17:25:26	16	41	0
Apr 10, 2014 17:25:27	13	30	0
Apr 10, 2014 17:25:28	29	27	0
Apr 10, 2014 17:25:29	37	35	0
Apr 10, 2014 17:25:30	61	30	0
Apr 10, 2014 17:25:31	61	30	27
Apr 10, 2014 17:25:32	54	23	0
Apr 10, 2014 17:25:33	51	30	0
Apr 10, 2014 17:25:34	40	35	0
Apr 10, 2014 17:25:35	21	47	0
Apr 10, 2014 17:25:36	16	44	0
Apr 10, 2014 17:25:38	14	38	0
Apr 10, 2014 17:25:39	27	27	0
Apr 10, 2014 17:25:40	27	29	0
Apr 10, 2014 17:25:41	41	29	0
Apr 10, 2014 17:25:42	54	11	0
Apr 10, 2014 17:25:43	70	13	0
Apr 10, 2014 17:25:44	80	20	0
Apr 10, 2014 17:25:45	75	7	0
Apr 10, 2014 17:25:46	63	27	0
Apr 10, 2014 17:25:47	77	29	0
Apr 10, 2014 17:25:48	100	41	0
Apr 10, 2014 17:25:49	100	37	0
Apr 10, 2014 17:25:50	100	29	0
Apr 10, 2014 17:25:51	87	23	0
Apr 10, 2014 17:25:52	74	35	0
Apr 10, 2014 17:25:53	54	47	0
Apr 10, 2014 17:25:54	61	50	0
Apr 10, 2014 17:25:55	56	60	0
Apr 10, 2014 17:25:56	38	56	0
Apr 10, 2014 17:25:57	47	63	0
Apr 10, 2014 17:25:58	44	63	0
Apr 10, 2014 17:25:59	48	41	0
Apr 10, 2014 17:26:00	64	38	0
Apr 10, 2014 17:26:01	63	35	0
Apr 10, 2014 17:26:02	60	30	0
Apr 10, 2014 17:26:03	70	48	0
Apr 10, 2014 17:26:04	70	57	0
Apr 10, 2014 17:26:05	67	64	0
Apr 10, 2014 17:26:06	53	74	0
Apr 10, 2014 17:26:07	50	70	0
Apr 10, 2014 17:26:08	51	80	0
Apr 10, 2014 17:26:09	41	66	0
Apr 10, 2014 17:26:10	47	63	0
Apr 10, 2014 17:26:11	35	66	0
Apr 10, 2014 17:26:12	17	53	0
Apr 10, 2014 17:26:14	11	60	0
Apr 10, 2014 17:26:15	7	61	0
Apr 10, 2014 17:26:16	7	47	0
Apr 10, 2014 17:26:17	8	53	0
Apr 10, 2014 17:26:18	14	26	0
Apr 10, 2014 17:26:19	13	40	0
Apr 10, 2014 17:26:20	20	38	0
Apr 10, 2014 17:26:21	17	61	0
Apr 10, 2014 17:26:22	48	57	0
Apr 10, 2014 17:26:23	48	57	0
Apr 10, 2014 17:26:24	57	54	0
Apr 10, 2014 17:26:25	48	50	0
Apr 10, 2014 17:26:26	21	60	0
Apr 10, 2014 17:26:27	16	60	0
Apr 10, 2014 17:26:28	14	60	0
Apr 10, 2014 17:26:29	29	60	0
Apr 10, 2014 17:26:30	34	61	0
Apr 10, 2014 17:26:31	29	63	0
Apr 10, 2014 17:26:32	20	63	0
Apr 10, 2014 17:26:33	10	74	0
Apr 10, 2014 17:26:34	3	63	0
Apr 10, 2014 17:26:35	3	63	26
Apr 10, 2014 17:26:36	7	63	0
Apr 10, 2014 17:26:37	7	70	0
Apr 10, 2014 17:26:38	7	64	0
Apr 10, 2014 17:26:39	1	64	0
Apr 10, 2014 17:26:40	13	61	0
Apr 10, 2014 17:26:41	11	50	0
Apr 10, 2014 17:26:42	40	44	0
Apr 10, 2014 17:26:43	56	53	0
Apr 10, 2014 17:26:44	56	53	0
Apr 10, 2014 17:26:45	54	63	0
Apr 10, 2014 17:26:46	47	66	0
Apr 10, 2014 17:26:47	53	66	0
Apr 10, 2014 17:26:48	64	70	0
Apr 10, 2014 17:26:50	69	70	0
Apr 10, 2014 17:26:51	51	64	0
Apr 10, 2014 17:26:52	53	60	0
Apr 10, 2014 17:26:53	47	48	0
Apr 10, 2014 17:26:54	20	54	0
Apr 10, 2014 17:26:55	8	60	0
Apr 10, 2014 17:26:56	17	47	0
Apr 10, 2014 17:26:57	14	53	0
Apr 10, 2014 17:26:58	21	47	0
Apr 10, 2014 17:26:59	53	44	0
Apr 10, 2014 17:27:00	47	57	0
Apr 10, 2014 17:27:01	48	48	0
Apr 10, 2014 17:27:02	48	51	0
Apr 10, 2014 17:27:03	24	60	0
Apr 10, 2014 17:27:04	24	54	0
Apr 10, 2014 17:27:05	38	64	0
Apr 10, 2014 17:27:06	24	67	0
Apr 10, 2014 17:27:07	24	64	0
Apr 10, 2014 17:27:08	37	67	0
Apr 10, 2014 17:27:09	24	63	0
Apr 10, 2014 17:27:10	21	53	0
Apr 10, 2014 17:27:11	23	47	0
Apr 10, 2014 17:27:12	11	34	0
Apr 10, 2014 17:27:13	11	38	0
Apr 10, 2014 17:27:14	24	53	0
Apr 10, 2014 17:27:15	38	60	0
Apr 10, 2014 17:27:16	54	66	0
Apr 10, 2014 17:27:17	70	54	0
Apr 10, 2014 17:27:18	60	50	0
Apr 10, 2014 17:27:19	61	54	0
Apr 10, 2014 17:27:20	51	60	0
Apr 10, 2014 17:27:21	27	60	0
Apr 10, 2014 17:27:23	27	60	0
Apr 10, 2014 17:27:24	10	56	0
Apr 10, 2014 17:27:25	23	48	0
Apr 10, 2014 17:27:26	35	50	0
Apr 10, 2014 17:27:27	44	56	0
Apr 10, 2014 17:27:28	44	56	0
Apr 10, 2014 17:27:29	29	60	0
Apr 10, 2014 17:27:30	23	56	0
Apr 10, 2014 17:27:31	13	51	0
Apr 10, 2014 17:27:32	10	57	0
Apr 10, 2014 17:27:33	16	56	0
Apr 10, 2014 17:27:34	21	67	0
Apr 10, 2014 17:27:35	26	63	0
Apr 10, 2014 17:27:36	21	60	0
Apr 10, 2014 17:27:37	17	63	0
Apr 10, 2014 17:27:38	20	56	0
Apr 10, 2014 17:27:39	20	69	0
Apr 10, 2014 17:27:40	26	81	0
Apr 10, 2014 17:27:41	30	91	0
Apr 10, 2014 17:27:42	38	87	0
Apr 10, 2014 17:27:43	38	84	0
Apr 10, 2014 17:27:44	57	70	0
Apr 10, 2014 17:27:45	53	67	0
Apr 10, 2014 17:27:46	44	54	0
Apr 10, 2014 17:27:47	37	50	0
Apr 10, 2014 17:27:48	21	21	0
Apr 10, 2014 17:27:49	23	37	0
Apr 10, 2014 17:27:50	30	35	0
Apr 10, 2014 17:27:51	50	38	0
Apr 10, 2014 17:27:52	48	50	0
Apr 10, 2014 17:27:53	61	53	0
Apr 10, 2014 17:27:54	69	57	0
Apr 10, 2014 17:27:55	56	74	0
Apr 10, 2014 17:27:56	54	63	0
Apr 10, 2014 17:27:57	34	64	0
Apr 10, 2014 17:27:58	16	64	0
Apr 10, 2014 17:28:00	1	66	0
Apr 10, 2014 17:28:01	10	78	0
Apr 10, 2014 17:28:02	21	70	0
Apr 10, 2014 17:28:03	26	64	0
Apr 10, 2014 17:28:04	38	63	0
Apr 10, 2014 17:28:05	37	67	0
Apr 10, 2014 17:28:06	26	67	0
Apr 10, 2014 17:28:07	24	69	0
Apr 10, 2014 17:28:08	11	56	0
Apr 10, 2014 17:28:09	7	34	0
Apr 10, 2014 17:28:10	21	35	0
Apr 10, 2014 17:28:11	38	35	0
Apr 10, 2014 17:28:12	48	48	0
Apr 10, 2014 17:28:13	51	56	0
Apr 10, 2014 17:28:14	44	50	0
Apr 10, 2014 17:28:15	34	47	0
Apr 10, 2014 17:28:16	35	35	0
Apr 10, 2014 17:28:17	35	44	0
Apr 10, 2014 17:28:18	27	51	0
Apr 10, 2014 17:28:19	20	60	0
Apr 10, 2014 17:28:20	23	69	0
Apr 10, 2014 17:28:21	23	66	0
Apr 10, 2014 17:28:22	23	66	0
Apr 10, 2014 17:28:23	35	51	0
Apr 10, 2014 17:28:24	50	53	0
Apr 10, 2014 17:28:25	61	56	0
Apr 10, 2014 17:28:26	51	67	0
Apr 10, 2014 17:28:27	63	69	0
Apr 10, 2014 17:28:28	63	66	0
Apr 10, 2014 17:28:29	51	61	0
Apr 10, 2014 17:28:30	56	64	0
Apr 10, 2014 17:28:31	38	61	0
Apr 10, 2014 17:28:32	38	61	26
Apr 10, 2014 17:28:33	17	64	0
Apr 10, 2014 17:28:34	29	69	0
Apr 10, 2014 17:28:35	44	60	0
Apr 10, 2014 17:28:37	40	60	0
Apr 10, 2014 17:28:38	41	53	0
Apr 10, 2014 17:28:39	26	43	0
Apr 10, 2014 17:28:40	16	53	0
Apr 10, 2014 17:28:41	13	53	0
Apr 10, 2014 17:28:42	16	64	0
Apr 10, 2014 17:28:43	34	81	0
Apr 10, 2014 17:28:44	34	80	0
Apr 10, 2014 17:28:45	37	66	0
Apr 10, 2014 17:28:46	35	51	0
Apr 10, 2014 17:28:47	11	34	0
Apr 10, 2014 17:28:48	7	24	0
Apr 10, 2014 17:28:49	17	51	0
Apr 10, 2014 17:28:50	20	61	0
Apr 10, 2014 17:28:51	47	83	0
Apr 10, 2014 17:28:52	38	74	0
Apr 10, 2014 17:28:53	37	64	0
Apr 10, 2014 17:28:54	24	57	0
Apr 10, 2014 17:28:55	20	38	0
Apr 10, 2014 17:28:56	13	38	0
Apr 10, 2014 17:28:57	8	41	0
Apr 10, 2014 17:28:58	8	48	0
Apr 10, 2014 17:28:59	14	67	0
Apr 10, 2014 17:29:00	13	63	0
Apr 10, 2014 17:29:01	13	60	0
Apr 10, 2014 17:29:02	10	53	0
Apr 10, 2014 17:29:03	1	48	0
Apr 10, 2014 17:29:04	14	48	0
Apr 10, 2014 17:29:05	17	51	0
Apr 10, 2014 17:29:06	20	47	0
Apr 10, 2014 17:29:07	17	38	0
Apr 10, 2014 17:29:08	8	35	0
Apr 10, 2014 17:29:09	10	26	0
Apr 10, 2014 17:29:10	24	40	0
Apr 10, 2014 17:29:11	43	44	0
Apr 10, 2014 17:29:13	44	51	0
Apr 10, 2014 17:29:14	60	64	0
Apr 10, 2014 17:29:15	38	69	0
Apr 10, 2014 17:29:16	20	67	0
Apr 10, 2014 17:29:17	21	77	0
Apr 10, 2014 17:29:18	1	67	0
Apr 10, 2014 17:29:19	8	75	0
Apr 10, 2014 17:29:20	8	70	0
Apr 10, 2014 17:29:21	24	80	0
Apr 10, 2014 17:29:22	23	54	0
Apr 10, 2014 17:29:23	29	54	0
Apr 10, 2014 17:29:24	27	53	0
Apr 10, 2014 17:29:25	24	53	0
Apr 10, 2014 17:29:26	26	70	0
Apr 10, 2014 17:29:27	34	69	0
Apr 10, 2014 17:29:28	29	61	0
Apr 10, 2014 17:29:29	24	41	0
Apr 10, 2014 17:29:30	24	44	0
Apr 10, 2014 17:29:31	16	50	0
Apr 10, 2014 17:29:32	30	57	0
Apr 10, 2014 17:29:33	48	69	0
Apr 10, 2014 17:29:34	40	56	0
Apr 10, 2014 17:29:35	38	53	0
Apr 10, 2014 17:29:36	23	43	0
Apr 10, 2014 17:29:37	10	34	0
Apr 10, 2014 17:29:38	14	34	0
Apr 10, 2014 17:29:39	17	41	0
Apr 10, 2014 17:29:40	16	38	0
Apr 10, 2014 17:29:41	23	50	0
Apr 10, 2014 17:29:42	20	48	0
Apr 10, 2014 17:29:43	13	53	0
Apr 10, 2014 17:29:44	13	70	0
Apr 10, 2014 17:29:45	7	66	0
Apr 10, 2014 17:29:46	1	61	0
Apr 10, 2014 17:29:48	4	47	0
Apr 10, 2014 17:29:49	1	38	0
Apr 10, 2014 17:29:50	1	43	0
Apr 10, 2014 17:29:51	3	54	0
Apr 10, 2014 17:29:52	4	57	0
Apr 10, 2014 17:29:53	10	57	0
Apr 10, 2014 17:29:54	16	56	0
Apr 10, 2014 17:29:55	23	41	0
Apr 10, 2014 17:29:56	38	40	0
Apr 10, 2014 17:29:57	48	37	0
Apr 10, 2014 17:29:58	50	35	0
Apr 10, 2014 17:29:59	54	57	0
Apr 10, 2014 17:30:00	47	63	0
Apr 10, 2014 17:30:01	35	66	0
Apr 10, 2014 17:30:02	35	66	0
Apr 10, 2014 17:30:03	27	69	0
Apr 10, 2014 17:30:04	37	66	0
Apr 10, 2014 17:30:05	44	64	0
Apr 10, 2014 17:30:06	43	61	0
Apr 10, 2014 17:30:07	51	66	0
Apr 10, 2014 17:30:08	40	67	0
Apr 10, 2014 17:30:09	41	74	0
Apr 10, 2014 17:30:10	38	67	0
Apr 10, 2014 17:30:11	35	74	0
Apr 10, 2014 17:30:12	51	67	0
Apr 10, 2014 17:30:13	38	64	0
Apr 10, 2014 17:30:14	40	75	0
Apr 10, 2014 17:30:15	26	50	0
Apr 10, 2014 17:30:16	10	56	0
Apr 10, 2014 17:30:17	14	63	0
Apr 10, 2014 17:30:18	23	63	0
Apr 10, 2014 17:30:19	35	80	0
Apr 10, 2014 17:30:20	40	78	0
Apr 10, 2014 17:30:21	29	66	0
Apr 10, 2014 17:30:22	24	70	0
Apr 10, 2014 17:30:23	8	63	0
Apr 10, 2014 17:30:25	14	63	0
Apr 10, 2014 17:30:26	7	57	0
Apr 10, 2014 17:30:27	14	60	0
Apr 10, 2014 17:30:28	16	61	0
Apr 10, 2014 17:30:29	23	64	0
Apr 10, 2014 17:30:30	16	54	0
Apr 10, 2014 17:30:31	14	47	0
Apr 10, 2014 17:30:32	26	56	0
Apr 10, 2014 17:30:33	24	54	0
Apr 10, 2014 17:30:34	35	47	0
Apr 10, 2014 17:30:35	26	40	0
Apr 10, 2014 17:30:36	16	29	0
Apr 10, 2014 17:30:37	16	27	0
Apr 10, 2014 17:30:38	21	47	0
Apr 10, 2014 17:30:39	24	47	0
Apr 10, 2014 17:30:40	20	40	0
Apr 10, 2014 17:30:41	14	35	0
Apr 10, 2014 17:30:42	14	35	0
Apr 10, 2014 17:30:43	16	29	0
Apr 10, 2014 17:30:44	26	41	0
Apr 10, 2014 17:30:45	14	41	0
Apr 10, 2014 17:30:46	8	54	0
Apr 10, 2014 17:30:47	1	51	0
Apr 10, 2014 17:30:48	1	38	0
Apr 10, 2014 17:30:49	4	35	0
Apr 10, 2014 17:30:50	3	23	0
Apr 10, 2014 17:30:51	10	27	0
Apr 10, 2014 17:30:52	13	26	0
Apr 10, 2014 17:30:53	14	29	0
Apr 10, 2014 17:30:54	23	30	0
Apr 10, 2014 17:30:55	29	47	0
Apr 10, 2014 17:30:56	26	48	0
Apr 10, 2014 17:30:57	26	40	0
Apr 10, 2014 17:30:58	23	50	0
Apr 10, 2014 17:30:59	26	51	0
Apr 10, 2014 17:31:01	30	56	0
Apr 10, 2014 17:31:02	34	78	0
Apr 10, 2014 17:31:03	30	77	0
Apr 10, 2014 17:31:04	37	74	0
Apr 10, 2014 17:31:05	34	69	0
Apr 10, 2014 17:31:06	26	57	0
Apr 10, 2014 17:31:07	30	53	0
Apr 10, 2014 17:31:08	17	53	0
Apr 10, 2014 17:31:09	11	63	0
Apr 10, 2014 17:31:10	8	54	0
Apr 10, 2014 17:31:11	1	56	0
Apr 10, 2014 17:31:12	14	57	0
Apr 10, 2014 17:31:13	14	50	0
Apr 10, 2014 17:31:14	26	63	0
Apr 10, 2014 17:31:15	34	60	0
Apr 10, 2014 17:31:16	23	69	0
Apr 10, 2014 17:31:17	21	66	0
Apr 10, 2014 17:31:18	14	63	0
Apr 10, 2014 17:31:19	13	54	0
Apr 10, 2014 17:31:20	20	41	0
Apr 10, 2014 17:31:21	27	48	0
Apr 10, 2014 17:31:22	34	47	0
Apr 10, 2014 17:31:23	41	61	0
Apr 10, 2014 17:31:24	29	66	0
Apr 10, 2014 17:31:25	35	51	0
Apr 10, 2014 17:31:26	23	40	0
Apr 10, 2014 17:31:27	34	43	0
Apr 10, 2014 17:31:28	34	50	0
Apr 10, 2014 17:31:29	30	44	0
Apr 10, 2014 17:31:30	23	54	0
Apr 10, 2014 17:31:31	26	53	0
Apr 10, 2014 17:31:32	20	51	0
Apr 10, 2014 17:31:33	35	54	0
Apr 10, 2014 17:31:34	35	53	0
Apr 10, 2014 17:31:35	24	54	0
Apr 10, 2014 17:31:36	26	64	0
Apr 10, 2014 17:31:38	17	61	0
Apr 10, 2014 17:31:39	26	67	0
Apr 10, 2014 17:31:40	26	66	0
Apr 10, 2014 17:31:41	21	54	0
Apr 10, 2014 17:31:42	16	56	0
Apr 10, 2014 17:31:43	21	54	0
Apr 10, 2014 17:31:44	27	57	0
Apr 10, 2014 17:31:45	37	51	0
Apr 10, 2014 17:31:46	30	57	0
Apr 10, 2014 17:31:47	26	50	0
Apr 10, 2014 17:31:48	17	41	0
Apr 10, 2014 17:31:49	8	41	0
Apr 10, 2014 17:31:50	4	37	0
Apr 10, 2014 17:31:51	7	44	0
Apr 10, 2014 17:31:52	1	51	0
Apr 10, 2014 17:31:53	7	56	0
Apr 10, 2014 17:31:54	13	54	0
Apr 10, 2014 17:31:55	17	56	0
Apr 10, 2014 17:31:56	27	56	0
Apr 10, 2014 17:31:57	24	66	0
Apr 10, 2014 17:31:58	29	63	0
Apr 10, 2014 17:31:59	8	41	0
Apr 10, 2014 17:32:00	11	40	0
Apr 10, 2014 17:32:01	13	47	0
Apr 10, 2014 17:32:02	23	67	0
Apr 10, 2014 17:32:03	24	84	0
Apr 10, 2014 17:32:04	26	81	0
Apr 10, 2014 17:32:05	20	77	0
Apr 10, 2014 17:32:06	21	56	0
Apr 10, 2014 17:32:07	27	54	0
Apr 10, 2014 17:32:08	21	44	0
Apr 10, 2014 17:32:09	23	43	0
Apr 10, 2014 17:32:10	20	57	0
Apr 10, 2014 17:32:11	27	38	0
Apr 10, 2014 17:32:12	37	60	0
Apr 10, 2014 17:32:14	47	64	0
Apr 10, 2014 17:32:15	56	60	0
Apr 10, 2014 17:32:16	57	75	0
Apr 10, 2014 17:32:17	53	63	0
Apr 10, 2014 17:32:18	41	60	0
Apr 10, 2014 17:32:19	27	66	0
Apr 10, 2014 17:32:20	13	54	0
Apr 10, 2014 17:32:21	13	64	0
Apr 10, 2014 17:32:22	13	64	0
Apr 10, 2014 17:32:23	26	48	0
Apr 10, 2014 17:32:24	16	51	0
Apr 10, 2014 17:32:25	23	47	0
Apr 10, 2014 17:32:26	16	51	0
Apr 10, 2014 17:32:27	24	53	0
Apr 10, 2014 17:32:28	47	64	0
Apr 10, 2014 17:32:29	44	74	0
Apr 10, 2014 17:32:30	30	80	0
Apr 10, 2014 17:32:31	24	88	0
Apr 10, 2014 17:32:32	1	66	0
Apr 10, 2014 17:32:33	1	61	0
Apr 10, 2014 17:32:34	1	56	0
Apr 10, 2014 17:32:35	4	29	0
Apr 10, 2014 17:32:36	4	44	0
Apr 10, 2014 17:32:37	3	40	0
Apr 10, 2014 17:32:38	1	35	0
Apr 10, 2014 17:32:39	1	43	0
Apr 10, 2014 17:32:40	1	44	0
Apr 10, 2014 17:32:41	1	51	0
Apr 10, 2014 17:32:42	1	64	0
Apr 10, 2014 17:32:43	13	63	0
Apr 10, 2014 17:32:44	10	66	0
Apr 10, 2014 17:32:45	7	66	0
Apr 10, 2014 17:32:47	11	53	0
Apr 10, 2014 17:32:48	11	53	0
Apr 10, 2014 17:32:49	11	61	0
Apr 10, 2014 17:32:50	17	53	0
Apr 10, 2014 17:32:51	26	50	0
Apr 10, 2014 17:32:52	38	69	0
Apr 10, 2014 17:32:53	43	63	0
Apr 10, 2014 17:32:54	44	75	0
Apr 10, 2014 17:32:55	38	78	0
Apr 10, 2014 17:32:56	26	64	0
Apr 10, 2014 17:32:57	41	61	0
Apr 10, 2014 17:32:58	40	60	0
Apr 10, 2014 17:32:59	56	61	0
Apr 10, 2014 17:33:00	47	54	0
Apr 10, 2014 17:33:01	51	50	0
Apr 10, 2014 17:33:02	56	44	0
Apr 10, 2014 17:33:03	40	41	0
Apr 10, 2014 17:33:04	54	48	0
Apr 10, 2014 17:33:05	51	56	0
Apr 10, 2014 17:33:06	64	60	0
Apr 10, 2014 17:33:07	80	64	0
Apr 10, 2014 17:33:08	63	70	0
Apr 10, 2014 17:33:09	80	64	0
Apr 10, 2014 17:33:10	70	75	0
Apr 10, 2014 17:33:11	54	67	0
Apr 10, 2014 17:33:12	50	61	0
Apr 10, 2014 17:33:13	27	64	0
Apr 10, 2014 17:33:14	23	70	0
Apr 10, 2014 17:33:15	24	77	0
Apr 10, 2014 17:33:16	21	84	0
Apr 10, 2014 17:33:17	26	90	0
Apr 10, 2014 17:33:18	26	78	0
Apr 10, 2014 17:33:19	37	81	0
Apr 10, 2014 17:33:20	37	64	0
Apr 10, 2014 17:33:21	30	57	0
Apr 10, 2014 17:33:22	34	57	0
Apr 10, 2014 17:33:24	27	43	0
Apr 10, 2014 17:33:25	35	54	0
Apr 10, 2014 17:33:26	61	54	0
Apr 10, 2014 17:33:27	60	63	0
Apr 10, 2014 17:33:28	74	69	0
Apr 10, 2014 17:33:29	40	63	0
Apr 10, 2014 17:33:30	27	54	0
Apr 10, 2014 17:33:31	10	56	0
Apr 10, 2014 17:33:32	1	53	0
Apr 10, 2014 17:33:33	11	67	0
Apr 10, 2014 17:33:34	27	63	0
Apr 10, 2014 17:33:35	38	56	0
Apr 10, 2014 17:33:36	50	57	0
Apr 10, 2014 17:33:37	50	44	0
Apr 10, 2014 17:33:38	35	41	0
Apr 10, 2014 17:33:39	37	56	0
Apr 10, 2014 17:33:40	34	61	0
Apr 10, 2014 17:33:41	34	61	0
Apr 10, 2014 17:33:42	27	66	0
Apr 10, 2014 17:33:43	27	50	0
Apr 10, 2014 17:33:44	35	51	0
Apr 10, 2014 17:33:45	40	51	0
Apr 10, 2014 17:33:46	43	47	0
Apr 10, 2014 17:33:47	56	60	0
Apr 10, 2014 17:33:48	75	48	0
Apr 10, 2014 17:33:49	74	63	0
Apr 10, 2014 17:33:50	69	54	0
Apr 10, 2014 17:33:51	57	47	0
Apr 10, 2014 17:33:52	24	48	0
Apr 10, 2014 17:33:53	23	40	0
Apr 10, 2014 17:33:54	24	51	0
Apr 10, 2014 17:33:55	38	53	0
Apr 10, 2014 17:33:56	54	64	0
Apr 10, 2014 17:33:57	54	64	0
Apr 10, 2014 17:33:59	61	67	0
Apr 10, 2014 17:34:00	54	70	0
Apr 10, 2014 17:34:01	56	70	0
Apr 10, 2014 17:34:02	41	66	0
Apr 10, 2014 17:34:03	27	64	0
Apr 10, 2014 17:34:04	21	60	0
Apr 10, 2014 17:34:05	11	54	0
Apr 10, 2014 17:34:06	21	61	0
Apr 10, 2014 17:34:07	38	63	0
Apr 10, 2014 17:34:08	40	61	0
Apr 10, 2014 17:34:09	43	51	0
Apr 10, 2014 17:34:10	37	51	0
Apr 10, 2014 17:34:11	17	50	0
Apr 10, 2014 17:34:12	14	43	0
Apr 10, 2014 17:34:13	13	44	0
Apr 10, 2014 17:34:14	17	35	0
Apr 10, 2014 17:34:15	17	29	0
Apr 10, 2014 17:34:16	16	35	0
Apr 10, 2014 17:34:17	17	40	0
Apr 10, 2014 17:34:18	11	30	0
Apr 10, 2014 17:34:19	20	29	0
Apr 10, 2014 17:34:20	30	35	0
Apr 10, 2014 17:34:21	30	35	0
Apr 10, 2014 17:34:22	43	44	0
Apr 10, 2014 17:34:23	47	48	0
Apr 10, 2014 17:34:24	38	48	0
Apr 10, 2014 17:34:25	34	56	0
Apr 10, 2014 17:34:26	29	74	0
Apr 10, 2014 17:34:27	20	83	0
Apr 10, 2014 17:34:28	1	83	0
Apr 10, 2014 17:34:29	1	81	0
Apr 10, 2014 17:34:30	1	56	0
Apr 10, 2014 17:34:31	16	50	0
Apr 10, 2014 17:34:32	21	50	0
Apr 10, 2014 17:34:33	21	56	0
Apr 10, 2014 17:34:35	14	60	0
Apr 10, 2014 17:34:36	13	64	0
Apr 10, 2014 17:34:37	20	60	0
Apr 10, 2014 17:34:38	14	50	0
Apr 10, 2014 17:34:39	17	54	0
Apr 10, 2014 17:34:40	11	50	0
Apr 10, 2014 17:34:41	17	43	0
Apr 10, 2014 17:34:42	21	54	0
Apr 10, 2014 17:34:43	16	44	0
Apr 10, 2014 17:34:44	17	57	0
Apr 10, 2014 17:34:45	8	74	0
Apr 10, 2014 17:34:46	1	69	0
Apr 10, 2014 17:34:47	1	64	0
Apr 10, 2014 17:34:48	1	56	0
Apr 10, 2014 17:34:49	1	53	0
Apr 10, 2014 17:34:50	1	54	0
Apr 10, 2014 17:34:51	4	66	0
Apr 10, 2014 17:34:52	16	69	0
Apr 10, 2014 17:34:53	34	70	0
Apr 10, 2014 17:34:54	40	56	0
Apr 10, 2014 17:34:55	40	57	0
Apr 10, 2014 17:34:56	54	40	0
Apr 10, 2014 17:34:57	38	26	0
Apr 10, 2014 17:34:58	50	41	0
Apr 10, 2014 17:34:59	57	34	0
Apr 10, 2014 17:35:00	53	41	0
Apr 10, 2014 17:35:01	54	47	0
Apr 10, 2014 17:35:02	50	53	0
Apr 10, 2014 17:35:03	57	61	0
Apr 10, 2014 17:35:04	50	41	0
Apr 10, 2014 17:35:05	80	40	0
Apr 10, 2014 17:35:06	100	40	0
Apr 10, 2014 17:35:07	80	37	0
Apr 10, 2014 17:35:08	77	56	0
Apr 10, 2014 17:35:10	50	66	0
Apr 10, 2014 17:35:11	37	67	0
Apr 10, 2014 17:35:12	35	64	0
Apr 10, 2014 17:35:13	43	56	0
Apr 10, 2014 17:35:14	54	54	0
Apr 10, 2014 17:35:15	47	51	0
Apr 10, 2014 17:35:16	43	57	0
Apr 10, 2014 17:35:17	34	60	0
Apr 10, 2014 17:35:18	40	53	0
Apr 10, 2014 17:35:19	30	41	0
Apr 10, 2014 17:35:20	54	38	0
Apr 10, 2014 17:35:21	63	40	0
Apr 10, 2014 17:35:22	53	47	0
Apr 10, 2014 17:35:23	63	63	0
Apr 10, 2014 17:35:24	57	57	0
Apr 10, 2014 17:35:25	48	56	0
Apr 10, 2014 17:35:26	40	53	0
Apr 10, 2014 17:35:27	29	48	0
Apr 10, 2014 17:35:28	20	57	0
Apr 10, 2014 17:35:29	16	61	0
Apr 10, 2014 17:35:30	7	77	0
Apr 10, 2014 17:35:31	7	81	0
Apr 10, 2014 17:35:32	1	75	0
Apr 10, 2014 17:35:33	8	66	0
Apr 10, 2014 17:35:34	7	69	0
Apr 10, 2014 17:35:35	10	69	0
Apr 10, 2014 17:35:36	3	61	0
Apr 10, 2014 17:35:37	7	63	0
Apr 10, 2014 17:35:38	11	63	0
Apr 10, 2014 17:35:39	7	66	0
Apr 10, 2014 17:35:40	13	75	0
Apr 10, 2014 17:35:41	20	64	0
Apr 10, 2014 17:35:42	17	64	0
Apr 10, 2014 17:35:43	14	63	0
Apr 10, 2014 17:35:44	20	78	0
Apr 10, 2014 17:35:45	17	84	0
Apr 10, 2014 17:35:47	21	84	0
Apr 10, 2014 17:35:48	24	94	0
Apr 10, 2014 17:35:49	24	78	0
Apr 10, 2014 17:35:50	21	75	0
Apr 10, 2014 17:35:51	16	77	0
Apr 10, 2014 17:35:52	14	61	0
Apr 10, 2014 17:35:53	14	61	26
Apr 10, 2014 17:35:54	14	61	26
Apr 10, 2014 17:35:55	10	67	0
Apr 10, 2014 17:35:56	14	69	0
Apr 10, 2014 17:35:57	24	63	0
Apr 10, 2014 17:35:58	27	67	0
Apr 10, 2014 17:35:59	26	60	0
Apr 10, 2014 17:36:00	17	66	0
Apr 10, 2014 17:36:01	17	66	0
Apr 10, 2014 17:36:02	17	51	0
Apr 10, 2014 17:36:03	17	56	0
Apr 10, 2014 17:36:04	38	53	0
Apr 10, 2014 17:36:05	48	70	0
Apr 10, 2014 17:36:06	69	70	0
Apr 10, 2014 17:36:07	66	70	0
Apr 10, 2014 17:36:08	63	74	0
Apr 10, 2014 17:36:09	75	67	0
Apr 10, 2014 17:36:10	54	69	0
Apr 10, 2014 17:36:11	35	67	0
Apr 10, 2014 17:36:12	30	70	0
Apr 10, 2014 17:36:13	11	67	0
Apr 10, 2014 17:36:14	13	69	0
Apr 10, 2014 17:36:15	30	64	0
Apr 10, 2014 17:36:16	50	64	0
Apr 10, 2014 17:36:17	56	67	0
Apr 10, 2014 17:36:18	69	53	0
Apr 10, 2014 17:36:19	61	64	0
Apr 10, 2014 17:36:20	41	61	0
Apr 10, 2014 17:36:22	40	60	0
Apr 10, 2014 17:36:23	35	74	0
Apr 10, 2014 17:36:24	27	77	0
Apr 10, 2014 17:36:25	27	78	0
Apr 10, 2014 17:36:26	29	60	0
Apr 10, 2014 17:36:27	21	43	0
Apr 10, 2014 17:36:28	27	30	0
Apr 10, 2014 17:36:29	17	29	0
Apr 10, 2014 17:36:30	11	38	0
Apr 10, 2014 17:36:31	13	40	0
Apr 10, 2014 17:36:32	7	40	0
Apr 10, 2014 17:36:33	51	41	0
Apr 10, 2014 17:36:34	54	50	0
Apr 10, 2014 17:36:35	67	37	0
Apr 10, 2014 17:36:36	60	35	0
Apr 10, 2014 17:36:37	70	21	0
Apr 10, 2014 17:36:38	93	27	0
Apr 10, 2014 17:36:39	87	30	0
Apr 10, 2014 17:36:40	90	47	0
Apr 10, 2014 17:36:41	77	57	0
Apr 10, 2014 17:36:42	54	43	0
Apr 10, 2014 17:36:43	51	47	0
Apr 10, 2014 17:36:44	35	41	0
Apr 10, 2014 17:36:45	24	40	0
Apr 10, 2014 17:36:46	38	57	0
Apr 10, 2014 17:36:47	44	75	0
Apr 10, 2014 17:36:48	61	77	0
Apr 10, 2014 17:36:49	50	69	0
Apr 10, 2014 17:36:50	44	64	0
Apr 10, 2014 17:36:51	27	53	0
Apr 10, 2014 17:36:52	13	40	0
Apr 10, 2014 17:36:53	23	41	0
Apr 10, 2014 17:36:55	10	27	0
Apr 10, 2014 17:36:56	23	34	0
Apr 10, 2014 17:36:57	21	51	0
Apr 10, 2014 17:36:58	24	57	0
Apr 10, 2014 17:36:59	30	74	0
Apr 10, 2014 17:37:00	24	63	0
Apr 10, 2014 17:37:01	47	61	0
Apr 10, 2014 17:37:02	43	63	0
Apr 10, 2014 17:37:03	54	63	0
Apr 10, 2014 17:37:04	16	47	0
Apr 10, 2014 17:37:05	17	41	0
Apr 10, 2014 17:37:06	7	29	0
Apr 10, 2014 17:37:07	7	40	0
Apr 10, 2014 17:37:08	27	37	0
Apr 10, 2014 17:37:09	23	29	0
Apr 10, 2014 17:37:10	29	34	0
Apr 10, 2014 17:37:11	27	16	0
Apr 10, 2014 17:37:12	23	38	0
Apr 10, 2014 17:37:13	21	51	0
Apr 10, 2014 17:37:14	14	50	0
Apr 10, 2014 17:37:15	23	78	0
Apr 10, 2014 17:37:16	24	74	0
Apr 10, 2014 17:37:17	27	70	0
Apr 10, 2014 17:37:18	29	83	0
Apr 10, 2014 17:37:19	27	75	0
Apr 10, 2014 17:37:20	29	66	0
Apr 10, 2014 17:37:21	23	57	0
Apr 10, 2014 17:37:22	29	51	0
Apr 10, 2014 17:37:23	35	44	0
Apr 10, 2014 17:37:24	34	53	0
Apr 10, 2014 17:37:25	37	61	0
Apr 10, 2014 17:37:26	26	53	0
Apr 10, 2014 17:37:27	11	56	0
Apr 10, 2014 17:37:28	21	57	0
Apr 10, 2014 17:37:29	23	48	0
Apr 10, 2014 17:37:30	44	53	0
Apr 10, 2014 17:37:32	53	50	0
Apr 10, 2014 17:37:33	35	43	0
Apr 10, 2014 17:37:34	23	54	0
Apr 10, 2014 17:37:35	14	60	0
Apr 10, 2014 17:37:36	16	56	0
Apr 10, 2014 17:37:37	14	56	0
Apr 10, 2014 17:37:38	21	56	0
Apr 10, 2014 17:37:39	27	67	0
Apr 10, 2014 17:37:40	27	67	0
Apr 10, 2014 17:37:41	44	88	0
Apr 10, 2014 17:37:42	41	83	0
Apr 10, 2014 17:37:43	51	83	0
Apr 10, 2014 17:37:44	47	77	0
Apr 10, 2014 17:37:45	40	70	0
Apr 10, 2014 17:37:46	40	77	0
Apr 10, 2014 17:37:47	27	53	0
Apr 10, 2014 17:37:48	23	47	0
Apr 10, 2014 17:37:49	35	44	0
Apr 10, 2014 17:37:50	38	47	0
Apr 10, 2014 17:37:51	48	61	0
Apr 10, 2014 17:37:52	56	63	0
Apr 10, 2014 17:37:53	57	60	0
Apr 10, 2014 17:37:54	47	51	0
Apr 10, 2014 17:37:55	38	48	0
Apr 10, 2014 17:37:56	29	48	0
Apr 10, 2014 17:37:57	7	48	0
Apr 10, 2014 17:37:58	17	41	0
Apr 10, 2014 17:37:59	27	48	0
Apr 10, 2014 17:38:00	27	29	0
Apr 10, 2014 17:38:01	43	26	0
Apr 10, 2014 17:38:02	38	26	0
Apr 10, 2014 17:38:03	43	20	0
Apr 10, 2014 17:38:04	37	35	0
Apr 10, 2014 17:38:05	34	51	0
Apr 10, 2014 17:38:06	38	53	0
Apr 10, 2014 17:38:07	54	54	0
Apr 10, 2014 17:38:09	69	48	0
Apr 10, 2014 17:38:10	77	56	0
Apr 10, 2014 17:38:11	63	60	0
Apr 10, 2014 17:38:12	60	67	0
Apr 10, 2014 17:38:13	43	70	0
Apr 10, 2014 17:38:14	41	67	0
Apr 10, 2014 17:38:15	34	63	0
Apr 10, 2014 17:38:16	37	67	0
Apr 10, 2014 17:38:17	41	80	0
Apr 10, 2014 17:38:18	44	90	0
Apr 10, 2014 17:38:19	54	88	0
Apr 10, 2014 17:38:20	64	77	0
Apr 10, 2014 17:38:21	78	66	0
Apr 10, 2014 17:38:22	61	43	0
Apr 10, 2014 17:38:23	50	43	0
Apr 10, 2014 17:38:24	37	29	0
Apr 10, 2014 17:38:25	29	35	0
Apr 10, 2014 17:38:26	37	44	0
Apr 10, 2014 17:38:27	61	40	0
Apr 10, 2014 17:38:28	66	61	0
Apr 10, 2014 17:38:29	75	57	0
Apr 10, 2014 17:38:30	83	67	0
Apr 10, 2014 17:38:31	70	78	0
Apr 10, 2014 17:38:32	77	83	0
Apr 10, 2014 17:38:33	61	81	0
Apr 10, 2014 17:38:34	54	70	0
Apr 10, 2014 17:38:35	43	61	0
Apr 10, 2014 17:38:36	67	60	0
Apr 10, 2014 17:38:37	70	57	0
Apr 10, 2014 17:38:38	87	56	0
Apr 10, 2014 17:38:39	75	53	0
Apr 10, 2014 17:38:40	53	51	0
Apr 10, 2014 17:38:41	50	51	0
Apr 10, 2014 17:38:43	41	51	0
Apr 10, 2014 17:38:44	35	60	0
Apr 10, 2014 17:38:45	35	66	0
Apr 10, 2014 17:38:46	29	67	0
Apr 10, 2014 17:38:47	37	64	0
Apr 10, 2014 17:38:48	64	66	0
Apr 10, 2014 17:38:49	61	54	0
Apr 10, 2014 17:38:50	75	57	0
Apr 10, 2014 17:38:51	61	60	0
Apr 10, 2014 17:38:52	44	67	0
Apr 10, 2014 17:38:53	61	69	0
Apr 10, 2014 17:38:54	43	56	0
Apr 10, 2014 17:38:55	56	57	0
Apr 10, 2014 17:38:56	78	50	0
Apr 10, 2014 17:38:57	78	48	0
Apr 10, 2014 17:38:58	100	60	0
Apr 10, 2014 17:38:59	93	47	0
Apr 10, 2014 17:39:00	87	50	0
Apr 10, 2014 17:39:01	57	54	0
Apr 10, 2014 17:39:02	48	40	0
Apr 10, 2014 17:39:03	56	40	0
Apr 10, 2014 17:39:04	51	40	0
Apr 10, 2014 17:39:05	67	51	0
Apr 10, 2014 17:39:06	63	57	0
Apr 10, 2014 17:39:07	37	69	0
Apr 10, 2014 17:39:08	30	60	0
Apr 10, 2014 17:39:09	35	60	0
Apr 10, 2014 17:39:10	35	64	0
Apr 10, 2014 17:39:11	24	43	0
Apr 10, 2014 17:39:12	34	41	0
Apr 10, 2014 17:39:13	47	41	0
Apr 10, 2014 17:39:14	53	35	0
Apr 10, 2014 17:39:15	69	51	0
Apr 10, 2014 17:39:16	64	54	0
Apr 10, 2014 17:39:17	47	54	0
Apr 10, 2014 17:39:18	43	57	0
Apr 10, 2014 17:39:20	47	47	0
Apr 10, 2014 17:39:21	51	44	0
Apr 10, 2014 17:39:22	60	53	0
Apr 10, 2014 17:39:23	61	61	0
Apr 10, 2014 17:39:24	44	63	0
Apr 10, 2014 17:39:25	48	70	0
Apr 10, 2014 17:39:26	29	67	0
Apr 10, 2014 17:39:27	26	66	0
Apr 10, 2014 17:39:28	37	70	0
Apr 10, 2014 17:39:29	13	57	0
Apr 10, 2014 17:39:30	13	54	0
Apr 10, 2014 17:39:31	13	60	0
Apr 10, 2014 17:39:32	8	50	0
Apr 10, 2014 17:39:33	35	54	0
Apr 10, 2014 17:39:34	41	63	0
Apr 10, 2014 17:39:35	38	53	0
Apr 10, 2014 17:39:36	41	43	0
Apr 10, 2014 17:39:37	35	56	0
Apr 10, 2014 17:39:38	40	48	0
Apr 10, 2014 17:39:39	48	61	0
Apr 10, 2014 17:39:40	43	44	0
Apr 10, 2014 17:39:41	47	50	0
Apr 10, 2014 17:39:42	40	53	0
Apr 10, 2014 17:39:43	47	69	0
Apr 10, 2014 17:39:44	53	75	0
Apr 10, 2014 17:39:45	61	60	0
Apr 10, 2014 17:39:46	64	60	0
Apr 10, 2014 17:39:47	83	48	0
Apr 10, 2014 17:39:48	88	44	0
Apr 10, 2014 17:39:49	80	66	0
Apr 10, 2014 17:39:50	78	57	0
Apr 10, 2014 17:39:51	56	60	0
Apr 10, 2014 17:39:52	47	69	0
Apr 10, 2014 17:39:53	38	60	0
Apr 10, 2014 17:39:54	40	64	0
Apr 10, 2014 17:39:56	57	69	0
Apr 10, 2014 17:39:57	81	54	0
Apr 10, 2014 17:39:58	83	54	0
Apr 10, 2014 17:39:59	88	41	0
Apr 10, 2014 17:40:00	63	41	0
Apr 10, 2014 17:40:01	40	56	0
Apr 10, 2014 17:40:02	44	64	0
Apr 10, 2014 17:40:03	34	64	0
Apr 10, 2014 17:40:04	41	66	0
Apr 10, 2014 17:40:05	57	56	0
Apr 10, 2014 17:40:06	69	47	0
Apr 10, 2014 17:40:07	91	41	0
Apr 10, 2014 17:40:08	100	35	0
Apr 10, 2014 17:40:09	67	29	0
Apr 10, 2014 17:40:10	48	38	0
Apr 10, 2014 17:40:11	35	50	0
Apr 10, 2014 17:40:12	38	60	0
Apr 10, 2014 17:40:13	43	56	0
Apr 10, 2014 17:40:14	35	44	0
Apr 10, 2014 17:40:15	24	41	0
Apr 10, 2014 17:40:16	14	35	0
Apr 10, 2014 17:40:17	20	35	0
Apr 10, 2014 17:40:18	29	54	0
Apr 10, 2014 17:40:19	50	60	0
Apr 10, 2014 17:40:20	53	64	0
Apr 10, 2014 17:40:21	57	67	0
Apr 10, 2014 17:40:22	57	56	0
Apr 10, 2014 17:40:23	54	54	0
Apr 10, 2014 17:40:24	67	54	0
Apr 10, 2014 17:40:25	51	66	0
Apr 10, 2014 17:40:26	61	64	0
Apr 10, 2014 17:40:27	60	54	0
Apr 10, 2014 17:40:28	37	57	0
Apr 10, 2014 17:40:29	48	57	0
Apr 10, 2014 17:40:31	30	74	0
Apr 10, 2014 17:40:32	30	88	0
Apr 10, 2014 17:40:33	44	93	0
Apr 10, 2014 17:40:34	47	81	0
Apr 10, 2014 17:40:35	63	67	0
Apr 10, 2014 17:40:36	51	48	0
Apr 10, 2014 17:40:37	50	35	0
Apr 10, 2014 17:40:38	34	37	0
Apr 10, 2014 17:40:39	27	40	0
Apr 10, 2014 17:40:40	23	80	0
Apr 10, 2014 17:40:41	34	83	0
Apr 10, 2014 17:40:42	24	77	0
Apr 10, 2014 17:40:43	16	67	0
Apr 10, 2014 17:40:44	34	54	0
Apr 10, 2014 17:40:45	30	63	0
Apr 10, 2014 17:40:46	27	64	0
Apr 10, 2014 17:40:47	30	56	0
Apr 10, 2014 17:40:48	34	64	0
Apr 10, 2014 17:40:49	30	54	0
Apr 10, 2014 17:40:50	35	60	0
Apr 10, 2014 17:40:51	35	74	0
Apr 10, 2014 17:40:52	24	53	0
Apr 10, 2014 17:40:53	21	63	0
Apr 10, 2014 17:40:54	21	64	0
Apr 10, 2014 17:40:55	24	60	0
Apr 10, 2014 17:40:56	24	80	0
Apr 10, 2014 17:40:57	38	77	0
Apr 10, 2014 17:40:58	40	66	0
Apr 10, 2014 17:40:59	41	69	0
Apr 10, 2014 17:41:00	40	54	0
Apr 10, 2014 17:41:01	24	48	0
Apr 10, 2014 17:41:02	34	50	0
Apr 10, 2014 17:41:03	21	41	0
Apr 10, 2014 17:41:04	34	56	0
Apr 10, 2014 17:41:05	41	54	0
Apr 10, 2014 17:41:06	29	51	0
Apr 10, 2014 17:41:08	38	50	0
Apr 10, 2014 17:41:09	29	40	0
Apr 10, 2014 17:41:10	37	50	0
Apr 10, 2014 17:41:11	47	66	0
Apr 10, 2014 17:41:12	53	81	0
Apr 10, 2014 17:41:13	47	70	0
Apr 10, 2014 17:41:14	60	41	0
Apr 10, 2014 17:41:15	64	35	0
Apr 10, 2014 17:41:16	66	20	0
Apr 10, 2014 17:41:17	70	16	0
Apr 10, 2014 17:41:18	48	26	0
Apr 10, 2014 17:41:19	38	40	0
Apr 10, 2014 17:41:20	47	41	0
Apr 10, 2014 17:41:21	41	41	0
Apr 10, 2014 17:41:22	38	60	0
Apr 10, 2014 17:41:23	37	63	0
Apr 10, 2014 17:41:24	23	69	0
Apr 10, 2014 17:41:25	24	75	0
Apr 10, 2014 17:41:26	35	75	0
Apr 10, 2014 17:41:27	43	77	0
Apr 10, 2014 17:41:28	60	67	0
Apr 10, 2014 17:41:29	48	63	0
Apr 10, 2014 17:41:30	61	56	0
Apr 10, 2014 17:41:31	56	57	0
Apr 10, 2014 17:41:32	44	56	0
Apr 10, 2014 17:41:33	54	66	0
Apr 10, 2014 17:41:34	24	60	0
Apr 10, 2014 17:41:35	35	48	0
Apr 10, 2014 17:41:36	43	54	0
Apr 10, 2014 17:41:37	44	51	0
Apr 10, 2014 17:41:38	44	51	0
Apr 10, 2014 17:41:39	30	54	0
Apr 10, 2014 17:41:40	21	60	0
Apr 10, 2014 17:41:41	16	53	0
Apr 10, 2014 17:41:42	29	47	0
Apr 10, 2014 17:41:43	24	37	0
Apr 10, 2014 17:41:45	21	48	0
Apr 10, 2014 17:41:46	11	69	0
Apr 10, 2014 17:41:47	10	64	0
Apr 10, 2014 17:41:48	29	60	0
Apr 10, 2014 17:41:49	38	56	0
Apr 10, 2014 17:41:50	47	54	0
Apr 10, 2014 17:41:51	50	50	0
Apr 10, 2014 17:41:52	34	40	0
Apr 10, 2014 17:41:53	21	38	0
Apr 10, 2014 17:41:54	20	30	0
Apr 10, 2014 17:41:55	13	40	0
Apr 10, 2014 17:41:56	11	56	0
Apr 10, 2014 17:41:57	23	70	0
Apr 10, 2014 17:41:58	20	63	0
Apr 10, 2014 17:41:59	30	61	0
Apr 10, 2014 17:42:00	38	51	0
Apr 10, 2014 17:42:01	17	23	0
Apr 10, 2014 17:42:02	16	37	0
Apr 10, 2014 17:42:03	20	50	0
Apr 10, 2014 17:42:04	21	47	0
Apr 10, 2014 17:42:05	34	50	0
Apr 10, 2014 17:42:06	41	54	0
Apr 10, 2014 17:42:07	43	41	0
Apr 10, 2014 17:42:08	41	56	0
Apr 10, 2014 17:42:09	56	69	0
Apr 10, 2014 17:42:10	50	61	0
Apr 10, 2014 17:42:11	43	78	0
Apr 10, 2014 17:42:12	47	61	0
Apr 10, 2014 17:42:13	48	51	0
Apr 10, 2014 17:42:14	50	21	0
Apr 10, 2014 17:42:15	47	23	0
Apr 10, 2014 17:42:16	35	8	0
Apr 10, 2014 17:42:17	40	11	0
Apr 10, 2014 17:42:18	35	11	0
Apr 10, 2014 17:42:19	34	24	0
Apr 10, 2014 17:42:21	29	41	0
Apr 10, 2014 17:42:22	43	53	0
Apr 10, 2014 17:42:23	50	67	0
Apr 10, 2014 17:42:24	56	61	0
Apr 10, 2014 17:42:25	63	77	0
Apr 10, 2014 17:42:26	54	74	0
Apr 10, 2014 17:42:27	47	78	0
Apr 10, 2014 17:42:28	26	78	0
Apr 10, 2014 17:42:29	24	74	0
Apr 10, 2014 17:42:30	23	75	0
Apr 10, 2014 17:42:31	26	67	0
Apr 10, 2014 17:42:32	35	69	0
Apr 10, 2014 17:42:33	30	60	0
Apr 10, 2014 17:42:34	30	61	0
Apr 10, 2014 17:42:35	35	64	0
Apr 10, 2014 17:42:36	37	57	0
Apr 10, 2014 17:42:37	40	75	0
Apr 10, 2014 17:42:38	35	77	0
Apr 10, 2014 17:42:39	29	66	0
Apr 10, 2014 17:42:40	27	69	0
Apr 10, 2014 17:42:41	27	60	0
Apr 10, 2014 17:42:42	27	50	0
Apr 10, 2014 17:42:43	40	51	0
Apr 10, 2014 17:42:44	43	63	0
Apr 10, 2014 17:42:45	44	64	0
Apr 10, 2014 17:42:46	37	67	0
Apr 10, 2014 17:42:47	29	63	0
Apr 10, 2014 17:42:48	29	51	0
Apr 10, 2014 17:42:49	21	63	0
Apr 10, 2014 17:42:50	16	64	0
Apr 10, 2014 17:42:51	20	61	0
Apr 10, 2014 17:42:52	17	75	0
Apr 10, 2014 17:42:53	27	66	0
Apr 10, 2014 17:42:54	35	61	0
Apr 10, 2014 17:42:55	35	61	0
Apr 10, 2014 17:42:57	38	53	0
Apr 10, 2014 17:42:58	47	53	0
Apr 10, 2014 17:42:59	41	51	0
Apr 10, 2014 17:43:00	51	47	0
Apr 10, 2014 17:43:01	57	43	0
Apr 10, 2014 17:43:02	50	56	0
Apr 10, 2014 17:43:03	54	60	0
Apr 10, 2014 17:43:04	41	53	0
Apr 10, 2014 17:43:05	30	57	0
Apr 10, 2014 17:43:06	35	57	0
Apr 10, 2014 17:43:07	37	54	0
Apr 10, 2014 17:43:08	35	57	0
Apr 10, 2014 17:43:09	43	61	0
Apr 10, 2014 17:43:10	38	44	0
Apr 10, 2014 17:43:11	37	47	0
Apr 10, 2014 17:43:12	56	50	0
Apr 10, 2014 17:43:13	61	41	0
Apr 10, 2014 17:43:14	56	44	0
Apr 10, 2014 17:43:15	44	44	0
Apr 10, 2014 17:43:16	21	50	0
Apr 10, 2014 17:43:17	20	63	0
Apr 10, 2014 17:43:18	34	67	0
Apr 10, 2014 17:43:19	30	74	0
Apr 10, 2014 17:43:20	26	87	0
Apr 10, 2014 17:43:21	38	77	0
Apr 10, 2014 17:43:22	27	83	0
Apr 10, 2014 17:43:23	26	78	0
Apr 10, 2014 17:43:24	29	63	0
Apr 10, 2014 17:43:25	14	69	0
Apr 10, 2014 17:43:26	17	54	0
Apr 10, 2014 17:43:27	23	66	0
Apr 10, 2014 17:43:28	35	60	0
Apr 10, 2014 17:43:29	57	53	0
Apr 10, 2014 17:43:30	48	50	0
Apr 10, 2014 17:43:31	53	27	0
Apr 10, 2014 17:43:33	30	27	0
Apr 10, 2014 17:43:34	34	29	0
Apr 10, 2014 17:43:35	47	43	0
Apr 10, 2014 17:43:36	47	60	0
Apr 10, 2014 17:43:37	66	69	0
Apr 10, 2014 17:43:38	53	70	0
Apr 10, 2014 17:43:39	50	78	0
Apr 10, 2014 17:43:40	47	74	0
Apr 10, 2014 17:43:41	47	69	0
Apr 10, 2014 17:43:42	60	51	0
Apr 10, 2014 17:43:43	60	43	0
Apr 10, 2014 17:43:44	61	48	0
Apr 10, 2014 17:43:45	57	53	0
Apr 10, 2014 17:43:46	50	70	0
Apr 10, 2014 17:43:47	53	74	0
Apr 10, 2014 17:43:48	57	48	0
Apr 10, 2014 17:43:49	56	35	0
Apr 10, 2014 17:43:50	56	24	0
Apr 10, 2014 17:43:51	50	35	0
Apr 10, 2014 17:43:52	29	53	0
Apr 10, 2014 17:43:53	23	51	0
Apr 10, 2014 17:43:54	27	57	0
Apr 10, 2014 17:43:55	47	53	0
Apr 10, 2014 17:43:56	66	54	0
Apr 10, 2014 17:43:57	61	67	0
Apr 10, 2014 17:43:58	44	69	0
Apr 10, 2014 17:43:59	48	67	0
Apr 10, 2014 17:44:00	34	66	0
Apr 10, 2014 17:44:01	48	61	0
Apr 10, 2014 17:44:02	53	67	0
Apr 10, 2014 17:44:03	50	57	0
Apr 10, 2014 17:44:04	56	57	0
Apr 10, 2014 17:44:05	51	41	0
Apr 10, 2014 17:44:06	57	34	0
Apr 10, 2014 17:44:07	43	60	0
Apr 10, 2014 17:44:08	30	67	0
Apr 10, 2014 17:44:09	30	96	0
Apr 10, 2014 17:44:11	21	100	0
Apr 10, 2014 17:44:12	35	80	0
Apr 10, 2014 17:44:13	43	63	0
Apr 10, 2014 17:44:14	38	50	0
