00:00:00	29	44	0
00:00:01	34	48	0
00:00:02	29	44	0
00:00:03	41	30	0
00:00:04	64	27	0
00:00:05	87	43	0
00:00:07	83	56	0
00:00:08	70	63	0
00:00:09	44	51	0
00:00:10	61	57	0
00:00:11	64	64	0
00:00:12	64	51	0
00:00:13	91	56	0
00:00:14	64	60	0
00:00:15	60	70	0
00:00:16	53	78	0
00:00:17	35	80	0
00:00:18	54	93	0
00:00:19	50	87	0
00:00:20	53	93	0
00:00:21	44	91	0
00:00:22	34	70	0
00:00:23	47	66	0
00:00:24	43	61	0
00:00:25	60	69	0
00:00:26	67	77	0
00:00:27	48	70	0
00:00:28	53	78	0
00:00:29	47	75	0
00:00:30	60	69	0
00:00:31	75	69	0
00:00:32	78	63	0
00:00:33	77	51	0
00:00:34	69	53	0
00:00:35	48	56	0
00:00:36	41	53	0
00:00:37	43	56	0
00:00:38	77	56	0
00:00:39	63	61	0
00:00:40	66	64	0
00:00:41	57	69	0
00:00:43	44	50	0
00:00:44	67	47	0
00:00:45	63	21	0
00:00:46	41	21	0
00:00:47	38	44	0
00:00:48	23	61	0
00:00:49	17	88	0
00:00:50	47	90	0
00:00:51	48	87	0
00:00:52	53	74	0
00:00:53	67	56	0
00:00:54	69	63	0
00:00:55	63	51	0
00:00:56	70	60	0
00:00:57	63	66	0
00:00:58	57	67	0
00:00:59	69	70	0
00:01:00	61	66	0
00:01:01	50	54	0
00:01:02	54	51	0
00:01:03	38	63	0
00:01:04	43	51	0
00:01:05	40	54	0
00:01:06	37	60	0
00:01:07	50	60	0
00:01:08	64	96	0
00:01:09	51	93	0
00:01:10	69	87	0
00:01:11	69	83	0
00:01:12	74	80	0
00:01:13	84	74	0
00:01:14	57	84	0
00:01:15	57	91	0
00:01:16	57	83	0
00:01:17	34	88	0
00:01:19	48	91	0
00:01:20	34	64	0
00:01:21	14	64	0
00:01:22	24	75	0
00:01:23	30	66	0
00:01:24	27	74	0
00:01:25	16	57	0
00:01:26	37	41	0
00:01:27	11	30	0
00:01:28	43	38	0
00:01:29	50	54	0
00:01:30	50	54	51
00:01:31	50	54	51
00:01:32	50	54	25
00:01:33	56	69	0
00:01:34	56	69	25
00:01:35	70	63	0
00:01:36	54	63	0
00:01:37	63	56	0
00:01:38	38	38	0
00:01:39	30	41	0
00:01:40	35	56	0
00:01:41	44	81	0
00:01:42	44	83	0
00:01:43	47	64	0
00:01:44	26	43	0
00:01:45	30	29	0
00:01:46	26	40	0
00:01:47	30	53	0
00:01:48	44	77	0
00:01:49	26	83	0
00:01:50	21	74	0
00:01:51	24	83	0
00:01:52	26	64	0
00:01:53	44	67	0
00:01:54	48	75	0
00:01:56	50	70	0
00:01:57	60	83	0
00:01:58	60	83	26
00:01:59	60	83	26
00:02:00	57	83	0
00:02:01	60	56	0
00:02:02	60	56	26
00:02:03	60	56	25
00:02:04	57	63	0
00:02:05	50	64	0
00:02:06	64	56	0
00:02:07	67	83	0
00:02:08	67	83	26
00:02:09	67	83	51
00:02:10	67	83	51
00:02:11	67	50	0
00:02:12	43	61	0
00:02:13	43	61	51
00:02:14	53	50	0
00:02:15	54	67	0
00:02:16	56	69	0
00:02:17	56	69	25
00:02:18	75	51	0
00:02:19	67	74	0
00:02:20	69	51	0
00:02:21	69	51	51
00:02:22	44	47	0
00:02:23	23	43	0
00:02:24	8	24	0
00:02:25	7	40	0
00:02:26	13	50	0
00:02:27	21	63	0
00:02:28	43	67	0
00:02:29	38	66	0
00:02:30	47	77	0
00:02:32	43	77	0
00:02:33	30	90	0
00:02:34	38	94	0
00:02:35	43	93	0
00:02:36	53	84	0
00:02:37	64	77	0
00:02:38	61	66	0
00:02:39	61	66	25
00:02:40	61	66	25
00:02:41	61	66	25
00:02:42	44	77	0
00:02:43	21	63	0
00:02:44	30	70	0
00:02:45	60	70	0
00:02:46	60	70	25
00:02:47	53	63	0
00:02:48	53	63	25
00:02:49	80	66	0
00:02:50	75	57	0
00:02:51	61	54	0
00:02:52	57	57	0
00:02:53	53	75	0
00:02:54	48	83	0
00:02:55	48	84	0
00:02:56	48	84	25
00:02:57	38	61	0
00:02:58	38	61	0
00:02:59	26	47	0
00:03:00	35	53	0
00:03:01	48	70	0
00:03:02	54	70	0
00:03:03	54	70	25
00:03:04	54	70	25
00:03:05	54	70	25
00:03:06	70	75	0
00:03:08	64	70	0
00:03:09	75	67	0
00:03:10	74	69	0
00:03:11	74	69	25
00:03:12	74	69	51
00:03:13	66	70	0
00:03:14	44	66	0
00:03:15	44	66	25
00:03:16	44	66	25
00:03:17	44	66	25
00:03:18	40	54	0
00:03:19	34	60	0
00:03:20	34	54	0
00:03:21	48	74	0
00:03:22	63	75	0
00:03:23	63	75	26
00:03:24	60	66	0
00:03:25	61	75	0
00:03:26	54	51	0
00:03:27	54	51	25
00:03:28	43	54	0
00:03:29	43	54	51
00:03:30	67	44	0
00:03:31	70	43	0
00:03:32	70	43	51
00:03:33	63	56	0
00:03:34	63	56	26
00:03:35	56	43	0
00:03:36	41	67	0
00:03:37	41	67	26
00:03:38	44	56	0
00:03:39	50	60	0
00:03:40	50	60	51
00:03:41	60	80	0
00:03:42	38	67	0
00:03:44	38	67	26
00:03:45	24	75	26
00:03:46	24	51	0
00:03:47	17	35	0
00:03:48	17	35	51
00:03:49	17	26	0
00:03:50	34	24	0
00:03:51	34	24	26
00:03:52	34	24	51
00:03:53	51	43	0
00:03:54	56	48	0
00:03:55	87	66	0
00:03:56	77	61	0
00:03:57	63	74	0
00:03:58	63	74	51
00:03:59	51	88	0
00:04:00	51	88	25
00:04:01	29	78	0
00:04:02	20	91	0
00:04:03	3	83	0
00:04:04	3	83	25
00:04:05	13	90	0
00:04:06	26	100	0
00:04:07	38	80	0
00:04:08	63	70	0
00:04:09	61	53	0
00:04:10	56	57	0
00:04:11	48	70	0
00:04:12	37	69	0
00:04:13	51	61	52
00:04:14	44	54	0
00:04:15	64	50	0
00:04:16	64	61	0
00:04:18	57	70	0
00:04:19	57	70	26
00:04:20	48	54	0
00:04:21	30	53	0
00:04:22	40	40	0
00:04:23	35	47	0
00:04:24	48	57	0
00:04:25	69	56	0
00:04:26	64	70	0
00:04:27	64	43	0
00:04:28	47	40	0
00:04:29	16	44	0
00:04:30	3	38	0
00:04:31	1	75	0
00:04:32	21	87	0
00:04:33	54	80	0
00:04:34	56	91	0
00:04:35	57	93	0
00:04:36	43	90	0
00:04:37	26	84	0
00:04:38	20	57	0
00:04:39	34	50	0
00:04:40	43	37	0
00:04:41	43	35	0
00:04:42	63	56	0
00:04:43	61	43	0
00:04:44	57	56	0
00:04:45	51	53	0
00:04:46	35	54	0
00:04:47	35	47	0
00:04:48	30	60	0
00:04:49	23	57	0
00:04:50	29	51	0
00:04:51	27	53	0
00:04:52	20	20	0
00:04:53	44	34	0
00:04:55	60	47	0
00:04:56	61	41	0
00:04:57	66	70	0
00:04:58	66	70	0
00:04:59	54	87	0
00:05:00	34	83	0
00:05:01	40	67	0
00:05:02	26	60	0
00:05:03	13	43	0
00:05:04	37	64	0
00:05:05	38	75	0
00:05:06	61	77	0
00:05:07	80	88	0
00:05:08	75	81	0
00:05:09	63	90	0
00:05:10	67	84	0
00:05:11	57	88	0
00:05:12	50	88	0
00:05:13	57	90	0
00:05:14	40	97	0
00:05:15	44	94	0
00:05:16	43	94	0
00:05:17	43	84	0
00:05:18	34	80	0
00:05:19	40	93	0
00:05:20	34	77	0
00:05:21	23	87	0
00:05:22	34	91	0
00:05:23	44	84	0
00:05:24	27	84	0
00:05:25	40	84	0
00:05:26	38	81	0
00:05:27	43	80	0
00:05:28	56	90	0
00:05:29	56	81	0
00:05:30	67	75	0
00:05:32	66	78	0
00:05:33	64	77	0
00:05:34	56	94	0
00:05:35	44	96	0
00:05:36	50	93	0
00:05:37	53	91	0
00:05:38	61	81	0
00:05:39	50	87	0
00:05:40	48	78	0
00:05:41	34	69	0
00:05:42	41	63	0
00:05:43	47	51	0
00:05:44	44	54	0
00:05:45	64	66	0
00:05:46	60	63	0
00:05:47	84	69	0
00:05:48	78	67	0
00:05:49	64	66	0
00:05:50	54	77	0
00:05:51	56	75	0
00:05:52	53	75	0
00:05:53	61	64	0
00:05:54	51	61	0
00:05:55	48	69	0
00:05:56	64	75	0
00:05:57	67	83	0
00:05:58	69	93	0
00:05:59	80	84	0
00:06:00	61	84	0
00:06:01	74	88	0
00:06:02	61	78	0
00:06:03	48	70	0
00:06:04	48	83	0
00:06:05	35	84	0
00:06:06	63	77	0
00:06:08	75	80	0
00:06:09	53	57	0
00:06:10	54	66	0
00:06:11	40	75	0
00:06:12	27	88	0
00:06:13	50	94	0
00:06:14	50	91	0
00:06:15	38	100	0
00:06:16	48	93	0
00:06:17	43	97	0
00:06:18	47	94	0
00:06:19	54	67	0
00:06:20	53	77	0
00:06:21	44	75	0
00:06:22	34	70	0
00:06:23	27	80	0
00:06:24	35	66	0
00:06:25	26	57	0
00:06:26	41	57	0
00:06:27	60	60	0
00:06:28	48	60	0
00:06:29	61	66	0
00:06:30	64	66	0
00:06:31	43	54	0
00:06:32	50	50	0
00:06:33	50	60	0
00:06:34	26	56	0
00:06:35	38	78	0
00:06:36	29	80	0
00:06:37	35	80	0
00:06:38	44	81	0
00:06:39	43	87	0
00:06:40	53	81	0
00:06:41	37	70	0
00:06:42	38	64	0
00:06:44	41	48	0
00:06:45	40	57	0
00:06:46	47	54	0
00:06:47	48	63	0
00:06:48	48	66	0
00:06:49	53	61	0
00:06:50	63	69	0
00:06:51	48	94	0
00:06:52	35	100	0
00:06:53	34	100	0
00:06:54	37	100	0
00:06:55	51	100	0
00:06:56	61	94	0
00:06:57	69	88	0
00:06:58	67	77	0
00:06:59	61	81	0
00:07:00	60	74	0
00:07:01	35	64	0
00:07:02	35	66	0
00:07:03	27	53	0
00:07:04	20	54	0
00:07:05	54	60	0
00:07:06	54	54	0
00:07:07	56	74	0
00:07:08	66	75	0
00:07:09	40	93	0
00:07:10	29	88	0
00:07:11	27	77	0
00:07:12	24	77	0
00:07:13	14	53	0
00:07:14	21	63	0
00:07:15	20	51	0
00:07:16	17	43	0
00:07:17	13	34	0
00:07:19	30	38	0
00:07:20	24	48	0
00:07:21	47	67	0
00:07:22	43	60	0
00:07:23	43	63	0
00:07:24	40	66	0
00:07:25	40	69	0
00:07:26	38	80	0
00:07:27	50	81	0
00:07:28	38	69	0
00:07:29	43	75	0
00:07:30	27	60	0
00:07:31	26	60	0
00:07:32	24	63	0
00:07:33	27	78	0
00:07:34	37	91	0
00:07:35	20	77	0
00:07:36	34	77	0
00:07:37	27	69	0
00:07:38	14	64	0
00:07:39	24	75	0
00:07:40	7	90	0
00:07:41	1	80	0
00:07:42	1	80	0
00:07:43	1	91	0
00:07:44	7	90	0
00:07:45	21	93	0
00:07:46	30	90	0
00:07:47	41	78	0
00:07:48	41	60	0
00:07:49	48	51	0
00:07:50	43	54	0
00:07:51	47	51	0
00:07:52	41	56	0
00:07:53	54	60	0
00:07:55	48	57	0
00:07:56	60	50	0
00:07:57	56	57	0
00:07:58	60	61	0
00:07:59	56	70	0
00:08:00	34	90	0
00:08:01	16	77	0
00:08:02	14	66	0
00:08:03	17	57	0
00:08:04	34	57	0
00:08:05	47	60	0
00:08:06	37	53	0
00:08:07	44	61	0
00:08:08	37	66	0
00:08:09	44	74	0
00:08:10	44	87	0
00:08:11	43	90	0
00:08:12	40	83	0
00:08:13	30	87	0
00:08:14	24	84	0
00:08:15	14	74	0
00:08:16	24	74	0
00:08:17	41	69	0
00:08:18	57	70	0
00:08:19	74	84	0
00:08:20	75	83	0
00:08:21	56	75	0
00:08:22	56	70	0
00:08:23	26	40	0
00:08:24	21	41	0
00:08:25	34	35	0
00:08:26	50	44	0
00:08:27	57	47	0
00:08:28	78	56	0
00:08:29	57	60	0
00:08:30	51	69	0
00:08:32	50	63	0
00:08:33	48	48	0
00:08:34	53	56	0
00:08:35	50	40	0
00:08:36	38	38	0
00:08:37	26	51	0
00:08:38	37	43	0
00:08:39	40	56	0
00:08:40	66	69	0
00:08:41	56	66	0
00:08:42	37	69	0
00:08:43	41	66	0
00:08:44	21	61	0
00:08:45	29	67	0
00:08:46	29	63	0
00:08:47	16	61	0
00:08:48	27	74	0
00:08:49	20	60	0
00:08:50	27	66	0
00:08:51	29	63	0
00:08:52	20	64	0
00:08:53	23	67	0
00:08:54	13	57	0
00:08:55	44	51	0
00:08:56	35	47	0
00:08:57	50	63	0
00:08:58	37	69	0
00:08:59	29	75	0
00:09:00	54	87	0
00:09:01	35	67	0
00:09:02	40	57	0
00:09:03	35	56	0
00:09:04	26	57	0
00:09:05	51	61	0
00:09:06	54	70	0
00:09:08	63	63	0
00:09:09	60	40	0
00:09:10	38	37	0
00:09:11	29	20	0
00:09:12	14	24	0
00:09:13	20	53	0
00:09:14	27	61	0
00:09:15	30	84	0
00:09:16	47	83	0
00:09:17	53	74	0
00:09:18	51	77	0
00:09:19	51	64	0
00:09:20	40	70	0
00:09:21	38	80	0
00:09:22	29	64	0
00:09:23	29	70	0
00:09:24	44	74	0
00:09:25	40	67	0
00:09:26	40	80	0
00:09:27	40	90	0
00:09:28	35	87	0
00:09:29	57	80	0
00:09:30	50	66	0
00:09:31	47	51	0
00:09:32	51	57	0
00:09:33	30	57	0
00:09:34	35	54	0
00:09:35	24	56	0
00:09:36	24	56	0
00:09:37	27	50	0
00:09:38	24	56	0
00:09:39	29	53	0
00:09:40	17	50	0
00:09:41	24	48	0
00:09:42	38	53	0
00:09:43	40	60	0
00:09:45	38	61	0
00:09:46	40	66	0
00:09:47	23	53	0
00:09:48	20	67	0
00:09:49	20	70	0
00:09:50	20	56	0
00:09:51	20	60	0
00:09:52	23	50	0
00:09:53	8	56	0
00:09:54	17	80	0
00:09:55	8	87	0
00:09:56	23	78	0
00:09:57	27	74	0
00:09:58	26	67	0
00:09:59	3	63	0
00:10:00	3	57	0
00:10:01	1	63	0
00:10:02	13	34	0
00:10:03	23	40	0
00:10:04	38	37	0
00:10:05	66	30	0
00:10:06	38	48	0
00:10:07	47	48	0
00:10:08	37	64	0
00:10:09	27	69	0
00:10:10	27	61	0
00:10:11	20	57	0
00:10:12	24	43	0
00:10:13	29	54	0
00:10:14	37	57	0
00:10:15	26	66	0
00:10:16	29	80	0
00:10:17	21	60	0
00:10:18	21	66	0
00:10:19	29	63	0
00:10:21	21	61	0
00:10:22	24	83	0
00:10:23	14	74	0
00:10:24	10	74	0
00:10:25	24	70	0
00:10:26	30	64	0
00:10:27	40	64	0
00:10:28	51	53	0
00:10:29	35	56	0
00:10:30	38	70	0
00:10:31	43	91	0
00:10:32	30	83	0
00:10:33	41	81	0
00:10:34	41	78	0
00:10:35	53	57	0
00:10:36	51	66	0
00:10:37	24	53	0
00:10:38	27	41	0
00:10:39	1	51	0
00:10:40	10	50	0
00:10:41	24	50	0
00:10:42	35	61	0
00:10:43	51	74	0
00:10:44	43	66	0
00:10:45	35	66	0
00:10:46	16	56	0
00:10:47	11	50	0
00:10:48	11	51	0
00:10:49	35	54	0
00:10:50	35	78	0
00:10:51	35	63	0
00:10:52	53	80	0
00:10:53	38	88	0
00:10:54	38	60	0
00:10:55	34	67	0
00:10:57	34	67	0
00:10:58	34	44	0
00:10:59	41	64	0
00:11:00	37	57	0
00:11:01	17	75	0
00:11:02	21	64	0
00:11:03	27	69	0
00:11:04	26	51	0
00:11:05	30	56	0
00:11:06	10	57	0
00:11:07	8	64	0
00:11:08	16	67	0
00:11:09	16	74	0
00:11:10	24	70	0
00:11:11	30	69	0
00:11:12	29	67	0
00:11:13	44	67	0
00:11:14	43	69	0
00:11:15	35	66	0
00:11:16	37	61	0
00:11:17	26	51	0
00:11:18	37	56	0
00:11:19	40	47	0
00:11:20	40	54	0
00:11:21	27	43	0
00:11:22	4	27	0
00:11:23	4	38	0
00:11:24	16	35	0
00:11:25	27	53	0
00:11:26	35	56	0
00:11:27	34	51	0
00:11:28	21	54	0
00:11:29	26	50	0
00:11:30	24	48	0
00:11:31	27	47	0
00:11:33	17	47	0
00:11:34	29	40	0
00:11:35	50	51	0
00:11:36	50	47	0
00:11:37	60	53	0
00:11:38	53	60	0
00:11:39	54	54	0
00:11:40	70	56	0
00:11:41	63	50	0
00:11:42	80	60	0
00:11:43	75	63	0
00:11:44	67	64	0
00:11:45	66	78	0
00:11:46	48	57	0
00:11:47	60	57	0
00:11:48	37	47	0
00:11:49	48	38	0
00:11:50	38	48	0
00:11:51	16	48	0
00:11:52	26	57	0
00:11:53	17	43	0
00:11:54	27	61	0
00:11:55	30	75	0
00:11:56	40	66	0
00:11:57	44	80	0
00:11:58	53	70	0
00:11:59	53	70	0
00:12:00	48	93	0
00:12:01	44	78	0
00:12:02	41	66	0
00:12:03	43	63	0
00:12:04	34	54	0
00:12:05	38	56	0
00:12:06	40	56	0
00:12:07	40	51	0
00:12:09	48	56	0
00:12:10	30	50	0
00:12:11	35	48	0
00:12:12	27	47	0
00:12:13	29	44	0
00:12:14	37	44	0
00:12:15	40	50	0
00:12:16	47	43	0
00:12:17	54	48	0
00:12:18	60	63	0
00:12:19	48	43	0
00:12:20	51	57	0
00:12:21	40	56	0
00:12:22	24	47	0
00:12:23	37	67	0
00:12:24	24	60	0
00:12:25	35	70	0
00:12:26	44	78	0
00:12:27	38	88	0
00:12:28	48	90	0
00:12:29	35	74	0
00:12:30	27	88	0
00:12:31	41	70	0
00:12:32	27	57	0
00:12:33	35	43	0
00:12:34	35	34	0
00:12:35	57	50	0
00:12:36	70	56	0
00:12:37	67	50	0
00:12:38	66	48	0
00:12:39	69	40	0
00:12:40	66	40	0
00:12:41	56	47	0
00:12:42	67	47	0
00:12:43	60	41	0
00:12:44	69	53	0
00:12:46	88	43	0
00:12:47	69	54	0
00:12:48	80	44	0
00:12:49	75	40	0
00:12:50	78	51	0
00:12:51	67	48	0
00:12:52	35	60	0
00:12:53	17	57	0
00:12:54	1	51	0
00:12:55	1	38	0
00:12:56	20	44	0
00:12:57	26	34	0
00:12:58	47	38	0
00:12:59	61	44	0
00:13:00	50	43	0
00:13:01	64	61	0
00:13:02	54	67	0
00:13:03	56	78	0
00:13:04	66	67	0
00:13:05	67	53	0
00:13:06	70	54	0
00:13:07	69	57	0
00:13:08	70	54	0
00:13:09	54	66	0
00:13:10	44	67	0
00:13:11	26	75	0
00:13:12	10	80	0
00:13:13	27	77	0
00:13:14	43	75	0
00:13:15	60	57	0
00:13:16	80	40	0
00:13:17	97	30	0
00:13:18	77	20	0
00:13:19	75	29	0
00:13:21	75	35	0
00:13:22	69	43	0
00:13:23	87	51	0
00:13:24	100	47	0
00:13:25	87	43	0
00:13:26	78	40	0
00:13:27	78	44	0
00:13:28	77	38	0
00:13:29	96	43	0
00:13:30	78	43	0
00:13:31	77	30	0
00:13:32	78	41	0
00:13:33	83	30	0
00:13:34	100	29	0
00:13:35	100	35	0
00:13:36	74	50	0
00:13:37	53	54	0
00:13:38	60	57	0
00:13:39	70	54	0
00:13:40	90	47	0
00:13:41	100	34	0
00:13:42	83	38	0
00:13:43	54	41	0
00:13:44	43	50	0
00:13:45	10	60	0
00:13:46	7	53	0
00:13:47	13	48	0
00:13:48	16	53	0
00:13:49	11	51	0
00:13:50	1	75	0
00:13:51	1	88	0
00:13:52	7	84	0
00:13:53	24	84	0
00:13:54	26	60	0
00:13:55	29	43	0
00:13:56	16	43	0
00:13:58	13	54	0
00:13:59	34	66	0
00:14:00	38	66	0
00:14:01	41	60	0
00:14:02	40	56	0
00:14:03	38	54	0
00:14:04	21	47	0
00:14:05	24	53	0
00:14:06	13	43	0
00:14:07	1	29	0
00:14:08	7	21	0
00:14:09	11	26	0
00:14:10	20	67	0
00:14:11	27	78	0
00:14:12	26	88	0
00:14:13	37	75	0
00:14:14	41	51	0
00:14:15	38	34	0
00:14:16	34	34	0
00:14:17	29	47	0
00:14:18	30	63	0
00:14:19	27	69	0
00:14:20	30	57	0
00:14:21	37	53	0
00:14:22	30	34	0
00:14:23	43	41	0
00:14:24	50	38	0
00:14:25	29	35	0
00:14:26	40	40	0
00:14:27	30	26	0
00:14:28	23	37	0
00:14:29	29	30	0
00:14:30	30	27	0
00:14:31	29	37	0
00:14:32	26	43	0
00:14:34	38	51	0
00:14:35	34	54	0
00:14:36	34	54	0
00:14:37	57	23	0
00:14:38	48	23	0
00:14:39	27	44	0
00:14:40	13	51	0
00:14:41	23	57	0
00:14:42	27	64	0
00:14:43	35	54	0
00:14:44	57	53	0
00:14:45	53	41	0
00:14:46	56	37	0
00:14:47	54	24	0
00:14:48	35	34	0
00:14:49	30	40	0
00:14:50	24	37	0
00:14:51	13	50	0
00:14:52	26	51	0
00:14:53	24	54	0
00:14:54	20	53	0
00:14:55	30	47	0
00:14:56	7	37	0
00:14:57	4	26	0
00:14:58	13	21	0
00:14:59	14	26	0
00:15:00	29	20	0
00:15:01	41	26	0
00:15:02	30	30	0
00:15:03	30	30	26
00:15:04	38	37	0
00:15:05	41	38	0
00:15:06	44	41	0
00:15:07	44	41	26
00:15:08	43	50	0
00:15:09	27	60	0
00:15:11	21	47	0
00:15:12	23	44	0
00:15:13	35	48	0
00:15:14	24	51	0
00:15:15	40	64	0
00:15:16	47	70	0
00:15:17	41	80	0
00:15:18	48	77	0
00:15:19	43	81	0
00:15:20	30	74	0
00:15:21	27	64	0
00:15:22	41	63	0
00:15:23	34	57	0
00:15:24	43	56	0
00:15:25	44	54	0
00:15:26	24	50	0
00:15:27	34	47	0
00:15:28	37	50	0
00:15:29	40	44	0
00:15:30	50	53	0
00:15:31	50	54	0
00:15:32	50	47	0
00:15:33	48	48	0
00:15:34	53	48	0
00:15:35	37	47	0
00:15:36	24	48	0
00:15:37	23	48	0
00:15:38	29	41	0
00:15:39	60	47	0
00:15:40	60	47	0
00:15:41	40	47	0
00:15:42	23	44	0
00:15:43	17	57	0
00:15:44	10	51	0
00:15:46	8	54	0
00:15:47	16	57	0
00:15:48	8	43	0
00:15:49	24	51	0
00:15:50	44	53	0
00:15:51	35	43	0
00:15:52	41	44	0
00:15:53	44	44	0
00:15:54	29	35	0
00:15:55	27	30	0
00:15:56	26	29	0
00:15:57	14	24	0
00:15:58	27	37	0
00:15:59	29	40	0
00:16:00	30	43	0
00:16:01	47	50	0
00:16:02	27	44	0
00:16:03	27	51	0
00:16:04	30	61	0
00:16:05	27	67	0
00:16:06	26	48	0
00:16:07	35	60	0
00:16:08	41	56	0
00:16:09	40	47	0
00:16:10	41	56	0
00:16:11	30	67	0
00:16:12	11	78	0
00:16:13	16	88	0
00:16:14	16	66	0
00:16:15	20	60	0
00:16:16	35	43	0
00:16:17	21	37	0
00:16:18	26	35	0
00:16:19	48	17	0
00:16:20	35	20	0
00:16:22	47	21	0
00:16:23	37	34	0
00:16:24	13	38	0
00:16:25	26	41	0
00:16:26	41	47	0
00:16:27	54	44	0
00:16:28	63	44	0
00:16:29	63	43	0
00:16:30	47	48	0
00:16:31	47	54	0
00:16:32	41	57	0
00:16:33	56	60	0
00:16:34	61	54	0
00:16:35	50	44	0
00:16:36	51	44	0
00:16:37	30	41	0
00:16:38	34	41	0
00:16:39	44	37	0
00:16:40	34	48	0
00:16:41	34	48	0
00:16:42	30	57	0
00:16:43	27	51	0
00:16:44	53	43	0
00:16:45	51	41	0
00:16:46	53	51	0
00:16:47	41	56	0
00:16:48	27	61	0
00:16:49	26	67	0
00:16:50	13	84	0
00:16:51	11	80	0
00:16:52	13	90	0
00:16:53	8	80	0
00:16:54	13	69	0
00:16:55	24	67	0
00:16:56	27	50	0
00:16:57	30	47	0
00:16:58	30	34	0
00:17:00	13	21	0
00:17:01	8	37	0
00:17:02	7	41	0
00:17:03	10	47	0
00:17:04	17	54	0
00:17:05	26	60	0
00:17:06	37	66	0
00:17:07	27	78	0
00:17:08	30	77	0
00:17:09	37	64	0
00:17:10	16	44	0
00:17:11	30	29	0
00:17:12	26	43	0
00:17:13	20	30	0
00:17:14	37	51	0
00:17:15	14	44	0
00:17:16	20	57	0
00:17:17	17	54	0
00:17:18	41	64	0
00:17:19	44	69	0
00:17:20	41	64	0
00:17:21	43	63	0
00:17:22	35	54	0
00:17:23	29	48	0
00:17:24	24	54	0
00:17:25	23	51	0
00:17:26	20	54	0
00:17:27	20	56	0
00:17:28	24	44	0
00:17:29	17	54	0
00:17:30	17	60	0
00:17:31	17	57	0
00:17:32	11	75	0
00:17:33	20	69	0
00:17:34	16	66	0
00:17:35	23	63	0
00:17:37	27	47	0
00:17:38	17	23	0
00:17:39	14	24	0
00:17:40	10	37	0
00:17:41	17	38	0
00:17:42	26	60	0
00:17:43	29	50	0
00:17:44	34	50	0
00:17:45	26	53	0
00:17:46	34	40	0
00:17:47	34	27	0
00:17:48	43	24	0
00:17:49	35	24	0
00:17:50	30	34	0
00:17:51	41	40	0
00:17:52	38	47	0
00:17:53	30	64	0
00:17:54	44	61	0
00:17:55	41	48	0
00:17:56	38	51	0
00:17:57	51	50	0
00:17:58	48	51	0
00:17:59	50	66	0
00:18:00	51	61	0
00:18:01	51	60	0
00:18:02	43	61	0
00:18:03	38	53	0
00:18:04	40	60	0
00:18:05	34	64	0
00:18:06	40	64	0
00:18:07	53	69	0
00:18:08	47	48	0
00:18:09	41	35	0
00:18:10	29	20	0
00:18:11	20	20	0
00:18:12	24	37	0
00:18:14	23	44	0
00:18:15	26	60	0
00:18:16	26	60	51
00:18:17	26	60	26
00:18:18	37	50	0
00:18:19	50	17	0
00:18:20	53	20	0
00:18:21	50	34	0
00:18:22	51	50	0
00:18:23	60	50	0
00:18:24	53	48	0
00:18:25	48	50	0
00:18:26	38	51	0
00:18:27	30	77	0
00:18:28	34	75	0
00:18:29	27	67	0
00:18:30	16	66	0
00:18:31	10	40	0
00:18:32	8	37	0
00:18:33	8	38	0
00:18:34	8	38	0
00:18:35	26	43	0
00:18:36	35	43	0
00:18:37	30	50	0
00:18:38	38	53	0
00:18:39	30	61	0
00:18:40	20	60	0
00:18:41	14	38	0
00:18:42	24	35	0
00:18:43	30	23	0
00:18:44	41	27	0
00:18:45	50	40	0
00:18:46	30	43	0
00:18:47	23	48	0
00:18:48	24	47	0
00:18:50	37	40	0
00:18:51	47	38	0
00:18:52	47	35	0
00:18:53	38	27	0
00:18:54	43	21	0
00:18:55	47	13	0
00:18:56	35	1	0
00:18:57	41	23	0
00:18:58	43	27	0
00:18:59	41	40	0
00:19:00	44	54	0
00:19:01	30	38	0
00:19:02	23	26	0
00:19:03	10	23	0
00:19:04	4	23	0
00:19:05	10	27	0
00:19:06	1	29	0
00:19:07	7	30	0
00:19:08	11	27	0
00:19:09	21	40	0
00:19:10	38	56	0
00:19:11	30	53	0
00:19:12	44	60	0
00:19:13	38	44	0
00:19:14	38	44	0
00:19:15	44	40	0
00:19:16	23	35	0
00:19:17	35	43	0
00:19:18	35	40	0
00:19:19	26	37	0
00:19:20	13	34	0
00:19:21	16	20	0
00:19:22	23	29	0
00:19:23	34	40	0
00:19:24	30	43	0
00:19:26	38	51	0
00:19:27	35	50	0
00:19:28	21	30	0
00:19:29	23	30	0
00:19:30	14	27	0
00:19:31	24	34	0
00:19:32	38	51	0
00:19:33	41	50	0
00:19:34	43	47	0
00:19:35	26	47	0
00:19:36	16	40	0
00:19:37	26	43	0
00:19:38	40	53	0
00:19:39	47	51	0
00:19:40	41	50	0
00:19:41	41	50	0
00:19:42	29	38	0
00:19:43	26	24	0
00:19:44	34	35	0
00:19:45	21	29	0
00:19:46	26	44	0
00:19:47	26	50	0
00:19:48	34	40	0
00:19:49	41	44	0
00:19:50	34	43	0
00:19:51	21	41	0
00:19:52	8	40	0
00:19:53	7	48	0
00:19:54	29	43	0
00:19:55	29	47	0
00:19:56	23	35	0
00:19:57	21	24	0
00:19:58	26	35	0
00:19:59	30	26	0
00:20:00	35	47	0
00:20:01	43	50	0
00:20:03	30	40	0
00:20:04	24	37	0
00:20:05	20	26	0
00:20:06	11	16	0
00:20:07	1	16	0
00:20:08	1	17	0
00:20:09	21	24	0
00:20:10	34	35	0
00:20:11	53	43	0
00:20:12	57	47	0
00:20:13	43	56	0
00:20:14	27	51	0
00:20:15	7	47	0
00:20:16	23	44	0
00:20:17	34	35	0
00:20:18	56	34	0
00:20:19	57	21	0
00:20:20	57	24	0
00:20:21	44	20	0
00:20:22	35	24	0
00:20:23	47	44	0
00:20:24	38	40	0
00:20:25	41	44	0
00:20:26	43	44	0
00:20:27	54	56	0
00:20:28	64	63	0
00:20:29	63	74	0
00:20:30	51	60	0
00:20:31	44	56	0
00:20:32	38	53	0
00:20:33	38	53	0
00:20:34	37	56	0
00:20:35	38	54	0
00:20:36	29	43	0
00:20:37	16	57	0
00:20:38	37	60	0
00:20:39	35	54	0
00:20:41	37	54	0
00:20:42	43	21	0
00:20:43	16	21	0
00:20:44	7	17	0
00:20:45	1	10	0
00:20:46	14	17	0
00:20:47	23	20	0
00:20:48	20	14	0
00:20:49	16	26	0
00:20:50	1	16	0
00:20:51	3	20	0
00:20:52	10	23	0
00:20:53	8	10	0
00:20:54	17	21	0
00:20:55	11	4	0
00:20:56	27	29	0
00:20:57	38	27	0
00:20:58	41	40	0
00:20:59	50	47	0
00:21:00	44	47	0
00:21:01	37	40	0
00:21:02	38	47	0
00:21:03	30	43	0
00:21:04	23	34	0
00:21:05	13	38	0
00:21:06	11	26	0
00:21:07	10	29	0
00:21:08	13	29	0
00:21:09	35	40	0
00:21:10	30	43	0
00:21:11	29	38	0
00:21:12	37	43	0
00:21:13	16	40	0
00:21:14	14	37	0
00:21:16	16	29	0
00:21:17	13	27	0
00:21:18	17	16	0
00:21:19	26	20	0
00:21:20	29	35	0
00:21:21	30	40	0
00:21:22	35	54	0
00:21:23	37	50	0
00:21:24	27	24	0
00:21:25	26	17	0
00:21:26	26	17	26
00:21:27	21	24	0
00:21:28	23	41	0
00:21:29	26	44	0
00:21:30	27	30	0
00:21:31	17	13	0
00:21:32	20	26	0
00:21:33	20	26	0
00:21:34	23	41	0
00:21:35	37	56	0
00:21:36	41	40	0
00:21:37	40	53	0
00:21:38	44	61	0
00:21:39	41	64	0
00:21:40	50	80	0
00:21:41	50	74	0
00:21:42	53	60	0
00:21:43	54	64	0
00:21:44	53	60	0
00:21:45	47	53	0
00:21:46	53	63	0
00:21:47	54	48	0
00:21:48	43	44	0
00:21:49	54	50	0
00:21:50	54	53	0
00:21:51	48	64	0
00:21:53	53	54	0
00:21:54	53	47	0
00:21:55	50	53	0
00:21:56	51	30	0
00:21:57	41	35	0
00:21:58	30	21	0
00:21:59	29	41	0
00:22:00	34	48	0
00:22:01	24	56	0
00:22:02	23	51	0
00:22:03	17	38	0
00:22:04	20	21	0
00:22:05	29	29	0
00:22:06	29	29	0
00:22:07	24	35	0
00:22:08	44	57	0
00:22:09	53	54	0
00:22:10	43	44	0
00:22:11	53	35	0
00:22:12	50	26	0
00:22:13	47	24	0
00:22:14	43	23	0
00:22:15	29	26	0
00:22:16	21	23	0
00:22:17	4	23	0
00:22:18	1	27	0
00:22:19	17	30	0
00:22:20	17	27	0
00:22:21	41	34	0
00:22:22	43	47	0
00:22:23	50	53	0
00:22:24	61	63	0
00:22:25	56	53	0
00:22:26	70	47	0
00:22:27	63	47	0
00:22:28	51	48	0
00:22:30	48	60	0
00:22:31	40	53	0
00:22:32	44	43	0
00:22:33	41	30	0
00:22:34	64	37	0
00:22:35	74	34	0
00:22:36	87	38	0
00:22:37	91	50	0
00:22:38	78	40	0
00:22:39	78	40	0
00:22:40	57	43	0
00:22:41	57	41	0
00:22:42	51	43	0
00:22:43	48	43	0
00:22:44	50	40	0
00:22:45	44	43	0
00:22:46	53	47	0
00:22:47	57	37	0
00:22:48	70	41	0
00:22:49	77	16	0
00:22:50	67	29	0
00:22:51	69	38	0
00:22:52	63	41	0
00:22:53	67	77	0
00:22:54	61	78	0
00:22:55	54	70	0
00:22:56	54	77	0
00:22:57	57	60	0
00:22:58	75	48	0
00:22:59	69	54	0
00:23:00	61	48	0
00:23:01	47	51	0
00:23:02	26	48	0
00:23:03	30	53	0
00:23:04	43	51	0
00:23:05	43	51	26
00:23:07	54	48	0
00:23:08	53	43	0
00:23:09	41	37	0
00:23:10	37	37	0
00:23:11	29	41	0
00:23:12	27	48	0
00:23:13	26	40	0
00:23:14	35	47	0
00:23:15	29	41	0
00:23:16	26	43	0
00:23:17	44	48	0
00:23:18	23	40	0
00:23:19	50	47	0
00:23:20	50	40	0
00:23:21	35	50	0
00:23:22	44	51	0
00:23:23	23	48	0
00:23:24	14	51	0
00:23:25	21	43	0
00:23:26	29	51	0
00:23:27	27	48	0
00:23:28	34	44	0
00:23:29	23	41	0
00:23:30	21	35	0
00:23:31	27	43	0
00:23:32	23	44	0
00:23:33	29	54	0
00:23:34	30	57	0
00:23:35	48	60	0
00:23:36	51	53	0
00:23:37	44	51	0
00:23:38	27	51	0
00:23:39	24	47	0
00:23:40	17	48	0
00:23:41	16	34	0
00:23:42	27	38	0
00:23:44	13	29	0
00:23:45	10	29	0
00:23:46	3	34	0
00:23:47	1	29	0
00:23:48	4	37	0
00:23:49	7	37	0
00:23:50	24	38	0
00:23:51	30	30	0
00:23:52	41	27	0
00:23:53	54	35	0
00:23:54	54	41	0
00:23:55	38	47	0
00:23:56	24	44	0
00:23:57	26	47	0
00:23:58	23	48	0
00:23:59	27	50	0
00:24:00	47	60	0
00:24:01	38	44	0
00:24:02	27	35	0
00:24:03	38	41	0
00:24:04	20	38	0
00:24:05	17	54	0
00:24:06	8	53	0
00:24:07	7	41	0
00:24:08	1	41	0
00:24:09	4	30	0
00:24:10	17	23	0
00:24:11	27	41	0
00:24:12	30	38	0
00:24:13	30	41	0
00:24:14	29	54	0
00:24:15	44	38	0
00:24:16	61	43	0
00:24:17	56	43	0
00:24:18	51	34	0
00:24:20	43	40	0
00:24:21	43	44	0
00:24:22	56	47	0
00:24:23	80	44	0
00:24:24	80	56	0
00:24:25	77	44	0
00:24:26	60	34	0
00:24:27	30	27	0
00:24:28	26	26	0
00:24:29	27	34	0
00:24:30	44	41	0
00:24:31	60	60	0
00:24:32	57	63	0
00:24:33	60	69	0
00:24:34	56	81	0
00:24:35	37	78	0
00:24:36	40	83	0
00:24:37	26	61	0
00:24:38	35	61	0
00:24:39	38	48	0
00:24:40	37	51	0
00:24:41	47	50	0
00:24:42	41	63	0
00:24:43	43	67	0
00:24:44	40	53	0
00:24:45	27	63	0
00:24:46	37	37	0
00:24:47	23	29	0
00:24:48	34	35	0
00:24:49	54	26	0
00:24:50	53	41	0
00:24:51	53	48	0
00:24:52	50	48	0
00:24:53	23	53	0
00:24:54	40	44	0
00:24:55	44	40	0
00:24:56	43	44	0
00:24:58	75	43	0
00:24:59	60	37	0
00:25:00	56	44	0
00:25:01	54	47	0
00:25:02	37	44	0
00:25:03	43	50	0
00:25:04	50	54	0
00:25:05	48	60	0
00:25:06	41	56	0
00:25:07	48	64	0
00:25:08	37	48	0
00:25:09	56	60	0
00:25:10	53	51	0
00:25:11	69	53	0
00:25:12	69	53	0
00:25:13	48	50	0
00:25:14	34	41	0
00:25:15	29	53	0
00:25:16	57	61	0
00:25:17	57	48	0
00:25:18	61	60	0
00:25:19	57	61	0
00:25:20	40	66	0
00:25:21	24	56	0
00:25:22	23	44	0
00:25:23	27	35	0
00:25:24	26	29	0
00:25:25	30	37	0
00:25:26	50	47	0
00:25:27	40	53	0
00:25:28	63	54	0
00:25:29	63	56	0
00:25:30	37	54	0
00:25:31	44	50	0
00:25:32	16	48	0
00:25:34	23	51	0
00:25:35	24	51	0
00:25:36	20	48	0
00:25:37	29	53	0
00:25:38	23	47	0
00:25:39	47	56	0
00:25:40	57	54	0
00:25:41	66	66	0
00:25:42	60	56	0
00:25:43	53	54	0
00:25:44	50	56	0
00:25:45	48	53	0
00:25:46	50	64	0
00:25:47	38	57	0
00:25:48	37	60	0
00:25:49	53	50	0
00:25:50	43	54	0
00:25:51	66	60	0
00:25:52	63	50	0
00:25:53	54	61	0
00:25:54	70	51	0
00:25:55	56	48	0
00:25:56	77	57	0
00:25:57	63	40	0
00:25:58	51	40	0
00:25:59	63	47	0
00:26:00	44	35	0
00:26:01	56	53	0
00:26:02	51	47	0
00:26:03	43	48	0
00:26:04	53	64	0
00:26:05	47	60	0
00:26:06	63	63	0
00:26:07	69	60	0
00:26:08	69	60	0
00:26:10	74	51	0
00:26:11	57	53	0
00:26:12	53	44	0
00:26:13	47	54	0
00:26:14	51	61	0
00:26:15	60	64	0
00:26:16	69	67	0
00:26:17	67	60	0
00:26:18	57	48	0
00:26:19	43	54	0
00:26:20	30	50	0
00:26:21	48	53	0
00:26:22	44	53	0
00:26:23	44	38	0
00:26:24	48	41	0
00:26:25	40	51	0
00:26:26	50	54	0
00:26:27	63	64	0
00:26:28	70	64	0
00:26:29	75	51	0
00:26:30	54	47	0
00:26:31	47	44	0
00:26:32	29	40	0
00:26:33	20	41	0
00:26:34	26	43	0
00:26:35	23	35	0
00:26:36	23	37	0
00:26:37	16	51	0
00:26:38	37	56	0
00:26:39	41	61	0
00:26:40	54	56	0
00:26:41	47	23	0
00:26:42	34	26	0
00:26:43	26	29	0
00:26:44	14	26	0
00:26:46	16	34	0
00:26:47	21	29	0
00:26:48	21	38	0
00:26:49	35	47	0
00:26:50	29	56	0
00:26:51	44	54	0
00:26:52	66	41	0
00:26:53	63	48	0
00:26:54	83	56	0
00:26:55	64	56	0
00:26:56	63	54	0
00:26:57	63	40	0
00:26:58	47	21	0
00:26:59	56	34	0
00:27:00	47	40	0
00:27:01	35	35	0
00:27:02	34	41	0
00:27:03	17	26	0
00:27:04	20	29	0
00:27:05	23	30	0
00:27:06	26	30	0
00:27:07	38	41	0
00:27:08	41	47	0
00:27:09	37	48	0
00:27:10	43	57	0
00:27:11	51	56	0
00:27:12	50	57	0
00:27:13	61	53	0
00:27:14	48	50	0
00:27:15	48	37	0
00:27:16	43	37	0
00:27:17	50	38	0
00:27:18	51	37	0
00:27:19	53	47	0
00:27:20	60	29	0
00:27:22	64	27	0
00:27:23	69	24	0
00:27:24	57	16	0
00:27:25	64	30	0
00:27:26	64	37	0
00:27:27	64	43	0
00:27:28	69	60	0
00:27:29	61	53	0
00:27:30	50	56	0
00:27:31	43	57	0
00:27:32	34	53	0
00:27:33	26	47	0
00:27:34	27	38	0
00:27:35	23	29	0
00:27:36	26	21	0
00:27:37	34	21	0
00:27:38	35	24	0
00:27:39	51	21	0
00:27:40	53	34	0
00:27:41	48	44	0
00:27:42	50	48	0
00:27:43	50	57	0
00:27:44	47	43	0
00:27:45	41	37	0
00:27:46	27	37	0
00:27:47	29	50	0
00:27:48	30	40	0
00:27:49	26	37	0
00:27:50	26	40	0
00:27:51	26	40	0
00:27:52	29	41	0
00:27:53	41	47	0
00:27:54	50	50	0
00:27:55	40	38	0
00:27:56	47	30	0
00:27:57	38	30	0
00:27:59	24	13	0
00:28:00	40	21	0
00:28:01	30	38	0
00:28:02	41	38	0
00:28:03	60	44	0
00:28:04	50	30	0
00:28:05	44	17	0
00:28:06	40	26	0
00:28:07	43	29	0
00:28:08	41	37	0
00:28:09	47	48	0
00:28:10	30	38	0
00:28:11	24	34	0
00:28:12	29	41	0
00:28:13	27	37	0
00:28:14	37	26	0
00:28:15	37	35	0
00:28:16	29	37	0
00:28:17	29	30	0
00:28:18	14	17	0
00:28:19	24	17	0
00:28:20	30	30	0
00:28:21	37	41	0
00:28:22	44	74	0
00:28:23	43	67	0
00:28:24	34	57	0
00:28:25	27	38	0
00:28:26	27	17	0
00:28:27	29	17	0
00:28:28	38	24	0
00:28:29	41	37	0
00:28:30	35	40	0
00:28:31	29	40	0
00:28:32	14	35	0
00:28:34	14	47	0
00:28:35	29	41	0
00:28:36	34	30	0
00:28:37	29	23	0
00:28:38	37	10	0
00:28:39	34	16	0
00:28:40	40	23	0
00:28:41	48	23	0
00:28:42	35	34	0
00:28:43	34	38	0
00:28:44	17	41	0
00:28:45	24	54	0
00:28:46	24	54	25
00:28:47	24	48	0
00:28:48	30	53	0
00:28:49	26	54	0
00:28:50	27	56	0
00:28:51	21	54	0
00:28:52	43	51	0
00:28:53	50	53	0
00:28:54	40	50	0
00:28:55	54	44	0
00:28:56	34	44	0
00:28:57	29	23	0
00:28:58	30	13	0
00:28:59	29	26	0
00:29:00	17	20	0
00:29:01	11	44	0
00:29:02	3	54	0
00:29:03	1	43	0
00:29:04	1	60	0
00:29:05	4	54	0
00:29:06	8	54	0
00:29:07	17	53	0
00:29:08	11	35	0
00:29:09	10	24	0
00:29:11	29	24	0
00:29:12	27	21	0
00:29:13	47	24	0
00:29:14	51	35	0
00:29:15	38	35	0
00:29:16	34	34	0
00:29:17	21	37	0
00:29:18	7	40	0
00:29:19	7	60	0
00:29:20	7	50	0
00:29:21	14	53	0
00:29:22	20	54	0
00:29:23	23	44	0
00:29:24	30	57	0
00:29:25	35	50	0
00:29:26	27	41	0
00:29:27	23	41	0
00:29:28	21	47	0
00:29:29	14	53	0
00:29:30	34	57	0
00:29:31	51	60	0
00:29:32	63	57	0
00:29:33	57	56	0
00:29:34	54	61	0
00:29:35	38	80	0
00:29:36	24	84	0
00:29:37	30	88	0
00:29:38	14	81	0
00:29:39	30	70	0
00:29:40	34	67	0
00:29:41	21	50	0
00:29:42	23	57	0
00:29:43	10	53	0
00:29:44	10	43	0
00:29:45	27	56	0
00:29:46	34	53	0
00:29:48	54	50	0
00:29:49	54	50	0
00:29:50	48	51	0
00:29:51	35	50	0
00:29:52	23	54	0
00:29:53	27	60	0
00:29:54	26	53	0
00:29:55	26	47	0
00:29:56	35	47	0
00:29:57	24	38	0
00:29:58	20	44	0
00:29:59	26	50	0
00:30:00	35	47	0
00:30:01	29	43	0
00:30:02	23	37	0
00:30:03	14	34	0
00:30:04	20	41	0
00:30:05	30	48	0
00:30:06	41	48	0
00:30:07	50	56	0
00:30:08	40	44	0
00:30:09	41	44	0
00:30:10	44	47	0
00:30:11	38	43	0
00:30:12	38	51	0
00:30:13	34	47	0
00:30:14	29	53	0
00:30:15	44	64	0
00:30:16	48	56	0
00:30:17	50	63	0
00:30:18	44	50	0
00:30:19	47	43	0
00:30:20	40	40	0
00:30:21	48	41	0
00:30:22	43	37	0
00:30:23	37	40	0
00:30:25	47	29	0
00:30:26	38	34	0
00:30:27	34	35	0
00:30:28	35	43	0
00:30:29	34	51	0
00:30:30	21	53	0
00:30:31	21	53	0
00:30:32	11	43	0
00:30:33	13	50	0
00:30:34	20	56	0
00:30:35	29	70	0
00:30:36	34	75	0
00:30:37	27	66	0
00:30:38	38	57	0
00:30:39	23	50	0
00:30:40	35	61	0
00:30:41	30	70	0
00:30:42	17	70	0
00:30:43	23	74	0
00:30:44	11	44	0
00:30:45	14	47	0
00:30:46	17	47	0
00:30:47	35	40	0
00:30:48	38	47	0
00:30:49	53	44	0
00:30:50	54	44	0
00:30:51	54	44	0
00:30:52	30	56	0
00:30:53	27	67	0
00:30:54	17	69	0
00:30:55	24	60	0
00:30:56	37	63	0
00:30:57	40	41	0
00:30:58	51	47	0
00:30:59	43	50	0
00:31:01	51	53	0
00:31:02	60	61	0
00:31:03	54	51	0
00:31:04	56	61	0
00:31:05	47	53	0
00:31:06	44	57	0
00:31:07	29	64	0
00:31:08	23	61	0
00:31:09	34	78	0
00:31:10	29	81	0
00:31:11	27	67	0
00:31:12	40	67	0
00:31:13	29	57	0
00:31:14	40	51	0
00:31:15	40	44	0
00:31:16	38	50	0
00:31:17	48	37	0
00:31:18	40	34	0
00:31:19	53	47	0
00:31:20	67	37	0
00:31:21	63	54	0
00:31:22	53	51	0
00:31:23	47	50	0
00:31:24	40	50	0
00:31:25	29	53	0
00:31:26	24	40	0
00:31:27	24	38	0
00:31:28	41	50	0
00:31:29	41	38	0
00:31:30	53	51	0
00:31:31	38	50	0
00:31:32	40	43	0
00:31:33	41	61	0
00:31:34	38	50	0
00:31:35	27	50	0
00:31:36	10	56	0
00:31:38	14	43	0
00:31:39	20	51	0
00:31:40	38	60	0
00:31:41	50	48	0
00:31:42	41	53	0
00:31:43	47	51	0
00:31:44	60	51	0
00:31:45	54	48	0
00:31:46	66	54	0
00:31:47	48	64	0
00:31:48	34	69	0
00:31:49	40	83	0
00:31:50	41	90	0
00:31:51	64	80	0
00:31:52	83	77	0
00:31:53	80	83	0
00:31:54	81	81	0
00:31:55	75	78	0
00:31:56	43	43	0
00:31:57	41	26	0
00:31:58	35	27	0
00:31:59	43	37	0
00:32:00	44	41	0
00:32:01	48	53	0
00:32:02	48	43	0
00:32:03	51	38	0
00:32:04	44	38	0
00:32:05	43	38	0
00:32:06	40	53	0
00:32:07	34	54	0
00:32:08	41	54	0
00:32:09	43	41	0
00:32:10	35	47	0
00:32:11	47	54	0
00:32:13	48	48	0
00:32:14	35	51	0
00:32:15	38	47	0
00:32:16	43	37	0
00:32:17	43	43	0
00:32:18	53	48	0
00:32:19	51	53	0
00:32:20	44	67	0
00:32:21	44	83	0
00:32:22	30	84	0
00:32:23	40	78	0
00:32:24	37	64	0
00:32:25	30	53	0
00:32:26	47	48	0
00:32:27	35	30	0
00:32:28	38	27	0
00:32:29	17	16	0
00:32:30	14	16	0
00:32:31	10	24	0
00:32:32	8	30	0
00:32:33	14	37	0
00:32:34	24	29	0
00:32:35	57	41	0
00:32:36	56	21	0
00:32:37	61	17	0
00:32:38	61	17	26
00:32:39	64	30	0
00:32:40	48	35	0
00:32:41	57	61	0
00:32:42	51	61	0
00:32:43	38	50	0
00:32:44	41	60	0
00:32:45	30	51	0
00:32:46	24	51	0
00:32:47	29	54	0
00:32:48	27	53	0
00:32:50	26	44	0
00:32:51	37	50	0
00:32:52	50	47	0
00:32:53	56	47	0
00:32:54	57	53	0
00:32:55	48	53	0
00:32:56	27	51	0
00:32:57	8	20	0
00:32:58	4	16	0
00:32:59	20	20	0
00:33:00	38	43	0
00:33:01	56	47	0
00:33:02	51	53	0
00:33:03	61	54	0
00:33:04	60	54	0
00:33:05	47	60	0
00:33:06	53	63	0
00:33:07	51	60	0
00:33:08	54	54	0
00:33:09	56	53	0
00:33:10	41	50	0
00:33:11	48	47	0
00:33:12	37	54	0
00:33:13	35	53	0
00:33:14	41	48	0
00:33:15	37	64	0
00:33:16	30	48	0
00:33:17	40	44	0
00:33:18	50	51	0
00:33:19	48	47	0
00:33:20	60	61	0
00:33:21	61	63	0
00:33:22	53	56	0
00:33:23	53	56	26
00:33:24	53	56	26
00:33:25	50	51	0
00:33:26	40	24	0
00:33:28	27	21	0
00:33:29	27	26	0
00:33:30	37	26	0
00:33:31	43	48	0
00:33:32	50	41	0
00:33:33	41	48	0
00:33:34	38	60	0
00:33:35	41	64	0
00:33:36	44	70	0
00:33:37	43	56	0
00:33:38	51	35	0
00:33:39	34	38	0
00:33:40	34	38	0
00:33:41	24	37	0
00:33:42	30	47	0
00:33:43	64	41	0
00:33:44	64	47	0
00:33:45	74	56	0
00:33:46	74	53	0
00:33:47	61	54	0
00:33:48	56	47	0
00:33:49	48	50	0
00:33:50	48	50	0
00:33:51	35	48	26
00:33:52	38	54	0
00:33:53	37	50	0
00:33:54	47	40	0
00:33:55	60	40	0
00:33:56	64	38	0
00:33:57	75	41	0
00:33:58	80	51	0
00:33:59	67	43	0
00:34:00	67	35	0
00:34:01	57	35	0
00:34:02	53	53	0
00:34:03	34	54	0
00:34:05	26	63	0
00:34:06	40	60	0
00:34:07	30	50	0
00:34:08	37	50	0
00:34:09	50	43	0
00:34:10	51	48	0
00:34:11	48	50	0
00:34:12	61	57	0
00:34:13	56	63	0
00:34:14	48	63	0
00:34:15	61	56	0
00:34:16	53	51	0
00:34:17	48	51	0
00:34:18	48	40	0
00:34:19	41	53	0
00:34:20	50	63	0
00:34:21	50	69	0
00:34:22	64	83	0
00:34:23	63	80	0
00:34:24	60	84	0
00:34:25	64	77	0
00:34:26	54	66	0
00:34:27	43	64	0
00:34:28	38	48	0
00:34:29	54	43	0
00:34:30	63	53	0
00:34:31	78	57	0
00:34:32	74	60	0
00:34:33	74	60	26
00:34:34	67	63	26
00:34:35	53	50	0
00:34:36	40	40	0
00:34:37	56	41	0
00:34:38	51	43	0
00:34:39	60	53	0
00:34:40	64	69	0
00:34:42	57	70	0
00:34:43	41	67	0
00:34:44	40	56	0
00:34:45	37	41	0
00:34:46	30	38	0
00:34:47	37	43	0
00:34:48	38	56	0
00:34:49	50	66	0
00:34:50	50	66	0
00:34:51	60	61	0
00:34:52	57	53	0
00:34:53	57	40	0
00:34:54	53	29	0
00:34:55	44	23	0
00:34:56	41	20	0
00:34:57	37	44	0
00:34:58	50	57	0
00:34:59	56	74	0
00:35:00	57	87	0
00:35:01	61	81	0
00:35:02	54	81	0
00:35:03	53	66	0
00:35:04	53	64	0
00:35:05	48	60	0
00:35:06	44	67	0
00:35:07	43	56	0
00:35:08	40	48	0
00:35:09	35	35	0
00:35:10	44	40	0
00:35:11	56	40	0
00:35:12	50	44	0
00:35:13	54	53	0
00:35:14	41	44	0
00:35:15	50	47	0
00:35:16	66	40	0
00:35:17	61	34	0
00:35:19	75	35	0
00:35:20	70	43	0
00:35:21	74	63	0
00:35:22	69	60	0
00:35:23	64	57	0
00:35:24	50	54	0
00:35:25	38	38	0
00:35:26	50	51	0
00:35:27	41	47	0
00:35:28	50	47	0
00:35:29	54	47	0
00:35:30	47	24	0
00:35:31	60	30	0
00:35:32	51	21	0
00:35:33	41	13	0
00:35:34	50	34	0
00:35:35	47	37	0
00:35:36	57	43	0
00:35:37	75	66	0
00:35:38	75	64	0
00:35:39	69	56	0
00:35:40	44	47	0
00:35:41	44	37	0
00:35:42	37	29	0
00:35:43	35	51	0
00:35:44	43	63	0
00:35:45	44	70	0
00:35:46	47	74	0
00:35:47	44	61	0
00:35:48	48	60	0
00:35:49	41	53	0
00:35:50	50	60	0
00:35:51	54	57	0
00:35:52	57	56	0
00:35:53	61	60	0
00:35:54	48	53	0
00:35:56	44	51	0
00:35:57	40	48	0
00:35:58	41	40	0
00:35:59	43	41	0
00:36:00	40	48	0
00:36:01	47	56	0
