Apr 15, 2014 17:06:34	66	75	0
Apr 15, 2014 17:06:35	57	77	0
Apr 15, 2014 17:06:36	50	77	0
Apr 15, 2014 17:06:37	66	81	0
Apr 15, 2014 17:06:38	44	67	0
Apr 15, 2014 17:06:39	60	57	0
Apr 15, 2014 17:06:40	44	70	0
Apr 15, 2014 17:06:41	37	67	0
Apr 15, 2014 17:06:42	53	78	0
Apr 15, 2014 17:06:44	53	83	0
Apr 15, 2014 17:06:45	57	74	0
Apr 15, 2014 17:06:46	57	81	0
Apr 15, 2014 17:06:47	67	88	0
Apr 15, 2014 17:06:48	56	94	0
Apr 15, 2014 17:06:49	69	90	0
Apr 15, 2014 17:06:50	57	90	0
Apr 15, 2014 17:06:51	53	77	0
Apr 15, 2014 17:06:52	57	77	0
Apr 15, 2014 17:06:53	37	67	0
Apr 15, 2014 17:06:54	44	70	0
Apr 15, 2014 17:06:55	24	56	0
Apr 15, 2014 17:06:56	43	63	0
Apr 15, 2014 17:06:57	30	48	0
Apr 15, 2014 17:06:58	47	51	0
Apr 15, 2014 17:06:59	75	60	0
Apr 15, 2014 17:07:00	67	53	0
Apr 15, 2014 17:07:01	81	66	0
Apr 15, 2014 17:07:02	61	57	0
Apr 15, 2014 17:07:03	38	56	0
Apr 15, 2014 17:07:04	35	57	0
Apr 15, 2014 17:07:05	21	61	0
Apr 15, 2014 17:07:06	23	70	0
Apr 15, 2014 17:07:07	23	70	0
Apr 15, 2014 17:07:08	13	56	0
Apr 15, 2014 17:07:09	11	35	0
Apr 15, 2014 17:07:10	21	48	0
Apr 15, 2014 17:07:11	24	44	0
Apr 15, 2014 17:07:12	38	66	0
Apr 15, 2014 17:07:13	57	81	0
Apr 15, 2014 17:07:15	51	64	0
Apr 15, 2014 17:07:16	44	88	0
Apr 15, 2014 17:07:17	48	90	0
Apr 15, 2014 17:07:18	38	96	0
Apr 15, 2014 17:07:19	34	100	0
Apr 15, 2014 17:07:20	43	93	0
Apr 15, 2014 17:07:21	37	80	0
Apr 15, 2014 17:07:22	37	67	0
Apr 15, 2014 17:07:23	26	69	0
Apr 15, 2014 17:07:24	37	66	0
Apr 15, 2014 17:07:25	34	75	0
Apr 15, 2014 17:07:26	40	78	0
Apr 15, 2014 17:07:27	57	81	0
Apr 15, 2014 17:07:28	60	84	0
Apr 15, 2014 17:07:29	60	74	0
Apr 15, 2014 17:07:30	70	66	0
Apr 15, 2014 17:07:31	64	77	0
Apr 15, 2014 17:07:32	74	81	0
Apr 15, 2014 17:07:33	75	93	0
Apr 15, 2014 17:07:34	64	100	0
Apr 15, 2014 17:07:35	57	100	0
Apr 15, 2014 17:07:36	48	100	0
Apr 15, 2014 17:07:37	47	87	0
Apr 15, 2014 17:07:38	48	69	0
Apr 15, 2014 17:07:39	40	48	0
Apr 15, 2014 17:07:40	37	27	0
Apr 15, 2014 17:07:41	35	48	0
Apr 15, 2014 17:07:42	34	57	0
Apr 15, 2014 17:07:43	51	75	0
Apr 15, 2014 17:07:45	50	94	0
Apr 15, 2014 17:07:46	53	87	0
Apr 15, 2014 17:07:47	54	83	0
Apr 15, 2014 17:07:48	40	77	0
Apr 15, 2014 17:07:49	44	74	0
Apr 15, 2014 17:07:50	47	67	0
Apr 15, 2014 17:07:51	51	60	0
Apr 15, 2014 17:07:52	51	60	0
Apr 15, 2014 17:07:53	34	66	0
Apr 15, 2014 17:07:54	38	78	0
Apr 15, 2014 17:07:55	44	83	0
Apr 15, 2014 17:07:56	57	83	0
Apr 15, 2014 17:07:57	69	84	0
Apr 15, 2014 17:07:58	48	80	0
Apr 15, 2014 17:07:59	48	77	0
Apr 15, 2014 17:08:00	30	83	0
Apr 15, 2014 17:08:01	21	78	0
Apr 15, 2014 17:08:02	30	77	0
Apr 15, 2014 17:08:03	17	88	0
Apr 15, 2014 17:08:04	20	84	0
Apr 15, 2014 17:08:05	37	94	0
Apr 15, 2014 17:08:06	53	96	0
Apr 15, 2014 17:08:07	57	77	0
Apr 15, 2014 17:08:08	54	74	0
Apr 15, 2014 17:08:09	47	57	0
Apr 15, 2014 17:08:10	29	57	0
Apr 15, 2014 17:08:11	50	66	0
Apr 15, 2014 17:08:12	37	51	0
Apr 15, 2014 17:08:13	37	60	0
Apr 15, 2014 17:08:14	41	48	0
Apr 15, 2014 17:08:15	50	47	0
Apr 15, 2014 17:08:17	50	23	0
Apr 15, 2014 17:08:18	50	30	0
Apr 15, 2014 17:08:19	41	24	0
Apr 15, 2014 17:08:20	38	21	0
Apr 15, 2014 17:08:21	48	35	0
Apr 15, 2014 17:08:22	30	23	0
Apr 15, 2014 17:08:23	51	40	0
Apr 15, 2014 17:08:24	53	50	0
Apr 15, 2014 17:08:25	40	50	0
Apr 15, 2014 17:08:26	51	77	0
Apr 15, 2014 17:08:27	37	64	0
Apr 15, 2014 17:08:28	23	66	0
Apr 15, 2014 17:08:29	26	80	0
Apr 15, 2014 17:08:30	30	63	0
Apr 15, 2014 17:08:31	50	63	0
Apr 15, 2014 17:08:32	47	60	0
Apr 15, 2014 17:08:33	48	57	0
Apr 15, 2014 17:08:34	48	66	0
Apr 15, 2014 17:08:35	23	66	0
Apr 15, 2014 17:08:36	51	70	0
Apr 15, 2014 17:08:37	56	64	0
Apr 15, 2014 17:08:38	53	67	0
Apr 15, 2014 17:08:39	56	67	0
Apr 15, 2014 17:08:40	48	51	0
Apr 15, 2014 17:08:41	38	56	0
Apr 15, 2014 17:08:42	48	54	0
Apr 15, 2014 17:08:43	35	61	0
Apr 15, 2014 17:08:44	37	61	0
Apr 15, 2014 17:08:45	40	66	0
Apr 15, 2014 17:08:47	24	60	0
Apr 15, 2014 17:08:48	43	69	0
Apr 15, 2014 17:08:49	41	51	0
Apr 15, 2014 17:08:50	38	66	0
Apr 15, 2014 17:08:51	51	74	0
Apr 15, 2014 17:08:52	43	78	0
Apr 15, 2014 17:08:53	38	88	0
Apr 15, 2014 17:08:54	34	67	0
Apr 15, 2014 17:08:55	29	66	0
Apr 15, 2014 17:08:56	27	53	0
Apr 15, 2014 17:08:57	41	53	0
Apr 15, 2014 17:08:58	47	69	0
Apr 15, 2014 17:08:59	41	70	0
Apr 15, 2014 17:09:00	44	83	0
Apr 15, 2014 17:09:01	41	90	0
Apr 15, 2014 17:09:02	56	78	0
Apr 15, 2014 17:09:03	60	80	0
Apr 15, 2014 17:09:04	66	70	0
Apr 15, 2014 17:09:05	56	75	0
Apr 15, 2014 17:09:06	48	83	0
Apr 15, 2014 17:09:07	48	83	0
Apr 15, 2014 17:09:08	40	96	0
Apr 15, 2014 17:09:09	48	100	0
Apr 15, 2014 17:09:10	34	90	0
Apr 15, 2014 17:09:11	48	87	0
Apr 15, 2014 17:09:12	47	88	0
Apr 15, 2014 17:09:13	37	74	0
Apr 15, 2014 17:09:14	43	67	0
Apr 15, 2014 17:09:15	38	63	0
Apr 15, 2014 17:09:16	37	57	0
Apr 15, 2014 17:09:18	48	57	0
Apr 15, 2014 17:09:19	51	67	0
Apr 15, 2014 17:09:20	37	87	0
Apr 15, 2014 17:09:21	51	74	0
Apr 15, 2014 17:09:22	43	90	0
Apr 15, 2014 17:09:23	26	77	0
Apr 15, 2014 17:09:24	30	61	0
Apr 15, 2014 17:09:25	20	75	0
Apr 15, 2014 17:09:26	24	60	0
Apr 15, 2014 17:09:27	24	60	0
Apr 15, 2014 17:09:28	27	61	0
Apr 15, 2014 17:09:29	34	53	0
Apr 15, 2014 17:09:30	27	61	0
Apr 15, 2014 17:09:31	29	67	0
Apr 15, 2014 17:09:32	27	64	0
Apr 15, 2014 17:09:33	34	67	0
Apr 15, 2014 17:09:34	35	53	0
Apr 15, 2014 17:09:35	51	50	0
Apr 15, 2014 17:09:36	64	47	0
Apr 15, 2014 17:09:37	63	56	0
Apr 15, 2014 17:09:38	53	60	0
Apr 15, 2014 17:09:39	47	66	0
Apr 15, 2014 17:09:40	50	66	0
Apr 15, 2014 17:09:41	48	64	0
Apr 15, 2014 17:09:42	50	64	0
Apr 15, 2014 17:09:43	50	50	0
Apr 15, 2014 17:09:44	61	30	0
Apr 15, 2014 17:09:45	57	26	0
Apr 15, 2014 17:09:46	63	26	0
Apr 15, 2014 17:09:47	63	47	0
Apr 15, 2014 17:09:49	54	63	0
Apr 15, 2014 17:09:50	61	70	0
Apr 15, 2014 17:09:51	54	74	0
Apr 15, 2014 17:09:52	44	54	0
Apr 15, 2014 17:09:53	43	54	0
Apr 15, 2014 17:09:54	43	51	0
Apr 15, 2014 17:09:55	57	48	0
Apr 15, 2014 17:09:56	63	44	0
Apr 15, 2014 17:09:57	57	48	0
Apr 15, 2014 17:09:58	61	51	0
Apr 15, 2014 17:09:59	56	56	0
Apr 15, 2014 17:10:00	66	63	0
Apr 15, 2014 17:10:01	66	70	0
Apr 15, 2014 17:10:02	60	75	0
Apr 15, 2014 17:10:03	56	69	0
Apr 15, 2014 17:10:04	57	67	0
Apr 15, 2014 17:10:05	47	60	0
Apr 15, 2014 17:10:06	43	64	0
Apr 15, 2014 17:10:07	35	74	0
Apr 15, 2014 17:10:08	38	77	0
Apr 15, 2014 17:10:09	37	77	0
Apr 15, 2014 17:10:10	48	75	0
Apr 15, 2014 17:10:11	29	56	0
Apr 15, 2014 17:10:12	34	56	0
Apr 15, 2014 17:10:13	43	44	0
Apr 15, 2014 17:10:14	40	37	0
Apr 15, 2014 17:10:15	56	48	0
Apr 15, 2014 17:10:16	63	50	0
Apr 15, 2014 17:10:17	44	40	0
Apr 15, 2014 17:10:18	38	41	0
Apr 15, 2014 17:10:20	47	50	0
Apr 15, 2014 17:10:21	41	41	0
Apr 15, 2014 17:10:22	57	60	0
Apr 15, 2014 17:10:23	56	67	0
Apr 15, 2014 17:10:24	41	47	0
Apr 15, 2014 17:10:25	44	44	0
Apr 15, 2014 17:10:26	50	43	0
Apr 15, 2014 17:10:27	50	43	0
Apr 15, 2014 17:10:28	54	44	0
Apr 15, 2014 17:10:29	53	47	0
Apr 15, 2014 17:10:30	48	38	0
Apr 15, 2014 17:10:31	43	41	0
Apr 15, 2014 17:10:32	43	43	0
Apr 15, 2014 17:10:33	53	43	0
Apr 15, 2014 17:10:34	51	37	0
Apr 15, 2014 17:10:35	56	30	0
Apr 15, 2014 17:10:36	75	35	0
Apr 15, 2014 17:10:37	70	35	0
Apr 15, 2014 17:10:38	80	48	0
Apr 15, 2014 17:10:39	83	51	0
Apr 15, 2014 17:10:40	78	61	0
Apr 15, 2014 17:10:41	74	67	0
Apr 15, 2014 17:10:42	61	56	0
Apr 15, 2014 17:10:43	51	54	0
Apr 15, 2014 17:10:44	38	48	0
Apr 15, 2014 17:10:45	35	43	0
Apr 15, 2014 17:10:46	35	43	0
Apr 15, 2014 17:10:47	35	56	0
Apr 15, 2014 17:10:48	43	57	0
Apr 15, 2014 17:10:49	56	63	0
Apr 15, 2014 17:10:51	60	44	0
Apr 15, 2014 17:10:52	70	51	0
Apr 15, 2014 17:10:53	74	48	0
Apr 15, 2014 17:10:54	60	38	0
Apr 15, 2014 17:10:55	63	40	0
Apr 15, 2014 17:10:56	50	26	0
Apr 15, 2014 17:10:57	53	35	0
Apr 15, 2014 17:10:58	57	51	0
Apr 15, 2014 17:10:59	40	43	0
Apr 15, 2014 17:11:00	56	38	0
Apr 15, 2014 17:11:01	50	24	0
Apr 15, 2014 17:11:02	63	37	0
Apr 15, 2014 17:11:03	48	30	0
Apr 15, 2014 17:11:04	41	47	0
Apr 15, 2014 17:11:05	47	57	0
Apr 15, 2014 17:11:06	47	66	0
Apr 15, 2014 17:11:07	41	51	0
Apr 15, 2014 17:11:08	50	50	0
Apr 15, 2014 17:11:09	50	40	0
Apr 15, 2014 17:11:10	48	35	0
Apr 15, 2014 17:11:11	47	60	0
Apr 15, 2014 17:11:12	43	60	0
Apr 15, 2014 17:11:13	38	56	0
Apr 15, 2014 17:11:14	37	47	0
Apr 15, 2014 17:11:15	43	41	0
Apr 15, 2014 17:11:16	38	43	0
Apr 15, 2014 17:11:17	48	51	0
Apr 15, 2014 17:11:18	48	61	0
Apr 15, 2014 17:11:19	51	69	0
Apr 15, 2014 17:11:20	54	75	0
Apr 15, 2014 17:11:22	44	70	0
Apr 15, 2014 17:11:23	56	67	0
Apr 15, 2014 17:11:24	51	57	0
Apr 15, 2014 17:11:25	43	47	0
Apr 15, 2014 17:11:26	56	41	0
Apr 15, 2014 17:11:27	34	30	0
Apr 15, 2014 17:11:28	43	34	0
Apr 15, 2014 17:11:29	43	37	0
Apr 15, 2014 17:11:30	56	44	0
Apr 15, 2014 17:11:31	57	43	0
Apr 15, 2014 17:11:32	64	41	0
Apr 15, 2014 17:11:33	54	35	0
Apr 15, 2014 17:11:34	51	35	0
Apr 15, 2014 17:11:35	50	44	0
Apr 15, 2014 17:11:36	47	50	0
Apr 15, 2014 17:11:37	48	57	0
Apr 15, 2014 17:11:38	50	61	0
Apr 15, 2014 17:11:39	41	56	0
Apr 15, 2014 17:11:40	34	50	0
Apr 15, 2014 17:11:41	35	29	0
Apr 15, 2014 17:11:42	35	21	0
Apr 15, 2014 17:11:43	48	21	0
Apr 15, 2014 17:11:44	60	34	0
Apr 15, 2014 17:11:45	61	56	0
Apr 15, 2014 17:11:46	54	67	0
Apr 15, 2014 17:11:47	54	66	0
Apr 15, 2014 17:11:48	56	56	0
Apr 15, 2014 17:11:49	57	51	0
Apr 15, 2014 17:11:50	70	53	0
Apr 15, 2014 17:11:51	66	56	0
Apr 15, 2014 17:11:52	51	51	0
Apr 15, 2014 17:11:54	47	51	0
Apr 15, 2014 17:11:55	48	38	0
Apr 15, 2014 17:11:56	61	41	0
Apr 15, 2014 17:11:57	60	54	0
Apr 15, 2014 17:11:58	44	56	0
Apr 15, 2014 17:11:59	48	54	0
Apr 15, 2014 17:12:00	43	47	0
Apr 15, 2014 17:12:01	48	24	0
Apr 15, 2014 17:12:02	63	30	0
Apr 15, 2014 17:12:03	50	41	0
Apr 15, 2014 17:12:04	51	51	0
Apr 15, 2014 17:12:05	54	66	0
Apr 15, 2014 17:12:06	50	66	0
Apr 15, 2014 17:12:07	67	67	0
Apr 15, 2014 17:12:08	75	69	0
Apr 15, 2014 17:12:09	61	70	0
Apr 15, 2014 17:12:10	60	81	0
Apr 15, 2014 17:12:11	54	83	0
Apr 15, 2014 17:12:12	47	64	0
Apr 15, 2014 17:12:13	51	67	0
Apr 15, 2014 17:12:14	44	56	0
Apr 15, 2014 17:12:15	40	38	0
Apr 15, 2014 17:12:16	37	54	0
Apr 15, 2014 17:12:17	38	54	0
Apr 15, 2014 17:12:18	51	60	0
Apr 15, 2014 17:12:19	47	78	0
Apr 15, 2014 17:12:20	47	70	0
Apr 15, 2014 17:12:21	26	53	0
Apr 15, 2014 17:12:22	29	29	0
Apr 15, 2014 17:12:23	43	41	0
Apr 15, 2014 17:12:25	57	51	0
Apr 15, 2014 17:12:26	57	67	0
Apr 15, 2014 17:12:27	53	81	0
Apr 15, 2014 17:12:28	34	75	0
Apr 15, 2014 17:12:29	37	83	0
Apr 15, 2014 17:12:30	37	84	0
Apr 15, 2014 17:12:31	35	84	0
Apr 15, 2014 17:12:32	51	83	0
Apr 15, 2014 17:12:33	67	77	0
Apr 15, 2014 17:12:34	70	67	0
Apr 15, 2014 17:12:35	69	53	0
Apr 15, 2014 17:12:36	67	56	0
Apr 15, 2014 17:12:37	56	61	0
Apr 15, 2014 17:12:38	67	56	0
Apr 15, 2014 17:12:39	90	60	0
Apr 15, 2014 17:12:40	83	63	0
Apr 15, 2014 17:12:41	80	64	0
Apr 15, 2014 17:12:42	67	70	0
Apr 15, 2014 17:12:43	51	75	0
Apr 15, 2014 17:12:44	57	69	0
Apr 15, 2014 17:12:45	57	54	0
Apr 15, 2014 17:12:46	60	44	0
Apr 15, 2014 17:12:47	61	48	0
Apr 15, 2014 17:12:48	57	51	0
Apr 15, 2014 17:12:49	54	63	0
Apr 15, 2014 17:12:50	60	69	0
Apr 15, 2014 17:12:51	63	63	0
Apr 15, 2014 17:12:52	67	48	0
Apr 15, 2014 17:12:53	66	54	0
Apr 15, 2014 17:12:54	57	44	0
Apr 15, 2014 17:12:56	56	60	0
Apr 15, 2014 17:12:57	53	80	0
Apr 15, 2014 17:12:58	48	88	0
Apr 15, 2014 17:12:59	51	91	0
Apr 15, 2014 17:13:00	43	88	0
Apr 15, 2014 17:13:01	51	66	0
Apr 15, 2014 17:13:02	53	69	0
Apr 15, 2014 17:13:03	56	64	0
Apr 15, 2014 17:13:04	61	64	0
Apr 15, 2014 17:13:05	50	74	0
Apr 15, 2014 17:13:06	50	74	0
Apr 15, 2014 17:13:07	41	64	0
Apr 15, 2014 17:13:08	43	61	0
Apr 15, 2014 17:13:09	53	67	0
Apr 15, 2014 17:13:10	50	60	0
Apr 15, 2014 17:13:11	54	48	0
Apr 15, 2014 17:13:12	53	48	0
Apr 15, 2014 17:13:13	44	50	0
Apr 15, 2014 17:13:14	54	51	0
Apr 15, 2014 17:13:15	53	67	0
Apr 15, 2014 17:13:16	66	67	0
Apr 15, 2014 17:13:17	43	67	0
Apr 15, 2014 17:13:18	27	54	0
Apr 15, 2014 17:13:19	17	50	0
Apr 15, 2014 17:13:20	40	60	0
Apr 15, 2014 17:13:21	54	64	0
Apr 15, 2014 17:13:22	77	69	0
Apr 15, 2014 17:13:23	91	70	0
Apr 15, 2014 17:13:24	94	67	0
Apr 15, 2014 17:13:25	94	67	0
Apr 15, 2014 17:13:27	100	53	0
Apr 15, 2014 17:13:28	93	64	0
Apr 15, 2014 17:13:29	93	63	0
Apr 15, 2014 17:13:30	81	53	0
Apr 15, 2014 17:13:31	66	74	0
Apr 15, 2014 17:13:32	75	66	0
Apr 15, 2014 17:13:33	78	64	0
Apr 15, 2014 17:13:34	90	74	0
Apr 15, 2014 17:13:35	87	43	0
Apr 15, 2014 17:13:36	74	37	0
Apr 15, 2014 17:13:37	57	29	0
Apr 15, 2014 17:13:38	57	38	0
Apr 15, 2014 17:13:39	51	56	0
Apr 15, 2014 17:13:40	50	56	0
Apr 15, 2014 17:13:41	50	63	0
Apr 15, 2014 17:13:42	40	51	0
Apr 15, 2014 17:13:43	50	64	0
Apr 15, 2014 17:13:44	53	61	0
Apr 15, 2014 17:13:45	56	75	0
Apr 15, 2014 17:13:46	54	66	0
Apr 15, 2014 17:13:47	38	78	0
Apr 15, 2014 17:13:48	23	67	0
Apr 15, 2014 17:13:49	38	64	0
Apr 15, 2014 17:13:50	50	66	0
Apr 15, 2014 17:13:51	64	66	0
Apr 15, 2014 17:13:52	80	74	0
Apr 15, 2014 17:13:53	67	53	0
Apr 15, 2014 17:13:54	61	56	0
Apr 15, 2014 17:13:55	60	60	0
Apr 15, 2014 17:13:56	63	63	0
Apr 15, 2014 17:13:58	63	70	0
Apr 15, 2014 17:13:59	48	63	0
Apr 15, 2014 17:14:00	38	63	0
Apr 15, 2014 17:14:01	37	66	0
Apr 15, 2014 17:14:02	24	56	0
Apr 15, 2014 17:14:03	38	60	0
Apr 15, 2014 17:14:04	40	44	0
Apr 15, 2014 17:14:05	35	48	0
Apr 15, 2014 17:14:06	53	67	0
Apr 15, 2014 17:14:07	50	74	0
Apr 15, 2014 17:14:08	47	81	0
Apr 15, 2014 17:14:09	50	66	0
Apr 15, 2014 17:14:10	44	67	0
Apr 15, 2014 17:14:11	43	63	0
Apr 15, 2014 17:14:12	64	66	0
Apr 15, 2014 17:14:13	74	63	0
Apr 15, 2014 17:14:14	63	74	0
Apr 15, 2014 17:14:15	53	84	0
Apr 15, 2014 17:14:16	53	91	0
Apr 15, 2014 17:14:17	50	91	0
Apr 15, 2014 17:14:18	67	80	0
Apr 15, 2014 17:14:19	80	64	0
Apr 15, 2014 17:14:20	70	66	0
Apr 15, 2014 17:14:21	66	64	0
Apr 15, 2014 17:14:22	51	74	0
Apr 15, 2014 17:14:23	48	67	0
Apr 15, 2014 17:14:24	50	60	0
Apr 15, 2014 17:14:25	48	70	0
Apr 15, 2014 17:14:26	50	63	0
Apr 15, 2014 17:14:27	50	70	0
Apr 15, 2014 17:14:29	44	83	0
Apr 15, 2014 17:14:30	44	83	0
Apr 15, 2014 17:14:31	54	87	0
Apr 15, 2014 17:14:32	56	80	0
Apr 15, 2014 17:14:33	54	70	0
Apr 15, 2014 17:14:34	51	57	0
Apr 15, 2014 17:14:35	51	53	0
Apr 15, 2014 17:14:36	56	54	0
Apr 15, 2014 17:14:37	63	61	0
Apr 15, 2014 17:14:38	50	66	0
Apr 15, 2014 17:14:39	48	70	0
Apr 15, 2014 17:14:40	34	63	0
Apr 15, 2014 17:14:41	44	53	0
Apr 15, 2014 17:14:42	44	54	0
Apr 15, 2014 17:14:43	60	51	0
Apr 15, 2014 17:14:44	67	63	0
Apr 15, 2014 17:14:45	74	75	0
Apr 15, 2014 17:14:46	75	77	0
Apr 15, 2014 17:14:47	67	67	0
Apr 15, 2014 17:14:48	61	51	0
Apr 15, 2014 17:14:49	51	38	0
Apr 15, 2014 17:14:50	40	24	0
Apr 15, 2014 17:14:51	40	34	0
Apr 15, 2014 17:14:52	41	41	0
Apr 15, 2014 17:14:53	41	64	0
Apr 15, 2014 17:14:54	47	78	0
Apr 15, 2014 17:14:55	35	67	0
Apr 15, 2014 17:14:56	43	74	0
Apr 15, 2014 17:14:57	44	63	0
Apr 15, 2014 17:14:58	50	57	0
Apr 15, 2014 17:14:59	40	56	0
Apr 15, 2014 17:15:01	23	47	0
Apr 15, 2014 17:15:02	34	40	0
Apr 15, 2014 17:15:03	11	30	0
Apr 15, 2014 17:15:04	29	43	0
Apr 15, 2014 17:15:05	37	51	0
Apr 15, 2014 17:15:06	38	60	0
Apr 15, 2014 17:15:07	48	70	0
Apr 15, 2014 17:15:08	47	77	0
Apr 15, 2014 17:15:09	29	77	0
Apr 15, 2014 17:15:10	38	70	0
Apr 15, 2014 17:15:11	30	66	0
Apr 15, 2014 17:15:12	17	60	0
Apr 15, 2014 17:15:13	26	53	0
Apr 15, 2014 17:15:14	10	63	0
Apr 15, 2014 17:15:15	10	67	0
Apr 15, 2014 17:15:16	27	70	0
Apr 15, 2014 17:15:17	27	78	0
Apr 15, 2014 17:15:18	41	63	0
Apr 15, 2014 17:15:19	41	53	0
Apr 15, 2014 17:15:20	38	50	0
Apr 15, 2014 17:15:21	38	44	0
Apr 15, 2014 17:15:22	26	53	0
Apr 15, 2014 17:15:23	37	53	0
Apr 15, 2014 17:15:24	38	63	0
Apr 15, 2014 17:15:25	41	70	0
Apr 15, 2014 17:15:26	56	74	0
Apr 15, 2014 17:15:27	53	75	0
Apr 15, 2014 17:15:28	56	67	0
Apr 15, 2014 17:15:29	61	50	0
Apr 15, 2014 17:15:30	60	47	0
Apr 15, 2014 17:15:32	61	47	0
Apr 15, 2014 17:15:33	57	47	0
Apr 15, 2014 17:15:34	51	61	0
Apr 15, 2014 17:15:35	27	57	0
Apr 15, 2014 17:15:36	23	51	0
Apr 15, 2014 17:15:37	29	50	0
Apr 15, 2014 17:15:38	44	63	0
Apr 15, 2014 17:15:39	51	60	0
Apr 15, 2014 17:15:40	57	66	0
Apr 15, 2014 17:15:41	74	56	0
Apr 15, 2014 17:15:42	83	40	0
Apr 15, 2014 17:15:43	77	40	0
Apr 15, 2014 17:15:44	78	29	0
Apr 15, 2014 17:15:45	50	23	0
Apr 15, 2014 17:15:46	43	40	0
Apr 15, 2014 17:15:47	43	30	0
Apr 15, 2014 17:15:48	38	35	0
Apr 15, 2014 17:15:49	48	40	0
Apr 15, 2014 17:15:50	53	38	0
Apr 15, 2014 17:15:51	53	50	0
Apr 15, 2014 17:15:52	56	53	0
Apr 15, 2014 17:15:53	47	53	0
Apr 15, 2014 17:15:54	38	47	0
Apr 15, 2014 17:15:55	37	56	0
Apr 15, 2014 17:15:56	38	54	0
Apr 15, 2014 17:15:57	48	66	0
Apr 15, 2014 17:15:58	57	60	0
Apr 15, 2014 17:15:59	60	47	0
Apr 15, 2014 17:16:00	48	41	0
Apr 15, 2014 17:16:01	51	41	0
Apr 15, 2014 17:16:03	41	38	0
Apr 15, 2014 17:16:04	53	47	0
Apr 15, 2014 17:16:05	50	43	0
Apr 15, 2014 17:16:06	60	51	0
Apr 15, 2014 17:16:07	57	61	0
Apr 15, 2014 17:16:08	53	66	0
Apr 15, 2014 17:16:09	41	61	0
Apr 15, 2014 17:16:10	29	63	0
Apr 15, 2014 17:16:11	29	48	0
Apr 15, 2014 17:16:12	35	40	0
Apr 15, 2014 17:16:13	47	48	0
Apr 15, 2014 17:16:14	53	48	0
Apr 15, 2014 17:16:15	54	60	0
Apr 15, 2014 17:16:16	44	51	0
Apr 15, 2014 17:16:17	51	48	0
Apr 15, 2014 17:16:18	41	48	0
Apr 15, 2014 17:16:19	43	54	0
Apr 15, 2014 17:16:20	48	83	0
Apr 15, 2014 17:16:21	43	80	0
Apr 15, 2014 17:16:22	41	81	0
Apr 15, 2014 17:16:23	41	61	0
Apr 15, 2014 17:16:24	29	53	0
Apr 15, 2014 17:16:25	29	53	0
Apr 15, 2014 17:16:26	43	41	0
Apr 15, 2014 17:16:27	53	47	0
Apr 15, 2014 17:16:28	87	35	0
Apr 15, 2014 17:16:29	81	40	0
Apr 15, 2014 17:16:30	74	37	0
Apr 15, 2014 17:16:31	50	35	0
Apr 15, 2014 17:16:32	66	23	0
Apr 15, 2014 17:16:34	74	30	0
Apr 15, 2014 17:16:35	74	35	0
Apr 15, 2014 17:16:36	81	51	0
Apr 15, 2014 17:16:37	56	56	0
Apr 15, 2014 17:16:38	44	60	0
Apr 15, 2014 17:16:39	38	63	0
Apr 15, 2014 17:16:40	26	56	0
Apr 15, 2014 17:16:41	47	61	0
Apr 15, 2014 17:16:42	38	51	0
Apr 15, 2014 17:16:43	29	51	0
Apr 15, 2014 17:16:44	27	41	0
Apr 15, 2014 17:16:45	29	35	0
Apr 15, 2014 17:16:46	41	40	0
Apr 15, 2014 17:16:47	53	40	0
Apr 15, 2014 17:16:48	60	40	0
Apr 15, 2014 17:16:49	48	48	0
Apr 15, 2014 17:16:50	43	53	0
Apr 15, 2014 17:16:51	44	60	0
Apr 15, 2014 17:16:52	41	67	0
Apr 15, 2014 17:16:53	41	61	0
Apr 15, 2014 17:16:54	43	56	0
Apr 15, 2014 17:16:55	41	54	0
Apr 15, 2014 17:16:56	53	51	0
Apr 15, 2014 17:16:57	60	54	0
Apr 15, 2014 17:16:58	44	61	0
Apr 15, 2014 17:16:59	24	67	0
Apr 15, 2014 17:17:00	16	61	0
Apr 15, 2014 17:17:01	23	56	0
Apr 15, 2014 17:17:02	26	54	0
Apr 15, 2014 17:17:03	53	48	0
Apr 15, 2014 17:17:04	69	53	0
Apr 15, 2014 17:17:06	69	48	0
Apr 15, 2014 17:17:07	66	54	0
Apr 15, 2014 17:17:08	41	66	0
Apr 15, 2014 17:17:09	26	75	0
Apr 15, 2014 17:17:10	24	80	0
Apr 15, 2014 17:17:11	21	69	0
Apr 15, 2014 17:17:12	30	64	0
Apr 15, 2014 17:17:13	30	53	0
Apr 15, 2014 17:17:14	40	54	0
Apr 15, 2014 17:17:15	41	47	0
Apr 15, 2014 17:17:16	17	54	0
Apr 15, 2014 17:17:17	29	61	0
Apr 15, 2014 17:17:18	21	64	0
Apr 15, 2014 17:17:19	38	75	0
Apr 15, 2014 17:17:20	61	63	0
Apr 15, 2014 17:17:21	61	64	0
Apr 15, 2014 17:17:22	64	64	0
Apr 15, 2014 17:17:23	57	66	0
Apr 15, 2014 17:17:24	57	67	0
Apr 15, 2014 17:17:25	67	61	0
Apr 15, 2014 17:17:26	63	57	0
Apr 15, 2014 17:17:27	61	64	0
Apr 15, 2014 17:17:28	51	54	0
Apr 15, 2014 17:17:29	47	51	0
Apr 15, 2014 17:17:30	69	48	0
Apr 15, 2014 17:17:31	74	48	0
Apr 15, 2014 17:17:32	69	66	0
Apr 15, 2014 17:17:33	70	61	0
Apr 15, 2014 17:17:34	44	56	0
Apr 15, 2014 17:17:36	37	60	0
Apr 15, 2014 17:17:37	47	44	0
Apr 15, 2014 17:17:38	43	44	0
Apr 15, 2014 17:17:39	63	57	0
Apr 15, 2014 17:17:40	60	44	0
Apr 15, 2014 17:17:41	57	38	0
Apr 15, 2014 17:17:42	48	26	0
Apr 15, 2014 17:17:43	38	26	0
Apr 15, 2014 17:17:44	44	30	0
Apr 15, 2014 17:17:45	44	30	0
Apr 15, 2014 17:17:46	60	54	0
Apr 15, 2014 17:17:47	57	53	0
Apr 15, 2014 17:17:48	50	53	0
Apr 15, 2014 17:17:49	27	44	0
Apr 15, 2014 17:17:50	16	41	0
Apr 15, 2014 17:17:51	14	51	0
Apr 15, 2014 17:17:52	20	50	0
Apr 15, 2014 17:17:53	60	51	0
Apr 15, 2014 17:17:54	66	35	0
Apr 15, 2014 17:17:55	64	34	0
Apr 15, 2014 17:17:56	48	40	0
Apr 15, 2014 17:17:57	51	40	0
Apr 15, 2014 17:17:58	43	27	0
Apr 15, 2014 17:17:59	38	27	0
Apr 15, 2014 17:18:00	34	14	0
Apr 15, 2014 17:18:01	37	20	0
Apr 15, 2014 17:18:02	48	41	0
Apr 15, 2014 17:18:03	50	34	0
Apr 15, 2014 17:18:04	50	41	0
Apr 15, 2014 17:18:05	54	53	0
Apr 15, 2014 17:18:07	51	50	0
Apr 15, 2014 17:18:08	61	63	0
Apr 15, 2014 17:18:09	63	63	0
Apr 15, 2014 17:18:10	53	63	0
Apr 15, 2014 17:18:11	48	67	0
Apr 15, 2014 17:18:12	47	63	0
Apr 15, 2014 17:18:13	50	77	0
Apr 15, 2014 17:18:14	53	78	0
Apr 15, 2014 17:18:15	56	70	0
Apr 15, 2014 17:18:16	47	78	0
Apr 15, 2014 17:18:17	44	57	0
Apr 15, 2014 17:18:18	30	44	0
Apr 15, 2014 17:18:19	27	43	0
Apr 15, 2014 17:18:20	40	63	0
Apr 15, 2014 17:18:21	50	83	0
Apr 15, 2014 17:18:22	61	91	0
Apr 15, 2014 17:18:23	54	88	0
Apr 15, 2014 17:18:24	53	77	0
Apr 15, 2014 17:18:25	56	67	0
Apr 15, 2014 17:18:26	54	67	0
Apr 15, 2014 17:18:27	51	60	0
Apr 15, 2014 17:18:28	66	64	0
Apr 15, 2014 17:18:29	60	56	0
Apr 15, 2014 17:18:30	53	48	0
Apr 15, 2014 17:18:31	56	51	0
Apr 15, 2014 17:18:32	53	47	0
Apr 15, 2014 17:18:33	61	53	0
Apr 15, 2014 17:18:34	77	48	0
Apr 15, 2014 17:18:35	75	56	0
Apr 15, 2014 17:18:36	69	64	0
Apr 15, 2014 17:18:38	60	53	0
Apr 15, 2014 17:18:39	56	57	0
Apr 15, 2014 17:18:40	61	60	0
Apr 15, 2014 17:18:41	54	51	0
Apr 15, 2014 17:18:42	60	54	0
Apr 15, 2014 17:18:43	53	57	0
Apr 15, 2014 17:18:44	47	57	0
Apr 15, 2014 17:18:45	47	57	0
Apr 15, 2014 17:18:46	50	64	0
Apr 15, 2014 17:18:47	48	53	0
Apr 15, 2014 17:18:48	48	26	0
Apr 15, 2014 17:18:49	63	34	0
Apr 15, 2014 17:18:50	51	34	0
Apr 15, 2014 17:18:51	44	35	0
Apr 15, 2014 17:18:52	50	54	0
Apr 15, 2014 17:18:53	44	50	0
Apr 15, 2014 17:18:54	56	56	0
Apr 15, 2014 17:18:55	69	50	0
Apr 15, 2014 17:18:56	63	48	0
Apr 15, 2014 17:18:57	53	50	0
Apr 15, 2014 17:18:58	44	47	0
Apr 15, 2014 17:18:59	27	48	0
Apr 15, 2014 17:19:00	30	54	0
Apr 15, 2014 17:19:01	57	44	0
Apr 15, 2014 17:19:02	70	51	0
Apr 15, 2014 17:19:03	74	48	0
Apr 15, 2014 17:19:04	66	44	0
Apr 15, 2014 17:19:05	48	57	0
Apr 15, 2014 17:19:06	35	63	0
Apr 15, 2014 17:19:07	37	66	0
Apr 15, 2014 17:19:08	53	57	0
Apr 15, 2014 17:19:10	61	48	0
Apr 15, 2014 17:19:11	57	48	0
Apr 15, 2014 17:19:12	60	53	0
Apr 15, 2014 17:19:13	41	48	0
Apr 15, 2014 17:19:14	34	57	0
Apr 15, 2014 17:19:15	26	35	0
Apr 15, 2014 17:19:16	30	41	0
Apr 15, 2014 17:19:17	35	29	0
Apr 15, 2014 17:19:18	37	38	0
Apr 15, 2014 17:19:19	40	56	0
Apr 15, 2014 17:19:20	48	67	0
Apr 15, 2014 17:19:21	50	70	0
Apr 15, 2014 17:19:22	54	60	0
Apr 15, 2014 17:19:23	67	54	0
Apr 15, 2014 17:19:24	51	47	0
Apr 15, 2014 17:19:25	51	57	0
Apr 15, 2014 17:19:26	48	57	0
Apr 15, 2014 17:19:27	44	63	0
Apr 15, 2014 17:19:28	50	54	0
Apr 15, 2014 17:19:29	48	57	0
Apr 15, 2014 17:19:30	60	64	0
Apr 15, 2014 17:19:31	50	69	0
Apr 15, 2014 17:19:32	63	81	0
Apr 15, 2014 17:19:33	51	60	0
Apr 15, 2014 17:19:34	53	54	0
Apr 15, 2014 17:19:35	63	44	0
Apr 15, 2014 17:19:36	60	38	0
Apr 15, 2014 17:19:37	74	43	0
Apr 15, 2014 17:19:38	61	48	0
Apr 15, 2014 17:19:40	47	56	0
Apr 15, 2014 17:19:41	37	54	0
Apr 15, 2014 17:19:42	30	74	0
Apr 15, 2014 17:19:43	35	57	0
Apr 15, 2014 17:19:44	40	70	0
Apr 15, 2014 17:19:45	48	60	0
Apr 15, 2014 17:19:46	53	66	0
Apr 15, 2014 17:19:47	56	67	0
Apr 15, 2014 17:19:48	56	47	0
Apr 15, 2014 17:19:49	48	50	0
Apr 15, 2014 17:19:50	44	50	0
Apr 15, 2014 17:19:51	43	60	0
Apr 15, 2014 17:19:52	41	64	0
Apr 15, 2014 17:19:53	41	51	0
Apr 15, 2014 17:19:54	34	37	0
Apr 15, 2014 17:19:55	47	26	0
Apr 15, 2014 17:19:56	56	23	0
Apr 15, 2014 17:19:57	66	27	0
Apr 15, 2014 17:19:58	78	47	0
Apr 15, 2014 17:19:59	70	51	0
Apr 15, 2014 17:20:00	63	63	0
Apr 15, 2014 17:20:01	50	61	0
Apr 15, 2014 17:20:02	44	44	0
Apr 15, 2014 17:20:03	41	43	0
Apr 15, 2014 17:20:04	41	43	0
Apr 15, 2014 17:20:05	50	44	0
Apr 15, 2014 17:20:06	51	54	0
Apr 15, 2014 17:20:07	60	40	0
Apr 15, 2014 17:20:08	61	37	0
Apr 15, 2014 17:20:09	77	47	0
Apr 15, 2014 17:20:11	81	60	0
Apr 15, 2014 17:20:12	87	53	0
Apr 15, 2014 17:20:13	75	54	0
Apr 15, 2014 17:20:14	87	53	0
Apr 15, 2014 17:20:15	87	44	0
Apr 15, 2014 17:20:16	91	43	0
Apr 15, 2014 17:20:17	80	54	0
Apr 15, 2014 17:20:18	80	50	0
Apr 15, 2014 17:20:19	70	57	0
Apr 15, 2014 17:20:20	60	66	0
Apr 15, 2014 17:20:21	61	57	0
Apr 15, 2014 17:20:22	56	64	0
Apr 15, 2014 17:20:23	54	64	0
Apr 15, 2014 17:20:24	48	74	0
Apr 15, 2014 17:20:25	41	83	0
Apr 15, 2014 17:20:26	48	81	0
Apr 15, 2014 17:20:27	53	83	0
Apr 15, 2014 17:20:28	61	77	0
Apr 15, 2014 17:20:29	83	70	0
Apr 15, 2014 17:20:30	70	75	0
Apr 15, 2014 17:20:31	64	67	0
Apr 15, 2014 17:20:32	51	69	0
Apr 15, 2014 17:20:33	26	51	0
Apr 15, 2014 17:20:34	23	37	0
Apr 15, 2014 17:20:35	48	27	0
Apr 15, 2014 17:20:36	63	43	0
Apr 15, 2014 17:20:37	70	60	0
Apr 15, 2014 17:20:38	61	74	0
Apr 15, 2014 17:20:40	60	69	0
Apr 15, 2014 17:20:41	61	64	0
Apr 15, 2014 17:20:42	63	60	0
Apr 15, 2014 17:20:43	64	64	0
Apr 15, 2014 17:20:44	54	78	0
Apr 15, 2014 17:20:45	51	78	0
Apr 15, 2014 17:20:46	47	91	0
Apr 15, 2014 17:20:47	48	78	0
Apr 15, 2014 17:20:48	54	63	0
Apr 15, 2014 17:20:49	47	63	0
Apr 15, 2014 17:20:50	48	50	0
Apr 15, 2014 17:20:51	47	43	0
Apr 15, 2014 17:20:52	43	54	0
Apr 15, 2014 17:20:53	48	64	0
Apr 15, 2014 17:20:54	56	69	0
Apr 15, 2014 17:20:55	63	78	0
Apr 15, 2014 17:20:56	63	77	0
Apr 15, 2014 17:20:57	61	75	0
Apr 15, 2014 17:20:58	57	66	0
Apr 15, 2014 17:20:59	53	70	0
Apr 15, 2014 17:21:00	54	66	0
Apr 15, 2014 17:21:01	29	44	0
Apr 15, 2014 17:21:02	30	43	0
Apr 15, 2014 17:21:03	24	51	0
Apr 15, 2014 17:21:04	37	56	0
Apr 15, 2014 17:21:05	51	75	0
Apr 15, 2014 17:21:06	48	69	0
Apr 15, 2014 17:21:07	53	57	0
Apr 15, 2014 17:21:08	56	64	0
Apr 15, 2014 17:21:10	54	61	0
Apr 15, 2014 17:21:11	61	61	0
Apr 15, 2014 17:21:12	61	64	0
Apr 15, 2014 17:21:13	56	60	0
Apr 15, 2014 17:21:14	51	50	0
Apr 15, 2014 17:21:15	35	63	0
Apr 15, 2014 17:21:16	30	69	0
Apr 15, 2014 17:21:17	30	63	0
Apr 15, 2014 17:21:18	30	78	0
Apr 15, 2014 17:21:19	41	69	0
Apr 15, 2014 17:21:20	50	66	0
Apr 15, 2014 17:21:21	47	64	0
Apr 15, 2014 17:21:22	63	54	0
Apr 15, 2014 17:21:23	77	41	0
Apr 15, 2014 17:21:24	77	43	0
Apr 15, 2014 17:21:25	87	56	0
Apr 15, 2014 17:21:26	70	74	0
Apr 15, 2014 17:21:27	44	67	0
Apr 15, 2014 17:21:28	40	67	0
Apr 15, 2014 17:21:29	43	61	0
Apr 15, 2014 17:21:30	51	57	0
Apr 15, 2014 17:21:31	63	56	0
Apr 15, 2014 17:21:32	54	57	0
Apr 15, 2014 17:21:33	54	48	0
Apr 15, 2014 17:21:34	38	44	0
Apr 15, 2014 17:21:35	29	48	0
Apr 15, 2014 17:21:36	43	48	0
Apr 15, 2014 17:21:38	37	56	0
Apr 15, 2014 17:21:39	50	60	0
Apr 15, 2014 17:21:40	56	54	0
Apr 15, 2014 17:21:41	54	56	0
Apr 15, 2014 17:21:42	63	51	0
Apr 15, 2014 17:21:43	61	56	0
Apr 15, 2014 17:21:44	54	81	0
Apr 15, 2014 17:21:45	43	83	0
Apr 15, 2014 17:21:46	29	96	0
Apr 15, 2014 17:21:47	23	100	0
Apr 15, 2014 17:21:48	26	84	0
Apr 15, 2014 17:21:49	35	88	0
Apr 15, 2014 17:21:50	47	75	0
Apr 15, 2014 17:21:51	56	81	0
Apr 15, 2014 17:21:52	63	87	0
Apr 15, 2014 17:21:53	60	80	0
Apr 15, 2014 17:21:54	54	83	0
Apr 15, 2014 17:21:55	56	66	0
Apr 15, 2014 17:21:56	57	70	0
Apr 15, 2014 17:21:57	48	69	0
Apr 15, 2014 17:21:58	50	67	0
Apr 15, 2014 17:21:59	34	70	0
Apr 15, 2014 17:22:00	35	77	0
Apr 15, 2014 17:22:01	43	81	0
Apr 15, 2014 17:22:02	34	77	0
Apr 15, 2014 17:22:03	44	80	0
Apr 15, 2014 17:22:04	38	84	0
Apr 15, 2014 17:22:05	37	77	0
Apr 15, 2014 17:22:07	29	81	0
Apr 15, 2014 17:22:08	26	84	0
Apr 15, 2014 17:22:09	17	67	0
Apr 15, 2014 17:22:10	8	61	0
Apr 15, 2014 17:22:11	20	54	0
Apr 15, 2014 17:22:12	29	56	0
Apr 15, 2014 17:22:13	40	66	0
Apr 15, 2014 17:22:14	50	74	0
Apr 15, 2014 17:22:15	50	66	0
Apr 15, 2014 17:22:16	53	67	0
Apr 15, 2014 17:22:17	51	75	0
Apr 15, 2014 17:22:18	66	77	0
Apr 15, 2014 17:22:19	51	75	0
Apr 15, 2014 17:22:20	56	70	0
Apr 15, 2014 17:22:21	43	64	0
Apr 15, 2014 17:22:22	50	67	0
Apr 15, 2014 17:22:23	64	66	0
Apr 15, 2014 17:22:24	74	56	0
Apr 15, 2014 17:22:25	83	56	0
Apr 15, 2014 17:22:26	80	60	0
Apr 15, 2014 17:22:27	67	44	0
Apr 15, 2014 17:22:28	70	38	0
Apr 15, 2014 17:22:29	70	40	0
Apr 15, 2014 17:22:30	81	27	0
Apr 15, 2014 17:22:31	90	50	0
Apr 15, 2014 17:22:32	78	57	0
Apr 15, 2014 17:22:33	77	63	0
Apr 15, 2014 17:22:34	60	61	0
Apr 15, 2014 17:22:35	64	60	0
Apr 15, 2014 17:22:36	80	54	0
Apr 15, 2014 17:22:38	81	53	0
Apr 15, 2014 17:22:39	80	56	0
Apr 15, 2014 17:22:40	66	50	0
Apr 15, 2014 17:22:41	44	56	0
Apr 15, 2014 17:22:42	30	53	0
Apr 15, 2014 17:22:43	47	50	0
Apr 15, 2014 17:22:44	60	56	0
Apr 15, 2014 17:22:45	60	57	0
Apr 15, 2014 17:22:46	63	67	0
Apr 15, 2014 17:22:47	53	75	0
Apr 15, 2014 17:22:48	38	63	26
Apr 15, 2014 17:22:49	37	53	0
Apr 15, 2014 17:22:50	26	44	0
Apr 15, 2014 17:22:51	30	41	0
Apr 15, 2014 17:22:52	38	50	0
Apr 15, 2014 17:22:53	43	60	0
Apr 15, 2014 17:22:54	57	53	0
Apr 15, 2014 17:22:55	54	53	0
Apr 15, 2014 17:22:56	51	40	0
Apr 15, 2014 17:22:57	54	38	0
Apr 15, 2014 17:22:58	50	50	0
Apr 15, 2014 17:22:59	50	44	0
Apr 15, 2014 17:23:00	63	54	0
Apr 15, 2014 17:23:01	63	60	0
Apr 15, 2014 17:23:02	61	66	0
Apr 15, 2014 17:23:03	64	70	0
Apr 15, 2014 17:23:04	66	70	0
Apr 15, 2014 17:23:05	67	57	0
Apr 15, 2014 17:23:06	81	51	0
Apr 15, 2014 17:23:07	90	48	0
Apr 15, 2014 17:23:08	84	50	0
Apr 15, 2014 17:23:10	80	57	0
Apr 15, 2014 17:23:11	67	43	0
Apr 15, 2014 17:23:12	54	50	0
Apr 15, 2014 17:23:13	60	53	0
Apr 15, 2014 17:23:14	66	53	0
Apr 15, 2014 17:23:15	56	66	0
Apr 15, 2014 17:23:16	60	64	0
Apr 15, 2014 17:23:17	54	70	0
Apr 15, 2014 17:23:18	70	66	0
Apr 15, 2014 17:23:19	83	63	0
Apr 15, 2014 17:23:20	67	66	0
Apr 15, 2014 17:23:21	69	56	0
Apr 15, 2014 17:23:22	74	60	0
Apr 15, 2014 17:23:23	61	61	0
Apr 15, 2014 17:23:24	77	35	0
Apr 15, 2014 17:23:25	74	44	0
Apr 15, 2014 17:23:26	56	37	0
Apr 15, 2014 17:23:27	48	43	0
Apr 15, 2014 17:23:28	35	54	0
Apr 15, 2014 17:23:29	35	50	0
Apr 15, 2014 17:23:30	48	57	0
Apr 15, 2014 17:23:31	63	60	0
Apr 15, 2014 17:23:32	80	57	0
Apr 15, 2014 17:23:33	80	50	0
Apr 15, 2014 17:23:34	83	60	0
Apr 15, 2014 17:23:35	88	56	0
Apr 15, 2014 17:23:36	83	64	0
Apr 15, 2014 17:23:37	83	60	0
Apr 15, 2014 17:23:38	77	50	0
Apr 15, 2014 17:23:39	77	50	0
Apr 15, 2014 17:23:40	75	41	0
Apr 15, 2014 17:23:42	81	43	0
Apr 15, 2014 17:23:43	84	43	0
Apr 15, 2014 17:23:44	77	37	0
Apr 15, 2014 17:23:45	74	27	0
Apr 15, 2014 17:23:46	75	24	0
Apr 15, 2014 17:23:47	69	20	0
Apr 15, 2014 17:23:48	60	30	0
Apr 15, 2014 17:23:49	66	50	0
Apr 15, 2014 17:23:50	63	57	0
Apr 15, 2014 17:23:51	78	69	0
Apr 15, 2014 17:23:52	81	69	0
Apr 15, 2014 17:23:53	64	63	0
Apr 15, 2014 17:23:54	67	61	0
Apr 15, 2014 17:23:55	48	50	0
Apr 15, 2014 17:23:56	53	44	0
Apr 15, 2014 17:23:57	53	40	0
Apr 15, 2014 17:23:58	51	47	0
Apr 15, 2014 17:23:59	67	48	0
Apr 15, 2014 17:24:00	64	56	0
Apr 15, 2014 17:24:01	70	70	0
Apr 15, 2014 17:24:02	70	69	0
Apr 15, 2014 17:24:03	57	78	0
Apr 15, 2014 17:24:04	54	57	0
Apr 15, 2014 17:24:05	54	57	0
Apr 15, 2014 17:24:06	43	53	0
Apr 15, 2014 17:24:07	54	51	0
Apr 15, 2014 17:24:08	67	60	0
Apr 15, 2014 17:24:09	70	50	0
Apr 15, 2014 17:24:10	78	53	0
Apr 15, 2014 17:24:11	56	56	0
Apr 15, 2014 17:24:13	63	69	0
Apr 15, 2014 17:24:14	63	50	0
Apr 15, 2014 17:24:15	53	47	0
Apr 15, 2014 17:24:16	60	35	0
Apr 15, 2014 17:24:17	51	30	0
Apr 15, 2014 17:24:18	50	51	0
Apr 15, 2014 17:24:19	69	43	0
Apr 15, 2014 17:24:20	75	54	0
Apr 15, 2014 17:24:21	80	40	0
Apr 15, 2014 17:24:22	81	23	0
Apr 15, 2014 17:24:23	64	43	0
Apr 15, 2014 17:24:24	61	37	0
Apr 15, 2014 17:24:25	57	43	0
Apr 15, 2014 17:24:26	61	48	0
Apr 15, 2014 17:24:27	64	47	0
Apr 15, 2014 17:24:28	84	50	0
Apr 15, 2014 17:24:29	91	50	0
Apr 15, 2014 17:24:30	81	51	0
Apr 15, 2014 17:24:31	77	53	0
Apr 15, 2014 17:24:32	56	53	0
Apr 15, 2014 17:24:33	54	56	0
Apr 15, 2014 17:24:34	66	69	0
Apr 15, 2014 17:24:35	74	61	0
Apr 15, 2014 17:24:36	80	81	0
Apr 15, 2014 17:24:37	80	78	0
Apr 15, 2014 17:24:38	81	69	0
Apr 15, 2014 17:24:39	78	44	0
Apr 15, 2014 17:24:40	67	41	0
Apr 15, 2014 17:24:41	61	23	0
Apr 15, 2014 17:24:42	53	17	0
Apr 15, 2014 17:24:43	70	30	0
Apr 15, 2014 17:24:45	87	23	0
Apr 15, 2014 17:24:46	90	38	0
Apr 15, 2014 17:24:47	91	40	0
Apr 15, 2014 17:24:48	75	41	0
Apr 15, 2014 17:24:49	63	53	0
Apr 15, 2014 17:24:50	63	50	0
Apr 15, 2014 17:24:51	53	53	0
Apr 15, 2014 17:24:52	51	29	0
Apr 15, 2014 17:24:53	48	37	0
Apr 15, 2014 17:24:54	41	34	0
Apr 15, 2014 17:24:55	61	43	0
Apr 15, 2014 17:24:56	75	53	0
Apr 15, 2014 17:24:57	87	53	0
Apr 15, 2014 17:24:58	100	60	0
Apr 15, 2014 17:24:59	97	54	0
Apr 15, 2014 17:25:00	84	53	0
Apr 15, 2014 17:25:01	80	38	0
Apr 15, 2014 17:25:02	64	35	0
Apr 15, 2014 17:25:03	56	37	0
Apr 15, 2014 17:25:04	60	43	0
Apr 15, 2014 17:25:05	57	51	0
Apr 15, 2014 17:25:06	51	54	0
Apr 15, 2014 17:25:07	44	40	0
Apr 15, 2014 17:25:08	27	44	0
Apr 15, 2014 17:25:09	29	47	0
Apr 15, 2014 17:25:10	41	43	0
Apr 15, 2014 17:25:11	48	56	0
Apr 15, 2014 17:25:12	54	61	0
Apr 15, 2014 17:25:14	56	56	0
Apr 15, 2014 17:25:15	56	60	0
Apr 15, 2014 17:25:16	41	47	0
Apr 15, 2014 17:25:17	40	47	0
Apr 15, 2014 17:25:18	44	54	0
Apr 15, 2014 17:25:19	43	53	0
Apr 15, 2014 17:25:20	61	67	0
Apr 15, 2014 17:25:21	48	44	0
Apr 15, 2014 17:25:22	50	44	0
Apr 15, 2014 17:25:23	51	43	0
Apr 15, 2014 17:25:24	44	34	0
Apr 15, 2014 17:25:25	60	44	0
Apr 15, 2014 17:25:26	50	40	0
Apr 15, 2014 17:25:27	48	40	0
Apr 15, 2014 17:25:28	63	51	0
Apr 15, 2014 17:25:29	66	48	0
Apr 15, 2014 17:25:30	64	44	0
Apr 15, 2014 17:25:31	60	38	0
Apr 15, 2014 17:25:32	57	44	0
Apr 15, 2014 17:25:33	67	51	0
Apr 15, 2014 17:25:34	47	53	0
Apr 15, 2014 17:25:35	53	54	0
Apr 15, 2014 17:25:36	38	47	0
Apr 15, 2014 17:25:37	34	38	0
Apr 15, 2014 17:25:38	50	44	0
Apr 15, 2014 17:25:39	43	44	0
Apr 15, 2014 17:25:40	63	50	0
Apr 15, 2014 17:25:41	64	56	0
Apr 15, 2014 17:25:42	56	60	0
Apr 15, 2014 17:25:44	61	60	0
Apr 15, 2014 17:25:45	54	64	0
Apr 15, 2014 17:25:46	56	75	0
Apr 15, 2014 17:25:47	56	75	0
Apr 15, 2014 17:25:48	57	74	0
Apr 15, 2014 17:25:49	48	53	0
Apr 15, 2014 17:25:50	56	43	0
Apr 15, 2014 17:25:51	51	43	0
Apr 15, 2014 17:25:52	69	40	0
Apr 15, 2014 17:25:53	70	57	0
Apr 15, 2014 17:25:54	60	66	0
Apr 15, 2014 17:25:55	70	60	0
Apr 15, 2014 17:25:56	66	67	0
Apr 15, 2014 17:25:57	63	57	0
Apr 15, 2014 17:25:58	78	63	0
Apr 15, 2014 17:25:59	60	50	0
Apr 15, 2014 17:26:00	67	57	0
Apr 15, 2014 17:26:01	61	54	0
Apr 15, 2014 17:26:02	48	37	0
Apr 15, 2014 17:26:03	48	38	0
Apr 15, 2014 17:26:04	47	37	0
Apr 15, 2014 17:26:05	40	27	0
Apr 15, 2014 17:26:06	47	43	0
Apr 15, 2014 17:26:07	44	47	0
Apr 15, 2014 17:26:08	51	51	0
Apr 15, 2014 17:26:09	60	60	0
Apr 15, 2014 17:26:10	57	64	0
Apr 15, 2014 17:26:11	66	69	0
Apr 15, 2014 17:26:12	66	66	0
Apr 15, 2014 17:26:14	63	63	0
Apr 15, 2014 17:26:15	60	43	0
Apr 15, 2014 17:26:16	80	35	0
Apr 15, 2014 17:26:17	74	38	0
Apr 15, 2014 17:26:18	74	43	0
Apr 15, 2014 17:26:19	75	57	0
Apr 15, 2014 17:26:20	53	63	0
Apr 15, 2014 17:26:21	54	51	0
Apr 15, 2014 17:26:22	44	53	0
Apr 15, 2014 17:26:23	44	53	0
Apr 15, 2014 17:26:24	16	44	0
Apr 15, 2014 17:26:25	11	57	0
Apr 15, 2014 17:26:26	26	48	0
Apr 15, 2014 17:26:27	23	37	0
Apr 15, 2014 17:26:28	23	24	0
Apr 15, 2014 17:26:29	34	24	0
Apr 15, 2014 17:26:30	30	26	0
Apr 15, 2014 17:26:31	41	27	0
Apr 15, 2014 17:26:32	50	35	0
Apr 15, 2014 17:26:33	34	26	0
Apr 15, 2014 17:26:34	35	48	0
Apr 15, 2014 17:26:35	53	57	0
Apr 15, 2014 17:26:36	43	40	0
Apr 15, 2014 17:26:37	56	40	0
Apr 15, 2014 17:26:38	69	34	0
Apr 15, 2014 17:26:39	67	27	0
Apr 15, 2014 17:26:40	80	44	0
Apr 15, 2014 17:26:41	77	44	0
Apr 15, 2014 17:26:42	67	35	0
Apr 15, 2014 17:26:43	57	24	0
Apr 15, 2014 17:26:44	64	24	0
Apr 15, 2014 17:26:46	67	16	0
Apr 15, 2014 17:26:47	77	23	0
Apr 15, 2014 17:26:48	87	35	0
Apr 15, 2014 17:26:49	75	30	0
Apr 15, 2014 17:26:50	70	50	0
Apr 15, 2014 17:26:51	61	50	0
Apr 15, 2014 17:26:52	53	56	0
Apr 15, 2014 17:26:53	77	35	0
Apr 15, 2014 17:26:54	74	16	0
Apr 15, 2014 17:26:55	70	1	0
Apr 15, 2014 17:26:56	47	1	0
Apr 15, 2014 17:26:57	30	1	0
Apr 15, 2014 17:26:58	41	11	0
Apr 15, 2014 17:26:59	34	23	0
Apr 15, 2014 17:27:00	40	43	0
Apr 15, 2014 17:27:01	44	43	0
Apr 15, 2014 17:27:02	37	53	0
Apr 15, 2014 17:27:03	38	57	0
Apr 15, 2014 17:27:04	47	54	0
Apr 15, 2014 17:27:05	50	56	0
Apr 15, 2014 17:27:06	51	50	0
Apr 15, 2014 17:27:07	53	51	0
Apr 15, 2014 17:27:08	57	48	0
Apr 15, 2014 17:27:09	50	40	0
Apr 15, 2014 17:27:10	56	38	0
Apr 15, 2014 17:27:11	53	43	0
Apr 15, 2014 17:27:12	47	56	0
Apr 15, 2014 17:27:13	43	53	0
Apr 15, 2014 17:27:14	30	54	0
Apr 15, 2014 17:27:15	44	43	0
Apr 15, 2014 17:27:16	54	41	0
Apr 15, 2014 17:27:18	54	51	0
Apr 15, 2014 17:27:19	57	54	0
Apr 15, 2014 17:27:20	44	48	0
Apr 15, 2014 17:27:21	29	34	0
Apr 15, 2014 17:27:22	44	29	0
Apr 15, 2014 17:27:23	48	26	0
Apr 15, 2014 17:27:24	57	34	0
Apr 15, 2014 17:27:25	61	30	0
Apr 15, 2014 17:27:26	74	30	0
Apr 15, 2014 17:27:27	69	51	0
Apr 15, 2014 17:27:28	61	61	0
Apr 15, 2014 17:27:29	50	64	0
Apr 15, 2014 17:27:30	29	70	0
Apr 15, 2014 17:27:31	38	64	0
Apr 15, 2014 17:27:32	37	66	0
Apr 15, 2014 17:27:33	44	67	0
Apr 15, 2014 17:27:34	54	54	0
Apr 15, 2014 17:27:35	48	54	0
Apr 15, 2014 17:27:36	51	40	0
Apr 15, 2014 17:27:37	41	43	0
Apr 15, 2014 17:27:38	51	48	0
Apr 15, 2014 17:27:39	51	41	0
Apr 15, 2014 17:27:40	41	38	0
Apr 15, 2014 17:27:41	50	20	0
Apr 15, 2014 17:27:42	27	13	0
Apr 15, 2014 17:27:43	43	17	0
Apr 15, 2014 17:27:44	54	34	0
Apr 15, 2014 17:27:45	57	44	0
Apr 15, 2014 17:27:47	48	54	0
Apr 15, 2014 17:27:48	50	57	0
Apr 15, 2014 17:27:49	44	43	0
Apr 15, 2014 17:27:50	48	50	0
Apr 15, 2014 17:27:51	38	38	0
Apr 15, 2014 17:27:52	30	40	0
Apr 15, 2014 17:27:53	23	51	0
Apr 15, 2014 17:27:54	21	43	0
Apr 15, 2014 17:27:55	38	50	0
Apr 15, 2014 17:27:56	50	38	0
Apr 15, 2014 17:27:57	66	48	0
Apr 15, 2014 17:27:58	80	53	0
Apr 15, 2014 17:27:59	70	48	0
Apr 15, 2014 17:28:00	63	43	0
Apr 15, 2014 17:28:01	67	40	0
Apr 15, 2014 17:28:02	60	27	0
Apr 15, 2014 17:28:03	54	40	0
Apr 15, 2014 17:28:04	61	47	0
Apr 15, 2014 17:28:05	43	26	0
Apr 15, 2014 17:28:06	41	35	0
Apr 15, 2014 17:28:07	44	20	0
Apr 15, 2014 17:28:08	27	21	0
Apr 15, 2014 17:28:09	43	47	0
Apr 15, 2014 17:28:10	48	51	0
Apr 15, 2014 17:28:11	38	64	0
Apr 15, 2014 17:28:12	54	67	0
Apr 15, 2014 17:28:13	40	50	0
Apr 15, 2014 17:28:14	50	38	0
Apr 15, 2014 17:28:15	41	30	0
Apr 15, 2014 17:28:16	48	34	0
Apr 15, 2014 17:28:18	38	40	0
Apr 15, 2014 17:28:19	24	37	0
Apr 15, 2014 17:28:20	34	40	0
Apr 15, 2014 17:28:21	26	40	0
Apr 15, 2014 17:28:22	37	40	0
Apr 15, 2014 17:28:23	56	37	0
Apr 15, 2014 17:28:24	56	34	0
Apr 15, 2014 17:28:25	67	35	0
Apr 15, 2014 17:28:26	74	37	0
Apr 15, 2014 17:28:27	60	40	0
Apr 15, 2014 17:28:28	67	48	0
Apr 15, 2014 17:28:29	57	63	0
Apr 15, 2014 17:28:30	61	63	0
Apr 15, 2014 17:28:31	69	57	0
Apr 15, 2014 17:28:32	64	54	0
Apr 15, 2014 17:28:33	61	47	0
Apr 15, 2014 17:28:34	56	48	0
Apr 15, 2014 17:28:35	53	50	0
Apr 15, 2014 17:28:36	38	54	0
Apr 15, 2014 17:28:37	41	60	0
Apr 15, 2014 17:28:38	47	47	0
Apr 15, 2014 17:28:39	48	44	0
Apr 15, 2014 17:28:40	54	41	0
Apr 15, 2014 17:28:41	51	34	0
Apr 15, 2014 17:28:42	38	53	0
Apr 15, 2014 17:28:43	37	56	0
Apr 15, 2014 17:28:44	50	60	0
Apr 15, 2014 17:28:45	50	57	0
Apr 15, 2014 17:28:46	50	51	0
Apr 15, 2014 17:28:47	56	54	0
Apr 15, 2014 17:28:48	43	57	0
Apr 15, 2014 17:28:50	38	61	0
Apr 15, 2014 17:28:51	30	51	0
Apr 15, 2014 17:28:52	21	37	0
Apr 15, 2014 17:28:53	23	35	0
Apr 15, 2014 17:28:54	21	29	0
Apr 15, 2014 17:28:55	37	47	0
Apr 15, 2014 17:28:56	35	53	0
Apr 15, 2014 17:28:57	37	57	0
Apr 15, 2014 17:28:58	51	66	0
Apr 15, 2014 17:28:59	48	60	0
Apr 15, 2014 17:29:00	61	63	0
Apr 15, 2014 17:29:01	57	47	0
Apr 15, 2014 17:29:02	44	48	0
Apr 15, 2014 17:29:03	44	48	0
Apr 15, 2014 17:29:04	37	43	0
Apr 15, 2014 17:29:05	37	51	0
Apr 15, 2014 17:29:06	41	41	0
Apr 15, 2014 17:29:07	41	50	0
Apr 15, 2014 17:29:08	43	63	0
Apr 15, 2014 17:29:09	41	69	0
Apr 15, 2014 17:29:10	30	50	0
Apr 15, 2014 17:29:11	23	35	0
Apr 15, 2014 17:29:12	29	29	0
Apr 15, 2014 17:29:13	37	27	0
Apr 15, 2014 17:29:14	47	40	0
Apr 15, 2014 17:29:15	56	40	0
Apr 15, 2014 17:29:16	53	43	0
Apr 15, 2014 17:29:17	61	30	0
Apr 15, 2014 17:29:18	63	30	0
Apr 15, 2014 17:29:19	54	37	0
Apr 15, 2014 17:29:21	41	44	0
Apr 15, 2014 17:29:22	38	57	0
Apr 15, 2014 17:29:23	38	51	0
Apr 15, 2014 17:29:24	54	54	0
Apr 15, 2014 17:29:25	63	38	0
Apr 15, 2014 17:29:26	47	30	0
Apr 15, 2014 17:29:27	41	43	0
Apr 15, 2014 17:29:28	24	50	0
Apr 15, 2014 17:29:29	26	61	0
Apr 15, 2014 17:29:30	47	69	0
Apr 15, 2014 17:29:31	60	64	0
Apr 15, 2014 17:29:32	83	56	0
Apr 15, 2014 17:29:33	87	54	0
Apr 15, 2014 17:29:34	69	44	0
Apr 15, 2014 17:29:35	53	50	0
Apr 15, 2014 17:29:36	37	54	0
Apr 15, 2014 17:29:37	37	48	0
Apr 15, 2014 17:29:38	48	53	0
Apr 15, 2014 17:29:39	63	29	0
Apr 15, 2014 17:29:40	63	37	0
Apr 15, 2014 17:29:41	63	24	0
Apr 15, 2014 17:29:42	54	23	0
Apr 15, 2014 17:29:43	48	38	0
Apr 15, 2014 17:29:44	27	34	0
Apr 15, 2014 17:29:45	40	51	0
Apr 15, 2014 17:29:46	44	51	0
Apr 15, 2014 17:29:47	50	51	0
Apr 15, 2014 17:29:48	70	50	0
Apr 15, 2014 17:29:49	64	40	0
Apr 15, 2014 17:29:50	56	44	0
Apr 15, 2014 17:29:52	54	48	0
Apr 15, 2014 17:29:53	41	60	0
Apr 15, 2014 17:29:54	38	64	0
Apr 15, 2014 17:29:55	37	74	0
Apr 15, 2014 17:29:56	17	74	0
Apr 15, 2014 17:29:57	34	66	0
Apr 15, 2014 17:29:58	34	56	0
Apr 15, 2014 17:29:59	35	47	0
Apr 15, 2014 17:30:00	47	44	0
Apr 15, 2014 17:30:01	37	47	0
Apr 15, 2014 17:30:02	40	47	0
Apr 15, 2014 17:30:03	51	40	0
Apr 15, 2014 17:30:04	50	38	0
Apr 15, 2014 17:30:05	51	40	0
Apr 15, 2014 17:30:06	35	35	0
Apr 15, 2014 17:30:07	34	41	0
Apr 15, 2014 17:30:08	34	43	0
Apr 15, 2014 17:30:09	29	47	0
Apr 15, 2014 17:30:10	50	51	0
Apr 15, 2014 17:30:11	50	48	0
Apr 15, 2014 17:30:12	47	51	0
Apr 15, 2014 17:30:13	40	56	0
Apr 15, 2014 17:30:14	26	70	0
Apr 15, 2014 17:30:15	16	80	0
Apr 15, 2014 17:30:16	7	66	0
Apr 15, 2014 17:30:17	21	69	0
Apr 15, 2014 17:30:18	35	64	0
Apr 15, 2014 17:30:19	60	61	0
Apr 15, 2014 17:30:20	70	78	0
Apr 15, 2014 17:30:21	64	74	0
Apr 15, 2014 17:30:22	60	69	0
Apr 15, 2014 17:30:24	54	61	0
Apr 15, 2014 17:30:25	48	41	0
Apr 15, 2014 17:30:26	38	50	0
Apr 15, 2014 17:30:27	30	51	0
Apr 15, 2014 17:30:28	29	40	0
Apr 15, 2014 17:30:29	41	60	0
Apr 15, 2014 17:30:30	50	47	0
Apr 15, 2014 17:30:31	47	48	0
Apr 15, 2014 17:30:32	47	66	0
Apr 15, 2014 17:30:33	37	64	0
Apr 15, 2014 17:30:34	35	64	0
Apr 15, 2014 17:30:35	38	64	0
Apr 15, 2014 17:30:36	27	56	0
Apr 15, 2014 17:30:37	48	69	0
Apr 15, 2014 17:30:38	54	75	0
Apr 15, 2014 17:30:39	54	54	0
Apr 15, 2014 17:30:40	74	66	0
Apr 15, 2014 17:30:41	61	57	0
Apr 15, 2014 17:30:42	50	63	0
Apr 15, 2014 17:30:43	47	77	0
Apr 15, 2014 17:30:44	27	63	0
Apr 15, 2014 17:30:45	43	60	0
Apr 15, 2014 17:30:46	57	47	0
Apr 15, 2014 17:30:47	43	35	0
Apr 15, 2014 17:30:48	53	51	0
Apr 15, 2014 17:30:49	40	47	0
Apr 15, 2014 17:30:50	35	41	0
Apr 15, 2014 17:30:51	37	51	0
Apr 15, 2014 17:30:52	29	43	0
Apr 15, 2014 17:30:54	21	43	0
Apr 15, 2014 17:30:55	23	47	0
Apr 15, 2014 17:30:56	47	43	0
Apr 15, 2014 17:30:57	56	54	0
Apr 15, 2014 17:30:58	66	57	0
Apr 15, 2014 17:30:59	74	64	0
Apr 15, 2014 17:31:00	50	40	0
Apr 15, 2014 17:31:01	30	37	0
Apr 15, 2014 17:31:02	17	37	0
Apr 15, 2014 17:31:03	24	47	0
Apr 15, 2014 17:31:04	29	66	0
Apr 15, 2014 17:31:05	29	60	0
Apr 15, 2014 17:31:06	43	66	0
Apr 15, 2014 17:31:07	29	75	0
Apr 15, 2014 17:31:08	26	74	0
Apr 15, 2014 17:31:09	35	84	0
Apr 15, 2014 17:31:10	34	77	0
Apr 15, 2014 17:31:11	35	60	0
Apr 15, 2014 17:31:12	34	67	0
Apr 15, 2014 17:31:13	37	69	0
Apr 15, 2014 17:31:14	30	66	0
Apr 15, 2014 17:31:15	37	75	0
Apr 15, 2014 17:31:16	41	67	0
Apr 15, 2014 17:31:17	40	56	0
Apr 15, 2014 17:31:18	29	51	0
Apr 15, 2014 17:31:19	23	50	0
Apr 15, 2014 17:31:20	26	48	0
Apr 15, 2014 17:31:22	23	41	0
Apr 15, 2014 17:31:23	27	44	0
Apr 15, 2014 17:31:24	26	37	0
Apr 15, 2014 17:31:25	35	26	0
Apr 15, 2014 17:31:26	29	14	0
Apr 15, 2014 17:31:27	43	24	0
Apr 15, 2014 17:31:28	40	37	0
Apr 15, 2014 17:31:29	35	44	0
Apr 15, 2014 17:31:30	47	66	0
Apr 15, 2014 17:31:31	35	75	0
Apr 15, 2014 17:31:32	34	81	0
Apr 15, 2014 17:31:33	24	81	0
Apr 15, 2014 17:31:34	27	70	0
Apr 15, 2014 17:31:35	40	57	0
Apr 15, 2014 17:31:36	40	48	0
Apr 15, 2014 17:31:37	43	47	0
Apr 15, 2014 17:31:38	35	56	0
Apr 15, 2014 17:31:39	23	64	0
Apr 15, 2014 17:31:40	29	74	0
Apr 15, 2014 17:31:41	23	64	0
Apr 15, 2014 17:31:42	26	56	0
Apr 15, 2014 17:31:43	40	50	0
Apr 15, 2014 17:31:44	37	44	0
Apr 15, 2014 17:31:45	54	63	0
Apr 15, 2014 17:31:46	61	51	0
Apr 15, 2014 17:31:47	60	48	0
Apr 15, 2014 17:31:48	61	44	0
Apr 15, 2014 17:31:49	53	44	0
Apr 15, 2014 17:31:50	43	51	0
Apr 15, 2014 17:31:52	27	74	0
Apr 15, 2014 17:31:53	20	63	0
Apr 15, 2014 17:31:54	37	69	0
Apr 15, 2014 17:31:55	41	67	0
Apr 15, 2014 17:31:56	37	57	0
Apr 15, 2014 17:31:57	38	70	0
Apr 15, 2014 17:31:58	30	69	0
Apr 15, 2014 17:31:59	20	54	0
Apr 15, 2014 17:32:00	38	61	0
Apr 15, 2014 17:32:01	38	57	0
Apr 15, 2014 17:32:02	40	63	0
Apr 15, 2014 17:32:03	61	69	0
Apr 15, 2014 17:32:04	51	66	0
Apr 15, 2014 17:32:05	60	64	0
Apr 15, 2014 17:32:06	61	60	0
Apr 15, 2014 17:32:07	40	50	0
Apr 15, 2014 17:32:08	40	48	0
Apr 15, 2014 17:32:09	47	43	0
Apr 15, 2014 17:32:10	23	26	0
Apr 15, 2014 17:32:11	29	40	0
Apr 15, 2014 17:32:12	34	38	0
Apr 15, 2014 17:32:13	14	37	0
Apr 15, 2014 17:32:14	26	41	0
Apr 15, 2014 17:32:15	34	48	0
Apr 15, 2014 17:32:16	21	57	0
Apr 15, 2014 17:32:17	40	63	0
Apr 15, 2014 17:32:18	50	53	0
Apr 15, 2014 17:32:19	53	50	0
Apr 15, 2014 17:32:20	56	53	0
Apr 15, 2014 17:32:22	43	41	0
Apr 15, 2014 17:32:23	26	40	0
Apr 15, 2014 17:32:24	17	27	0
Apr 15, 2014 17:32:25	20	24	0
Apr 15, 2014 17:32:26	13	41	0
Apr 15, 2014 17:32:27	10	27	0
Apr 15, 2014 17:32:28	10	37	0
Apr 15, 2014 17:32:29	1	44	0
Apr 15, 2014 17:32:30	14	37	0
Apr 15, 2014 17:32:31	29	35	0
Apr 15, 2014 17:32:32	41	37	0
Apr 15, 2014 17:32:33	27	20	0
Apr 15, 2014 17:32:34	27	16	0
Apr 15, 2014 17:32:35	21	40	0
Apr 15, 2014 17:32:36	8	27	0
Apr 15, 2014 17:32:37	16	20	0
Apr 15, 2014 17:32:38	14	16	0
Apr 15, 2014 17:32:39	17	1	0
Apr 15, 2014 17:32:40	35	8	0
Apr 15, 2014 17:32:41	43	13	0
Apr 15, 2014 17:32:42	41	20	0
Apr 15, 2014 17:32:43	48	37	0
Apr 15, 2014 17:32:44	24	34	0
Apr 15, 2014 17:32:45	20	38	0
Apr 15, 2014 17:32:46	16	29	0
Apr 15, 2014 17:32:47	29	26	0
Apr 15, 2014 17:32:48	40	35	0
Apr 15, 2014 17:32:49	38	29	0
Apr 15, 2014 17:32:50	27	27	0
Apr 15, 2014 17:32:52	26	50	0
Apr 15, 2014 17:32:53	4	48	0
Apr 15, 2014 17:32:54	7	40	0
Apr 15, 2014 17:32:55	17	44	0
Apr 15, 2014 17:32:56	13	26	0
Apr 15, 2014 17:32:57	38	30	0
Apr 15, 2014 17:32:58	56	50	0
Apr 15, 2014 17:32:59	51	53	0
Apr 15, 2014 17:33:00	69	60	0
Apr 15, 2014 17:33:01	51	47	0
Apr 15, 2014 17:33:02	47	27	0
Apr 15, 2014 17:33:03	43	13	0
Apr 15, 2014 17:33:04	10	4	0
Apr 15, 2014 17:33:05	27	21	0
Apr 15, 2014 17:33:06	16	34	0
Apr 15, 2014 17:33:07	4	29	0
Apr 15, 2014 17:33:08	21	27	0
Apr 15, 2014 17:33:09	38	38	0
Apr 15, 2014 17:33:10	60	43	0
Apr 15, 2014 17:33:11	67	50	0
Apr 15, 2014 17:33:12	84	53	0
Apr 15, 2014 17:33:13	80	50	0
Apr 15, 2014 17:33:14	66	50	0
Apr 15, 2014 17:33:15	67	44	0
Apr 15, 2014 17:33:16	56	51	0
Apr 15, 2014 17:33:17	54	57	0
Apr 15, 2014 17:33:18	64	60	0
Apr 15, 2014 17:33:20	56	64	0
Apr 15, 2014 17:33:21	56	60	0
Apr 15, 2014 17:33:22	47	60	0
Apr 15, 2014 17:33:23	35	78	0
Apr 15, 2014 17:33:24	38	84	0
Apr 15, 2014 17:33:25	23	93	0
Apr 15, 2014 17:33:26	24	75	0
Apr 15, 2014 17:33:27	35	54	0
Apr 15, 2014 17:33:28	24	51	0
Apr 15, 2014 17:33:29	26	43	0
Apr 15, 2014 17:33:30	34	61	0
Apr 15, 2014 17:33:31	40	70	0
Apr 15, 2014 17:33:32	29	51	0
Apr 15, 2014 17:33:33	47	54	0
Apr 15, 2014 17:33:34	34	41	0
Apr 15, 2014 17:33:35	17	23	0
Apr 15, 2014 17:33:36	23	34	0
Apr 15, 2014 17:33:37	40	47	0
Apr 15, 2014 17:33:38	50	61	0
Apr 15, 2014 17:33:39	74	54	0
Apr 15, 2014 17:33:40	66	56	0
Apr 15, 2014 17:33:41	81	56	0
Apr 15, 2014 17:33:42	70	77	0
Apr 15, 2014 17:33:43	57	80	0
Apr 15, 2014 17:33:44	51	67	0
Apr 15, 2014 17:33:45	34	61	0
Apr 15, 2014 17:33:46	51	44	0
Apr 15, 2014 17:33:47	56	30	0
Apr 15, 2014 17:33:48	66	41	0
Apr 15, 2014 17:33:49	77	30	0
Apr 15, 2014 17:33:51	66	23	0
Apr 15, 2014 17:33:52	64	27	0
Apr 15, 2014 17:33:53	64	37	0
Apr 15, 2014 17:33:54	66	50	0
Apr 15, 2014 17:33:55	70	53	0
Apr 15, 2014 17:33:56	63	53	0
Apr 15, 2014 17:33:57	51	56	0
Apr 15, 2014 17:33:58	30	50	0
Apr 15, 2014 17:33:59	21	48	0
Apr 15, 2014 17:34:00	26	47	0
Apr 15, 2014 17:34:01	47	40	0
Apr 15, 2014 17:34:02	50	53	0
Apr 15, 2014 17:34:03	63	63	0
Apr 15, 2014 17:34:04	48	64	0
Apr 15, 2014 17:34:05	61	51	0
Apr 15, 2014 17:34:06	61	50	0
Apr 15, 2014 17:34:07	48	34	0
Apr 15, 2014 17:34:08	44	24	0
Apr 15, 2014 17:34:09	34	17	0
Apr 15, 2014 17:34:10	34	21	0
Apr 15, 2014 17:34:11	54	30	0
Apr 15, 2014 17:34:12	50	44	0
Apr 15, 2014 17:34:13	53	44	0
Apr 15, 2014 17:34:14	38	38	0
Apr 15, 2014 17:34:15	27	44	0
Apr 15, 2014 17:34:16	38	43	0
Apr 15, 2014 17:34:17	41	56	0
Apr 15, 2014 17:34:18	40	40	0
Apr 15, 2014 17:34:19	47	47	0
Apr 15, 2014 17:34:20	40	50	0
Apr 15, 2014 17:34:21	34	60	0
Apr 15, 2014 17:34:23	41	74	0
Apr 15, 2014 17:34:24	30	70	0
Apr 15, 2014 17:34:25	24	64	0
Apr 15, 2014 17:34:26	30	61	0
Apr 15, 2014 17:34:27	34	67	0
Apr 15, 2014 17:34:28	53	66	0
Apr 15, 2014 17:34:29	60	63	0
Apr 15, 2014 17:34:30	61	51	0
Apr 15, 2014 17:34:31	50	44	0
Apr 15, 2014 17:34:32	47	23	0
Apr 15, 2014 17:34:33	44	34	0
Apr 15, 2014 17:34:34	29	30	0
Apr 15, 2014 17:34:35	27	35	0
Apr 15, 2014 17:34:36	43	48	0
Apr 15, 2014 17:34:37	30	41	0
Apr 15, 2014 17:34:38	37	50	0
Apr 15, 2014 17:34:39	53	54	0
Apr 15, 2014 17:34:40	47	75	0
Apr 15, 2014 17:34:41	54	70	0
Apr 15, 2014 17:34:42	50	48	0
Apr 15, 2014 17:34:43	41	48	0
Apr 15, 2014 17:34:44	30	30	0
Apr 15, 2014 17:34:45	30	29	0
Apr 15, 2014 17:34:46	37	30	0
Apr 15, 2014 17:34:47	40	26	0
Apr 15, 2014 17:34:48	44	27	0
Apr 15, 2014 17:34:49	38	38	0
Apr 15, 2014 17:34:50	35	47	0
Apr 15, 2014 17:34:51	35	54	0
Apr 15, 2014 17:34:53	27	44	0
Apr 15, 2014 17:34:54	26	37	0
Apr 15, 2014 17:34:55	29	48	0
Apr 15, 2014 17:34:56	23	37	0
Apr 15, 2014 17:34:57	30	48	0
Apr 15, 2014 17:34:58	51	43	0
Apr 15, 2014 17:34:59	56	53	0
Apr 15, 2014 17:35:00	51	37	0
Apr 15, 2014 17:35:01	37	30	0
Apr 15, 2014 17:35:02	44	21	0
Apr 15, 2014 17:35:03	44	24	0
Apr 15, 2014 17:35:04	41	34	0
Apr 15, 2014 17:35:05	53	30	0
Apr 15, 2014 17:35:06	41	27	0
Apr 15, 2014 17:35:07	37	21	0
Apr 15, 2014 17:35:08	53	30	0
Apr 15, 2014 17:35:09	54	51	0
Apr 15, 2014 17:35:10	69	56	0
Apr 15, 2014 17:35:11	64	51	0
Apr 15, 2014 17:35:12	53	44	0
Apr 15, 2014 17:35:13	53	23	0
Apr 15, 2014 17:35:14	53	38	0
Apr 15, 2014 17:35:15	67	53	0
Apr 15, 2014 17:35:16	56	40	0
Apr 15, 2014 17:35:17	60	51	0
Apr 15, 2014 17:35:18	54	35	0
Apr 15, 2014 17:35:19	50	35	0
Apr 15, 2014 17:35:20	69	60	0
Apr 15, 2014 17:35:22	61	75	0
Apr 15, 2014 17:35:23	56	78	0
Apr 15, 2014 17:35:24	57	75	0
Apr 15, 2014 17:35:25	40	57	0
Apr 15, 2014 17:35:26	29	37	0
Apr 15, 2014 17:35:27	29	37	0
Apr 15, 2014 17:35:28	38	44	0
Apr 15, 2014 17:35:29	47	37	0
Apr 15, 2014 17:35:30	57	57	0
Apr 15, 2014 17:35:31	48	50	0
Apr 15, 2014 17:35:32	60	60	0
Apr 15, 2014 17:35:33	50	75	0
Apr 15, 2014 17:35:34	53	83	0
Apr 15, 2014 17:35:35	63	81	0
Apr 15, 2014 17:35:36	47	75	0
Apr 15, 2014 17:35:37	43	74	0
Apr 15, 2014 17:35:38	35	80	0
Apr 15, 2014 17:35:39	23	91	0
Apr 15, 2014 17:35:40	37	94	0
Apr 15, 2014 17:35:41	51	91	0
Apr 15, 2014 17:35:42	50	83	0
Apr 15, 2014 17:35:43	51	88	0
Apr 15, 2014 17:35:44	48	90	0
Apr 15, 2014 17:35:45	37	84	0
Apr 15, 2014 17:35:46	41	84	0
Apr 15, 2014 17:35:47	41	70	0
Apr 15, 2014 17:35:48	41	61	0
Apr 15, 2014 17:35:49	34	53	0
Apr 15, 2014 17:35:51	35	51	0
Apr 15, 2014 17:35:52	29	43	0
Apr 15, 2014 17:35:53	41	50	0
Apr 15, 2014 17:35:54	47	56	0
Apr 15, 2014 17:35:55	53	64	0
Apr 15, 2014 17:35:56	64	81	0
Apr 15, 2014 17:35:57	63	81	0
Apr 15, 2014 17:35:58	66	80	0
Apr 15, 2014 17:35:59	64	80	0
Apr 15, 2014 17:36:00	56	83	0
Apr 15, 2014 17:36:01	51	83	0
Apr 15, 2014 17:36:02	38	66	0
Apr 15, 2014 17:36:03	37	64	0
Apr 15, 2014 17:36:04	56	60	0
Apr 15, 2014 17:36:05	67	61	0
Apr 15, 2014 17:36:06	64	80	0
Apr 15, 2014 17:36:07	84	75	0
Apr 15, 2014 17:36:08	81	81	0
Apr 15, 2014 17:36:09	84	74	0
Apr 15, 2014 17:36:10	87	78	0
Apr 15, 2014 17:36:11	75	75	0
Apr 15, 2014 17:36:12	74	75	0
Apr 15, 2014 17:36:13	48	77	0
Apr 15, 2014 17:36:14	54	70	0
Apr 15, 2014 17:36:15	60	81	0
Apr 15, 2014 17:36:16	51	66	0
Apr 15, 2014 17:36:17	77	54	0
Apr 15, 2014 17:36:18	70	54	0
Apr 15, 2014 17:36:19	70	54	0
Apr 15, 2014 17:36:20	40	57	0
Apr 15, 2014 17:36:22	47	53	0
Apr 15, 2014 17:36:23	47	44	0
Apr 15, 2014 17:36:24	44	29	0
Apr 15, 2014 17:36:25	69	30	0
Apr 15, 2014 17:36:26	56	35	0
Apr 15, 2014 17:36:27	69	38	0
Apr 15, 2014 17:36:28	83	57	0
Apr 15, 2014 17:36:29	70	61	0
Apr 15, 2014 17:36:30	81	74	0
Apr 15, 2014 17:36:31	56	83	0
Apr 15, 2014 17:36:32	37	83	0
Apr 15, 2014 17:36:33	35	84	0
Apr 15, 2014 17:36:34	35	69	0
Apr 15, 2014 17:36:35	50	61	0
Apr 15, 2014 17:36:36	74	54	0
Apr 15, 2014 17:36:37	66	63	0
Apr 15, 2014 17:36:38	67	78	0
Apr 15, 2014 17:36:39	64	81	0
Apr 15, 2014 17:36:40	54	78	0
Apr 15, 2014 17:36:41	51	66	0
Apr 15, 2014 17:36:42	50	48	0
Apr 15, 2014 17:36:43	47	35	0
Apr 15, 2014 17:36:44	63	47	0
Apr 15, 2014 17:36:45	60	53	0
Apr 15, 2014 17:36:46	56	61	0
Apr 15, 2014 17:36:47	50	74	0
Apr 15, 2014 17:36:48	38	87	0
Apr 15, 2014 17:36:49	37	83	0
Apr 15, 2014 17:36:50	35	87	0
Apr 15, 2014 17:36:51	35	61	0
Apr 15, 2014 17:36:53	38	56	0
Apr 15, 2014 17:36:54	44	60	0
Apr 15, 2014 17:36:55	37	51	0
Apr 15, 2014 17:36:56	37	66	0
Apr 15, 2014 17:36:57	23	64	0
Apr 15, 2014 17:36:58	35	69	0
Apr 15, 2014 17:36:59	48	83	0
Apr 15, 2014 17:37:00	48	83	0
Apr 15, 2014 17:37:01	63	81	0
Apr 15, 2014 17:37:02	61	81	0
Apr 15, 2014 17:37:03	56	77	0
Apr 15, 2014 17:37:04	63	84	0
Apr 15, 2014 17:37:05	54	77	0
Apr 15, 2014 17:37:06	51	74	0
Apr 15, 2014 17:37:07	61	67	0
Apr 15, 2014 17:37:08	69	64	0
Apr 15, 2014 17:37:09	61	54	0
Apr 15, 2014 17:37:10	50	57	0
Apr 15, 2014 17:37:11	51	54	0
Apr 15, 2014 17:37:12	70	67	0
Apr 15, 2014 17:37:13	83	54	0
Apr 15, 2014 17:37:14	77	50	0
Apr 15, 2014 17:37:15	66	54	0
Apr 15, 2014 17:37:16	70	47	0
Apr 15, 2014 17:37:17	70	56	0
Apr 15, 2014 17:37:18	69	61	0
Apr 15, 2014 17:37:19	70	51	0
Apr 15, 2014 17:37:20	57	63	0
Apr 15, 2014 17:37:22	69	67	0
Apr 15, 2014 17:37:23	60	61	0
Apr 15, 2014 17:37:24	75	66	0
Apr 15, 2014 17:37:25	67	51	0
Apr 15, 2014 17:37:26	54	54	0
Apr 15, 2014 17:37:27	69	63	0
Apr 15, 2014 17:37:28	53	56	0
Apr 15, 2014 17:37:29	56	60	0
Apr 15, 2014 17:37:30	64	50	0
Apr 15, 2014 17:37:31	64	47	0
Apr 15, 2014 17:37:32	63	57	0
Apr 15, 2014 17:37:33	69	47	0
Apr 15, 2014 17:37:34	61	34	0
Apr 15, 2014 17:37:35	53	47	0
Apr 15, 2014 17:37:36	56	51	0
Apr 15, 2014 17:37:37	30	57	0
Apr 15, 2014 17:37:38	40	56	0
Apr 15, 2014 17:37:39	37	51	0
Apr 15, 2014 17:37:40	37	53	0
Apr 15, 2014 17:37:41	48	57	0
Apr 15, 2014 17:37:42	37	74	0
Apr 15, 2014 17:37:43	48	66	0
Apr 15, 2014 17:37:44	61	63	0
Apr 15, 2014 17:37:45	47	56	0
Apr 15, 2014 17:37:46	53	37	0
Apr 15, 2014 17:37:47	35	34	0
Apr 15, 2014 17:37:48	27	50	0
Apr 15, 2014 17:37:49	29	43	0
Apr 15, 2014 17:37:50	26	47	0
Apr 15, 2014 17:37:51	41	38	0
Apr 15, 2014 17:37:52	47	35	0
Apr 15, 2014 17:37:54	50	43	0
Apr 15, 2014 17:37:55	44	53	0
Apr 15, 2014 17:37:56	47	66	0
Apr 15, 2014 17:37:57	40	51	0
Apr 15, 2014 17:37:58	38	53	0
Apr 15, 2014 17:37:59	34	44	0
Apr 15, 2014 17:38:00	14	37	0
Apr 15, 2014 17:38:01	16	51	0
Apr 15, 2014 17:38:02	24	54	0
Apr 15, 2014 17:38:03	34	56	0
Apr 15, 2014 17:38:04	48	67	0
Apr 15, 2014 17:38:05	61	54	0
Apr 15, 2014 17:38:06	60	53	0
Apr 15, 2014 17:38:07	56	61	0
Apr 15, 2014 17:38:08	54	67	0
Apr 15, 2014 17:38:09	57	69	0
Apr 15, 2014 17:38:10	64	70	0
Apr 15, 2014 17:38:11	56	56	0
Apr 15, 2014 17:38:12	38	60	0
Apr 15, 2014 17:38:13	35	67	0
Apr 15, 2014 17:38:14	26	63	0
Apr 15, 2014 17:38:15	21	61	0
Apr 15, 2014 17:38:16	24	53	0
Apr 15, 2014 17:38:17	8	34	0
Apr 15, 2014 17:38:18	1	29	0
Apr 15, 2014 17:38:19	1	24	0
Apr 15, 2014 17:38:20	1	34	0
Apr 15, 2014 17:38:21	1	63	0
Apr 15, 2014 17:38:23	13	54	0
Apr 15, 2014 17:38:24	17	69	0
Apr 15, 2014 17:38:25	47	74	0
Apr 15, 2014 17:38:26	64	47	0
Apr 15, 2014 17:38:27	67	47	0
Apr 15, 2014 17:38:28	70	41	0
Apr 15, 2014 17:38:29	67	38	0
Apr 15, 2014 17:38:30	69	47	0
Apr 15, 2014 17:38:31	50	53	0
Apr 15, 2014 17:38:32	41	57	0
Apr 15, 2014 17:38:33	29	54	0
Apr 15, 2014 17:38:34	54	63	0
Apr 15, 2014 17:38:35	47	66	0
Apr 15, 2014 17:38:36	40	63	0
Apr 15, 2014 17:38:37	27	80	0
Apr 15, 2014 17:38:38	4	83	0
Apr 15, 2014 17:38:39	4	83	0
Apr 15, 2014 17:38:40	20	78	0
Apr 15, 2014 17:38:41	29	57	0
Apr 15, 2014 17:38:42	38	54	0
Apr 15, 2014 17:38:43	44	64	0
Apr 15, 2014 17:38:44	41	63	0
Apr 15, 2014 17:38:45	47	70	0
Apr 15, 2014 17:38:46	53	60	0
Apr 15, 2014 17:38:47	43	41	0
Apr 15, 2014 17:38:48	48	27	0
Apr 15, 2014 17:38:49	41	24	0
Apr 15, 2014 17:38:50	35	30	0
Apr 15, 2014 17:38:51	38	34	0
Apr 15, 2014 17:38:52	34	48	0
Apr 15, 2014 17:38:53	41	56	0
Apr 15, 2014 17:38:55	43	56	0
Apr 15, 2014 17:38:56	50	66	0
Apr 15, 2014 17:38:57	60	69	0
Apr 15, 2014 17:38:58	56	64	0
Apr 15, 2014 17:38:59	54	75	0
Apr 15, 2014 17:39:00	48	74	0
Apr 15, 2014 17:39:01	38	56	0
Apr 15, 2014 17:39:02	35	41	0
Apr 15, 2014 17:39:03	34	37	0
Apr 15, 2014 17:39:04	38	41	0
Apr 15, 2014 17:39:05	57	54	0
Apr 15, 2014 17:39:06	67	70	0
Apr 15, 2014 17:39:07	60	63	0
Apr 15, 2014 17:39:08	53	60	0
Apr 15, 2014 17:39:09	47	67	0
Apr 15, 2014 17:39:10	40	64	0
Apr 15, 2014 17:39:11	48	78	0
Apr 15, 2014 17:39:12	51	78	0
Apr 15, 2014 17:39:13	64	70	0
Apr 15, 2014 17:39:14	61	56	0
Apr 15, 2014 17:39:15	54	51	0
Apr 15, 2014 17:39:16	50	35	0
Apr 15, 2014 17:39:17	35	50	0
Apr 15, 2014 17:39:18	41	57	0
Apr 15, 2014 17:39:19	26	54	0
Apr 15, 2014 17:39:20	23	74	0
Apr 15, 2014 17:39:21	21	57	0
Apr 15, 2014 17:39:22	11	53	0
Apr 15, 2014 17:39:23	23	51	0
Apr 15, 2014 17:39:24	30	56	0
Apr 15, 2014 17:39:25	23	51	0
Apr 15, 2014 17:39:27	38	57	0
Apr 15, 2014 17:39:28	40	66	0
Apr 15, 2014 17:39:29	35	70	0
Apr 15, 2014 17:39:30	23	70	0
Apr 15, 2014 17:39:31	27	67	0
Apr 15, 2014 17:39:32	35	60	0
Apr 15, 2014 17:39:33	40	54	0
Apr 15, 2014 17:39:34	41	53	0
Apr 15, 2014 17:39:35	38	50	0
Apr 15, 2014 17:39:36	48	54	0
Apr 15, 2014 17:39:37	51	54	0
Apr 15, 2014 17:39:38	53	60	0
Apr 15, 2014 17:39:39	60	57	0
Apr 15, 2014 17:39:40	48	53	0
Apr 15, 2014 17:39:41	43	64	0
Apr 15, 2014 17:39:42	47	44	0
Apr 15, 2014 17:39:43	60	41	0
Apr 15, 2014 17:39:44	63	48	0
Apr 15, 2014 17:39:45	81	35	0
Apr 15, 2014 17:39:46	100	29	0
Apr 15, 2014 17:39:47	81	35	0
Apr 15, 2014 17:39:48	80	30	0
Apr 15, 2014 17:39:49	60	43	0
Apr 15, 2014 17:39:50	43	57	0
Apr 15, 2014 17:39:51	50	61	0
Apr 15, 2014 17:39:52	50	61	0
Apr 15, 2014 17:39:53	53	51	0
Apr 15, 2014 17:39:54	61	57	0
Apr 15, 2014 17:39:55	54	57	0
Apr 15, 2014 17:39:56	53	63	0
Apr 15, 2014 17:39:57	37	70	0
Apr 15, 2014 17:39:59	37	70	0
Apr 15, 2014 17:40:00	56	69	0
Apr 15, 2014 17:40:01	61	63	0
Apr 15, 2014 17:40:02	80	53	0
Apr 15, 2014 17:40:03	69	44	0
Apr 15, 2014 17:40:04	74	53	0
Apr 15, 2014 17:40:05	74	50	0
Apr 15, 2014 17:40:06	57	37	0
Apr 15, 2014 17:40:07	53	44	0
Apr 15, 2014 17:40:08	51	35	0
Apr 15, 2014 17:40:09	63	37	0
Apr 15, 2014 17:40:10	60	43	0
Apr 15, 2014 17:40:11	63	48	0
Apr 15, 2014 17:40:12	50	44	0
Apr 15, 2014 17:40:13	38	48	0
Apr 15, 2014 17:40:14	53	54	0
Apr 15, 2014 17:40:15	60	51	0
Apr 15, 2014 17:40:16	66	54	0
Apr 15, 2014 17:40:17	64	56	0
Apr 15, 2014 17:40:18	61	61	0
Apr 15, 2014 17:40:19	38	61	0
Apr 15, 2014 17:40:20	41	60	0
Apr 15, 2014 17:40:21	37	61	0
Apr 15, 2014 17:40:22	37	53	0
Apr 15, 2014 17:40:23	51	56	0
Apr 15, 2014 17:40:24	44	51	0
Apr 15, 2014 17:40:25	29	48	0
Apr 15, 2014 17:40:26	41	67	0
Apr 15, 2014 17:40:27	37	60	0
Apr 15, 2014 17:40:28	47	57	0
Apr 15, 2014 17:40:30	44	63	0
Apr 15, 2014 17:40:31	29	57	0
Apr 15, 2014 17:40:32	30	63	0
Apr 15, 2014 17:40:33	29	67	0
Apr 15, 2014 17:40:34	40	77	0
Apr 15, 2014 17:40:35	47	91	0
Apr 15, 2014 17:40:36	47	96	0
Apr 15, 2014 17:40:37	48	100	0
Apr 15, 2014 17:40:38	41	83	0
Apr 15, 2014 17:40:39	41	69	0
Apr 15, 2014 17:40:40	30	61	0
Apr 15, 2014 17:40:41	20	48	0
Apr 15, 2014 17:40:42	10	51	0
Apr 15, 2014 17:40:43	7	57	0
Apr 15, 2014 17:40:44	10	51	0
Apr 15, 2014 17:40:45	20	64	0
Apr 15, 2014 17:40:46	40	70	0
Apr 15, 2014 17:40:47	54	66	0
Apr 15, 2014 17:40:48	67	83	0
Apr 15, 2014 17:40:49	74	90	0
Apr 15, 2014 17:40:50	67	84	0
Apr 15, 2014 17:40:51	44	60	0
Apr 15, 2014 17:40:52	43	51	0
Apr 15, 2014 17:40:53	47	54	0
Apr 15, 2014 17:40:54	41	69	0
Apr 15, 2014 17:40:55	38	60	0
Apr 15, 2014 17:40:56	16	44	0
Apr 15, 2014 17:40:57	3	43	0
Apr 15, 2014 17:40:58	21	50	0
Apr 15, 2014 17:41:00	24	56	0
Apr 15, 2014 17:41:01	47	74	0
Apr 15, 2014 17:41:02	60	69	0
Apr 15, 2014 17:41:03	80	61	0
Apr 15, 2014 17:41:04	60	60	0
Apr 15, 2014 17:41:05	57	63	0
Apr 15, 2014 17:41:06	63	78	0
Apr 15, 2014 17:41:07	51	78	0
Apr 15, 2014 17:41:08	67	75	0
Apr 15, 2014 17:41:09	75	74	0
Apr 15, 2014 17:41:10	70	66	0
Apr 15, 2014 17:41:11	77	74	0
Apr 15, 2014 17:41:12	84	80	0
Apr 15, 2014 17:41:13	83	83	0
Apr 15, 2014 17:41:14	75	87	0
Apr 15, 2014 17:41:15	69	80	0
Apr 15, 2014 17:41:16	54	80	0
Apr 15, 2014 17:41:17	64	84	0
Apr 15, 2014 17:41:18	64	84	0
Apr 15, 2014 17:41:19	54	75	0
Apr 15, 2014 17:41:20	60	60	0
Apr 15, 2014 17:41:21	77	44	0
Apr 15, 2014 17:41:22	77	48	0
Apr 15, 2014 17:41:23	75	47	0
Apr 15, 2014 17:41:24	69	60	0
Apr 15, 2014 17:41:25	48	77	0
Apr 15, 2014 17:41:26	53	80	0
Apr 15, 2014 17:41:27	63	83	0
Apr 15, 2014 17:41:29	50	74	0
Apr 15, 2014 17:41:30	37	64	0
Apr 15, 2014 17:41:31	30	66	0
Apr 15, 2014 17:41:32	38	80	0
Apr 15, 2014 17:41:33	53	81	0
Apr 15, 2014 17:41:34	74	75	0
Apr 15, 2014 17:41:35	75	81	0
Apr 15, 2014 17:41:36	64	75	0
Apr 15, 2014 17:41:37	50	78	0
Apr 15, 2014 17:41:38	40	81	0
Apr 15, 2014 17:41:39	40	81	0
Apr 15, 2014 17:41:40	70	75	0
Apr 15, 2014 17:41:41	94	64	0
Apr 15, 2014 17:41:42	84	60	0
Apr 15, 2014 17:41:43	63	51	0
Apr 15, 2014 17:41:44	69	44	0
Apr 15, 2014 17:41:45	53	51	0
Apr 15, 2014 17:41:46	51	57	0
Apr 15, 2014 17:41:47	57	54	0
Apr 15, 2014 17:41:48	53	61	0
Apr 15, 2014 17:41:49	57	53	0
Apr 15, 2014 17:41:50	51	38	0
Apr 15, 2014 17:41:51	53	48	0
Apr 15, 2014 17:41:52	51	56	0
Apr 15, 2014 17:41:53	38	51	0
Apr 15, 2014 17:41:54	53	61	0
Apr 15, 2014 17:41:55	56	63	0
Apr 15, 2014 17:41:57	53	53	0
Apr 15, 2014 17:41:58	84	50	0
Apr 15, 2014 17:41:59	77	35	0
Apr 15, 2014 17:42:00	69	40	0
Apr 15, 2014 17:42:01	77	37	0
Apr 15, 2014 17:42:02	44	40	0
Apr 15, 2014 17:42:03	61	48	0
Apr 15, 2014 17:42:04	63	41	0
Apr 15, 2014 17:42:05	67	56	0
Apr 15, 2014 17:42:06	78	56	0
Apr 15, 2014 17:42:07	69	60	0
Apr 15, 2014 17:42:08	54	48	0
Apr 15, 2014 17:42:09	54	48	0
Apr 15, 2014 17:42:10	50	56	0
Apr 15, 2014 17:42:11	47	61	0
Apr 15, 2014 17:42:12	57	60	0
Apr 15, 2014 17:42:13	70	63	0
Apr 15, 2014 17:42:14	75	61	0
Apr 15, 2014 17:42:15	90	63	0
Apr 15, 2014 17:42:16	75	61	0
Apr 15, 2014 17:42:17	63	60	0
Apr 15, 2014 17:42:18	63	48	0
Apr 15, 2014 17:42:19	51	47	0
Apr 15, 2014 17:42:20	74	41	0
Apr 15, 2014 17:42:21	81	47	0
Apr 15, 2014 17:42:22	84	56	0
Apr 15, 2014 17:42:23	77	69	0
Apr 15, 2014 17:42:24	54	94	0
Apr 15, 2014 17:42:25	43	83	0
Apr 15, 2014 17:42:26	34	77	0
Apr 15, 2014 17:42:27	47	70	0
Apr 15, 2014 17:42:29	41	47	0
Apr 15, 2014 17:42:30	38	50	0
Apr 15, 2014 17:42:31	38	51	0
Apr 15, 2014 17:42:32	34	40	0
Apr 15, 2014 17:42:33	57	41	0
Apr 15, 2014 17:42:34	60	53	0
Apr 15, 2014 17:42:35	51	51	0
