00:00:00	34	47	0
00:00:01	34	47	0
00:00:02	40	60	0
00:00:02	40	60	0
00:00:03	47	66	0
00:00:03	47	66	0
00:00:04	43	47	0
00:00:04	43	47	0
00:00:05	53	50	0
00:00:05	53	50	0
00:00:06	48	53	0
00:00:06	48	53	0
00:00:07	50	51	0
00:00:07	50	51	0
00:00:08	50	57	0
00:00:08	50	57	0
00:00:09	44	44	0
00:00:09	44	44	0
00:00:10	56	47	0
00:00:10	56	47	0
00:00:11	56	44	0
00:00:11	50	41	0
00:00:12	50	41	0
00:00:12	47	54	0
00:00:13	47	54	0
00:00:13	35	44	0
00:00:14	35	44	0
00:00:14	38	48	0
00:00:15	38	48	0
00:00:15	40	50	0
00:00:16	40	50	0
00:00:16	41	41	0
00:00:17	41	41	0
00:00:17	43	41	0
00:00:18	43	41	0
00:00:18	38	38	0
00:00:19	38	38	0
00:00:19	41	41	0
00:00:20	41	41	26
00:00:20	41	41	26
00:00:21	40	50	0
00:00:21	40	50	0
00:00:22	40	54	0
00:00:22	40	54	0
00:00:23	37	74	0
00:00:23	37	74	0
00:00:24	26	78	0
00:00:24	26	78	0
00:00:25	23	75	0
00:00:26	23	75	0
00:00:26	21	75	0
00:00:27	21	75	0
00:00:27	21	53	0
00:00:28	21	53	0
00:00:28	23	40	0
00:00:29	23	40	0
00:00:29	20	38	0
00:00:30	20	38	0
00:00:30	14	34	0
00:00:31	14	34	0
00:00:31	7	38	0
00:00:32	7	38	0
00:00:32	20	37	0
00:00:33	20	37	0
00:00:33	34	43	0
00:00:34	34	43	0
00:00:34	38	38	0
00:00:35	38	38	0
00:00:35	53	41	0
00:00:36	53	41	0
00:00:37	53	61	0
00:00:37	53	61	0
00:00:38	51	56	0
00:00:38	51	56	0
00:00:39	53	54	0
00:00:39	53	54	0
00:00:40	61	48	0
00:00:40	61	48	0
00:00:41	77	30	0
00:00:41	77	30	0
00:00:42	90	34	0
00:00:42	100	43	0
00:00:43	100	43	0
00:00:43	100	50	0
00:00:44	100	50	0
00:00:44	90	54	0
00:00:45	90	54	0
00:00:45	91	44	0
00:00:46	91	44	0
00:00:46	75	40	0
00:00:47	75	40	0
00:00:47	83	30	0
00:00:48	83	30	0
00:00:48	81	26	0
00:00:49	81	26	0
00:00:49	88	26	0
00:00:50	88	26	0
00:00:50	94	23	0
00:00:51	93	26	0
00:00:51	93	26	0
00:00:52	87	29	0
00:00:52	87	29	0
00:00:53	77	30	0
00:00:53	77	30	0
00:00:54	69	38	0
00:00:54	69	38	0
00:00:55	51	37	0
00:00:55	51	37	0
00:00:56	57	27	0
00:00:56	57	27	0
00:00:57	37	20	0
00:00:57	37	20	0
00:00:58	29	17	0
00:00:58	29	17	0
00:00:59	27	16	0
00:00:59	27	16	0
00:01:00	24	20	0
00:01:01	24	20	0
00:01:01	34	35	0
00:01:02	34	35	0
00:01:02	37	38	0
00:01:03	37	38	0
00:01:03	54	41	0
00:01:04	54	41	0
00:01:04	56	50	0
00:01:05	56	50	0
00:01:05	64	53	0
00:01:06	64	53	0
00:01:06	77	51	0
00:01:07	77	51	0
00:01:07	78	53	0
00:01:08	78	53	0
00:01:08	90	56	0
00:01:09	90	56	0
00:01:09	97	56	0
00:01:10	97	56	0
00:01:10	100	56	0
00:01:11	100	56	0
00:01:12	87	60	0
00:01:12	97	53	0
00:01:13	97	53	0
00:01:13	91	57	0
00:01:14	91	57	0
00:01:14	90	61	0
00:01:15	90	61	0
00:01:15	91	54	0
00:01:16	91	54	0
00:01:16	83	53	0
00:01:17	83	53	0
00:01:17	81	56	0
00:01:18	81	56	0
00:01:18	83	57	0
00:01:19	83	57	0
00:01:19	87	67	0
00:01:20	87	67	0
00:01:20	75	64	0
00:01:21	64	53	0
00:01:21	64	53	0
00:01:22	60	48	0
00:01:22	60	48	0
00:01:23	61	41	0
00:01:23	61	41	0
00:01:24	74	48	0
00:01:24	74	48	0
00:01:25	91	47	0
00:01:25	91	47	0
00:01:26	100	35	0
00:01:26	100	35	0
00:01:27	100	41	0
00:01:27	100	41	0
00:01:28	100	40	0
00:01:28	100	40	0
00:01:29	100	40	0
00:01:29	100	40	0
00:01:30	80	50	0
00:01:30	80	50	0
00:01:31	81	48	0
00:01:31	81	48	0
00:01:32	74	54	0
00:01:32	74	54	0
00:01:33	90	56	0
00:01:33	90	56	0
00:01:34	100	56	0
00:01:34	100	56	0
00:01:35	100	54	0
00:01:36	100	54	0
00:01:36	88	48	0
00:01:37	88	48	0
00:01:37	75	50	0
00:01:38	75	50	0
00:01:38	83	40	0
00:01:39	83	40	0
00:01:39	90	30	0
00:01:40	90	30	0
00:01:40	100	34	0
00:01:41	100	34	0
00:01:41	100	40	0
00:01:42	70	50	0
00:01:42	70	50	0
00:01:43	48	56	0
00:01:43	48	56	0
00:01:44	50	50	0
00:01:44	50	50	0
00:01:45	50	43	0
00:01:46	50	43	0
00:01:46	69	37	0
00:01:47	69	37	0
00:01:47	83	35	0
00:01:48	83	35	0
00:01:48	67	35	0
00:01:49	67	35	0
00:01:49	75	43	0
00:01:50	75	43	0
00:01:50	80	38	0
00:01:51	80	40	0
00:01:51	80	40	0
00:01:52	77	47	0
00:01:52	77	47	0
00:01:53	84	38	0
00:01:53	84	38	0
00:01:54	75	51	0
00:01:54	75	51	0
00:01:55	63	48	0
00:01:55	63	48	0
00:01:56	74	50	0
00:01:56	74	50	0
00:01:57	70	48	0
00:01:57	70	48	0
00:01:58	80	40	0
00:01:58	80	40	0
00:01:59	90	37	0
00:01:59	90	37	0
00:02:00	70	35	0
00:02:00	70	35	0
00:02:01	63	43	0
00:02:01	63	43	0
00:02:02	51	41	0
00:02:02	51	41	0
00:02:03	50	63	0
00:02:03	50	63	0
00:02:04	53	57	0
00:02:04	53	57	0
00:02:05	44	54	0
00:02:05	44	54	0
00:02:06	41	51	0
00:02:06	41	51	0
00:02:07	20	35	0
00:02:07	20	35	0
00:02:08	24	38	0
00:02:08	24	38	0
00:02:09	23	40	0
00:02:10	23	40	0
00:02:10	27	47	0
00:02:11	57	34	0
00:02:11	57	34	0
00:02:12	64	21	0
00:02:12	64	21	0
00:02:13	63	16	0
00:02:13	63	16	0
00:02:14	69	21	0
00:02:14	69	21	0
00:02:15	69	38	0
00:02:15	69	38	0
00:02:16	74	53	0
00:02:16	74	53	0
00:02:17	87	63	0
00:02:17	87	63	0
00:02:18	78	56	0
00:02:18	78	56	0
00:02:19	75	60	0
00:02:20	66	50	0
00:02:20	66	50	0
00:02:21	78	41	0
00:02:21	78	41	0
00:02:22	83	38	0
00:02:22	83	38	0
00:02:23	91	35	0
00:02:23	91	35	0
00:02:24	100	27	0
00:02:24	100	27	0
00:02:25	84	26	0
00:02:25	84	26	0
00:02:26	78	21	0
00:02:26	78	21	0
00:02:27	44	16	0
00:02:27	44	16	0
00:02:28	57	10	0
00:02:28	57	10	0
00:02:29	53	21	0
00:02:29	53	21	0
00:02:30	57	34	0
00:02:30	57	34	0
00:02:31	69	34	0
00:02:31	69	34	0
00:02:32	56	50	0
00:02:32	56	50	0
00:02:33	60	51	0
00:02:33	60	51	0
00:02:34	51	57	0
00:02:34	51	57	0
00:02:35	44	69	0
00:02:35	44	69	0
00:02:36	35	74	0
00:02:36	35	74	0
00:02:37	35	75	0
00:02:37	35	75	0
00:02:38	30	74	0
00:02:38	30	74	0
00:02:39	35	67	0
00:02:39	35	67	0
00:02:40	21	56	0
00:02:40	23	48	0
00:02:41	23	48	0
00:02:41	53	34	0
00:02:42	53	34	0
00:02:42	60	27	0
00:02:43	60	27	0
00:02:44	67	26	0
00:02:44	67	26	0
00:02:45	63	24	0
00:02:45	63	24	0
00:02:46	57	35	0
00:02:46	57	35	0
00:02:47	61	35	0
00:02:47	61	35	0
00:02:48	69	34	0
00:02:48	69	34	0
00:02:49	57	23	0
00:02:49	41	29	0
00:02:50	41	29	0
00:02:50	34	34	0
00:02:51	34	34	0
00:02:51	35	38	0
00:02:52	35	38	0
00:02:52	48	56	0
00:02:53	48	56	0
00:02:54	50	48	0
00:02:54	50	48	0
00:02:55	50	50	0
00:02:55	50	50	0
00:02:56	56	60	0
00:02:56	56	60	0
00:02:57	70	54	0
00:02:57	70	54	0
00:02:58	75	56	0
00:02:58	75	56	0
00:02:59	74	63	0
00:02:59	74	63	0
00:03:00	74	51	0
00:03:00	74	51	0
00:03:01	40	54	0
00:03:01	40	54	0
00:03:02	27	64	0
00:03:02	27	64	0
00:03:03	17	54	0
00:03:03	17	54	0
00:03:04	4	57	0
00:03:04	4	57	0
00:03:05	17	66	0
00:03:05	17	66	0
00:03:06	23	48	0
00:03:06	23	48	0
00:03:07	27	48	0
00:03:07	27	48	0
00:03:08	35	30	0
00:03:08	35	30	0
00:03:09	47	8	0
00:03:09	47	8	0
00:03:10	44	1	0
00:03:10	56	1	0
00:03:11	56	1	0
00:03:11	53	14	0
00:03:12	53	14	0
00:03:12	30	20	0
00:03:13	30	20	0
00:03:13	47	38	0
00:03:14	47	38	0
00:03:14	56	51	0
00:03:15	56	51	0
00:03:15	66	48	0
00:03:16	66	48	0
00:03:16	69	70	0
00:03:17	69	70	0
00:03:17	51	80	0
00:03:18	51	80	0
00:03:19	23	63	0
00:03:19	11	57	0
00:03:20	11	57	0
00:03:20	14	24	0
00:03:21	14	24	0
00:03:21	7	3	0
00:03:22	7	3	0
00:03:22	24	14	0
00:03:23	24	14	0
00:03:23	27	30	0
00:03:24	27	30	0
00:03:24	35	50	0
00:03:25	35	50	0
00:03:25	41	80	0
00:03:26	41	80	0
00:03:26	29	74	0
00:03:27	29	74	0
00:03:27	37	69	0
00:03:28	37	69	0
00:03:29	24	57	0
00:03:29	24	57	0
00:03:30	43	43	0
00:03:30	43	43	0
00:03:31	64	51	0
00:03:31	64	51	0
00:03:32	67	34	0
00:03:32	67	34	0
00:03:33	77	35	0
00:03:33	77	35	0
00:03:34	50	26	0
00:03:34	50	26	0
00:03:35	37	23	0
00:03:35	37	23	0
00:03:36	24	26	0
00:03:36	24	26	0
00:03:37	16	30	0
00:03:37	16	30	0
00:03:38	26	44	0
00:03:38	26	44	0
00:03:39	24	54	0
00:03:39	24	54	0
00:03:40	20	54	0
00:03:40	30	48	0
00:03:41	30	48	0
00:03:41	23	54	0
00:03:42	23	54	0
00:03:42	16	60	0
00:03:43	16	60	0
00:03:43	20	63	0
00:03:44	20	63	0
00:03:44	11	74	0
00:03:45	11	74	0
00:03:45	20	53	0
00:03:46	20	53	0
00:03:46	30	43	0
00:03:47	30	43	0
00:03:47	40	35	0
00:03:48	40	35	0
00:03:48	47	26	0
00:03:49	69	24	0
00:03:49	69	24	0
00:03:50	74	27	0
00:03:50	74	27	0
00:03:51	77	27	0
00:03:51	77	27	0
00:03:52	83	23	0
00:03:53	83	23	0
00:03:53	64	26	0
00:03:54	64	26	0
00:03:54	50	35	0
00:03:55	50	35	0
00:03:55	41	27	0
00:03:56	41	27	0
00:03:56	38	44	0
00:03:57	38	44	0
00:03:57	30	48	0
00:03:58	30	48	0
00:03:58	37	29	0
00:03:59	37	29	0
00:03:59	40	24	0
00:04:00	40	24	0
00:04:00	38	20	0
00:04:01	38	20	0
00:04:01	40	26	0
00:04:02	40	26	0
00:04:02	56	38	0
00:04:03	56	38	0
00:04:04	61	57	0
00:04:04	61	57	0
00:04:05	61	64	0
00:04:05	61	64	0
00:04:06	67	61	0
00:04:06	67	61	0
00:04:07	61	61	0
00:04:07	61	61	0
00:04:08	56	61	0
00:04:08	56	61	0
00:04:09	64	54	0
00:04:09	64	54	0
00:04:10	56	54	0
00:04:10	56	54	0
00:04:11	54	54	0
00:04:11	50	43	0
00:04:12	50	43	0
00:04:12	41	41	0
00:04:13	41	41	0
00:04:13	34	35	0
00:04:14	34	35	0
00:04:14	43	29	0
00:04:15	43	29	0
00:04:15	54	44	0
00:04:16	54	44	0
00:04:16	64	47	0
00:04:17	64	47	0
00:04:17	64	53	0
00:04:18	64	53	0
00:04:18	61	51	0
00:04:19	69	47	0
00:04:19	69	47	0
00:04:20	63	53	0
00:04:20	63	53	0
00:04:21	80	50	0
00:04:21	80	50	0
00:04:22	69	50	0
00:04:22	69	50	0
00:04:23	66	56	0
00:04:23	66	56	0
00:04:24	66	54	0
00:04:24	66	54	0
00:04:25	69	66	0
00:04:25	69	66	0
00:04:26	66	56	0
00:04:27	66	56	0
00:04:27	66	53	0
00:04:28	66	53	0
00:04:28	74	44	0
00:04:29	74	44	0
00:04:29	67	47	0
00:04:30	67	47	0
00:04:30	74	69	0
00:04:31	74	69	0
00:04:31	60	64	0
00:04:32	60	64	0
00:04:32	40	70	0
00:04:33	40	70	0
00:04:33	41	67	0
00:04:34	41	67	0
00:04:34	29	56	0
00:04:35	29	56	0
00:04:35	27	60	0
00:04:36	27	60	0
00:04:36	27	47	0
00:04:37	27	47	0
00:04:38	17	47	0
00:04:38	17	47	0
00:04:39	27	51	0
00:04:39	27	51	0
00:04:40	34	44	0
00:04:40	29	60	0
00:04:41	29	60	0
00:04:41	35	54	0
00:04:42	35	54	0
00:04:42	27	51	0
00:04:43	27	51	0
00:04:43	26	48	0
00:04:44	26	48	0
00:04:44	44	41	0
00:04:45	44	41	0
00:04:45	57	37	0
00:04:46	57	37	0
00:04:46	64	41	0
00:04:47	64	41	0
00:04:47	75	47	0
00:04:48	75	47	0
00:04:48	67	54	0
00:04:49	57	48	0
00:04:49	57	48	0
00:04:50	63	47	0
00:04:50	63	47	0
00:04:51	60	47	0
00:04:51	60	47	0
00:04:52	69	41	0
00:04:52	69	41	0
00:04:53	67	44	0
00:04:53	67	44	0
00:04:54	67	48	0
00:04:54	67	48	0
00:04:55	69	47	0
00:04:55	69	47	0
00:04:56	64	37	0
00:04:56	64	37	0
00:04:57	70	37	0
00:04:57	70	37	0
00:04:58	53	29	0
00:04:58	53	29	0
00:04:59	34	23	0
00:04:59	34	23	0
00:05:00	21	34	0
00:05:01	21	34	0
00:05:01	3	41	0
00:05:02	3	41	0
00:05:02	21	53	0
00:05:03	21	53	0
00:05:03	43	67	0
00:05:04	43	67	0
00:05:04	51	57	0
00:05:05	51	57	0
00:05:05	83	41	0
00:05:06	83	41	0
00:05:06	88	35	0
00:05:07	88	35	0
00:05:07	90	29	0
00:05:08	90	29	0
00:05:08	94	30	0
00:05:09	94	30	0
00:05:09	94	40	0
00:05:10	88	38	0
00:05:10	88	38	0
00:05:11	84	50	0
00:05:12	84	50	0
00:05:12	84	54	0
00:05:13	84	54	0
00:05:13	63	57	0
00:05:14	63	57	0
00:05:14	64	67	0
00:05:15	64	67	0
00:05:15	67	53	0
00:05:16	67	53	0
00:05:16	64	54	0
00:05:17	64	54	0
00:05:17	54	51	0
00:05:18	53	50	0
00:05:18	53	50	0
00:05:19	54	50	0
00:05:19	54	50	0
00:05:20	64	40	0
00:05:20	64	40	0
00:05:21	80	53	0
00:05:21	80	53	0
00:05:22	66	41	0
00:05:22	66	41	0
00:05:23	48	53	0
00:05:23	48	53	0
00:05:24	29	54	0
00:05:24	29	54	0
00:05:25	30	54	0
00:05:25	30	54	0
00:05:26	51	60	0
00:05:26	51	60	0
00:05:27	61	50	0
00:05:27	61	50	0
00:05:28	66	53	0
00:05:28	66	53	0
00:05:29	66	48	0
00:05:29	66	48	0
00:05:30	43	44	0
00:05:30	43	44	0
00:05:31	35	40	0
00:05:31	35	40	0
00:05:32	53	21	0
00:05:32	53	21	0
00:05:33	56	16	0
00:05:33	56	16	0
00:05:34	74	21	0
00:05:34	74	21	0
00:05:35	83	26	0
00:05:36	83	26	0
00:05:36	75	40	0
00:05:37	75	40	0
00:05:37	67	38	0
00:05:38	67	38	0
00:05:38	67	37	0
00:05:39	67	37	0
00:05:39	67	53	0
00:05:40	53	57	0
00:05:40	53	57	0
00:05:41	47	61	0
00:05:41	47	61	0
00:05:42	37	66	0
00:05:42	37	66	0
00:05:43	23	60	0
00:05:43	23	60	0
00:05:44	23	61	0
00:05:44	23	61	0
00:05:45	21	63	0
00:05:46	21	63	0
00:05:46	11	38	0
00:05:47	11	38	0
00:05:47	16	37	0
00:05:48	16	37	0
00:05:48	16	37	0
00:05:49	16	24	0
00:05:49	16	24	0
00:05:50	23	41	0
00:05:50	23	41	0
00:05:51	30	35	0
00:05:51	30	35	0
00:05:52	34	37	0
00:05:52	34	37	0
00:05:53	30	47	0
00:05:53	30	47	0
00:05:54	40	41	0
00:05:54	40	41	0
00:05:55	37	41	0
00:05:55	37	41	0
00:05:56	60	29	0
00:05:56	60	29	0
00:05:57	75	24	0
00:05:57	75	24	0
00:05:58	84	38	0
00:05:58	84	38	0
00:05:59	96	41	0
00:05:59	96	41	0
00:06:00	66	54	0
00:06:00	66	54	0
00:06:01	53	48	0
00:06:01	53	48	0
00:06:02	35	35	0
00:06:02	35	35	0
00:06:03	20	48	0
00:06:03	20	48	0
00:06:04	30	54	0
00:06:04	30	54	0
00:06:05	23	66	0
00:06:05	23	66	0
00:06:06	20	78	0
00:06:06	20	78	0
00:06:07	17	63	0
00:06:07	17	63	0
00:06:08	27	51	0
00:06:08	27	51	0
00:06:09	50	53	0
00:06:10	63	37	0
00:06:10	63	37	0
00:06:11	64	34	0
00:06:11	64	34	0
00:06:12	70	24	0
00:06:12	70	24	0
00:06:13	64	24	0
00:06:13	64	24	0
00:06:14	74	43	0
00:06:14	74	43	0
00:06:15	78	60	0
00:06:15	78	60	0
00:06:16	66	75	0
00:06:16	66	75	0
00:06:17	69	70	0
00:06:17	69	70	0
00:06:18	66	67	0
00:06:18	70	53	0
00:06:19	70	53	0
00:06:19	84	44	0
00:06:20	84	44	0
00:06:21	84	40	0
00:06:21	84	40	0
00:06:22	75	40	0
00:06:22	75	40	0
00:06:23	67	30	0
00:06:23	67	30	0
00:06:24	53	27	0
00:06:24	53	27	0
00:06:25	51	35	0
00:06:25	51	35	0
00:06:26	54	41	0
00:06:26	54	41	0
00:06:27	61	53	0
00:06:27	61	53	0
00:06:28	70	57	0
00:06:28	70	57	0
00:06:29	63	47	0
00:06:29	63	47	0
00:06:30	61	35	0
00:06:30	61	35	0
00:06:31	47	11	0
00:06:31	47	11	0
00:06:32	48	16	0
00:06:32	48	16	0
00:06:33	60	27	0
00:06:33	60	27	0
00:06:34	63	17	0
00:06:34	63	17	0
00:06:35	69	40	0
00:06:35	69	40	0
00:06:36	80	41	0
00:06:36	80	41	0
00:06:37	63	41	0
00:06:37	63	41	0
00:06:38	56	63	0
00:06:38	56	63	0
00:06:39	51	69	0
00:06:39	38	78	0
00:06:40	38	78	0
00:06:40	43	70	0
00:06:41	43	70	0
00:06:41	50	66	0
00:06:42	50	66	0
00:06:42	61	50	0
00:06:43	61	50	0
00:06:43	60	44	0
00:06:44	60	44	0
00:06:45	48	44	0
00:06:45	48	44	0
00:06:46	38	43	0
00:06:46	38	43	0
00:06:47	34	60	0
00:06:47	34	60	0
00:06:48	27	61	0
00:06:48	48	63	0
00:06:49	48	63	0
00:06:49	67	60	0
00:06:50	67	60	0
00:06:50	69	41	0
00:06:51	69	41	0
00:06:51	78	38	0
00:06:52	78	38	0
00:06:52	66	38	0
00:06:53	66	38	0
00:06:53	61	27	0
00:06:54	61	27	0
00:06:54	67	43	0
00:06:55	67	43	0
00:06:56	53	37	0
00:06:56	53	37	0
00:06:57	56	41	0
00:06:57	56	41	0
00:06:58	63	48	0
00:06:58	63	48	0
00:06:59	64	47	0
00:06:59	64	47	0
00:07:00	93	38	0
00:07:00	93	38	0
00:07:01	81	27	0
00:07:01	81	27	0
00:07:02	69	20	0
00:07:02	69	20	0
00:07:03	61	24	0
00:07:03	61	24	0
00:07:04	51	41	0
00:07:04	51	41	0
00:07:05	67	44	0
00:07:05	67	44	0
00:07:06	74	50	0
00:07:06	74	50	0
00:07:07	69	35	0
00:07:07	69	35	0
00:07:08	63	23	0
00:07:08	63	23	0
00:07:09	61	34	0
00:07:09	63	41	0
00:07:10	63	41	0
00:07:10	70	50	0
00:07:11	70	50	0
00:07:11	74	61	0
00:07:12	74	61	0
00:07:12	56	40	0
00:07:13	56	40	0
00:07:13	54	38	0
00:07:14	54	38	0
00:07:14	63	37	0
00:07:15	63	37	0
00:07:15	56	27	0
00:07:16	56	27	0
00:07:16	60	43	0
00:07:17	60	43	0
00:07:17	64	50	0
00:07:18	56	43	0
00:07:18	56	43	0
00:07:19	51	47	0
00:07:20	51	47	0
00:07:20	64	51	0
00:07:21	64	51	0
00:07:21	48	38	0
00:07:22	48	38	0
00:07:22	56	40	0
00:07:23	56	40	0
00:07:23	51	30	0
00:07:24	51	30	0
00:07:24	43	27	0
00:07:25	43	27	0
00:07:25	61	37	0
00:07:26	61	37	0
00:07:26	54	51	0
00:07:27	54	51	0
00:07:27	66	70	0
00:07:28	66	70	0
00:07:28	80	77	0
00:07:29	80	77	0
00:07:30	75	75	0
00:07:30	75	75	0
00:07:31	75	70	0
00:07:31	75	70	0
00:07:32	80	69	0
00:07:32	80	69	0
00:07:33	66	63	0
00:07:33	66	63	0
00:07:34	67	63	0
00:07:34	67	63	0
00:07:35	61	64	0
00:07:35	61	64	0
00:07:36	51	69	0
00:07:36	51	69	0
00:07:37	53	63	0
00:07:37	53	63	0
00:07:38	34	54	0
00:07:38	34	54	0
00:07:39	21	40	0
00:07:39	26	30	0
00:07:40	26	30	0
00:07:40	40	35	0
00:07:41	40	35	0
00:07:41	53	47	0
00:07:42	53	47	0
00:07:42	64	50	0
00:07:43	64	50	0
00:07:43	61	51	0
00:07:44	61	51	0
00:07:44	54	54	0
00:07:45	54	54	0
00:07:45	60	50	0
00:07:46	60	50	0
00:07:46	75	60	0
00:07:47	75	60	0
00:07:47	83	51	0
00:07:48	83	51	0
00:07:48	70	56	0
00:07:49	66	67	0
00:07:49	66	67	0
00:07:50	35	51	0
00:07:50	35	51	0
00:07:51	14	43	0
00:07:51	14	43	0
00:07:52	35	37	0
00:07:52	35	37	0
00:07:53	37	14	0
00:07:54	37	14	0
00:07:54	57	37	0
00:07:55	57	37	0
00:07:55	77	57	0
00:07:56	77	57	0
00:07:56	60	63	0
00:07:57	60	63	0
00:07:57	63	74	0
00:07:58	63	74	0
00:07:58	64	63	0
00:07:59	64	63	0
00:07:59	61	48	0
00:08:00	61	48	0
00:08:00	69	47	0
00:08:01	69	47	0
00:08:01	75	40	0
00:08:02	75	40	0
00:08:02	61	41	0
00:08:03	61	41	0
00:08:04	50	60	0
00:08:04	50	60	0
00:08:05	57	63	0
00:08:05	57	63	0
00:08:06	60	51	0
00:08:06	60	51	0
00:08:07	84	48	0
00:08:07	84	48	0
00:08:08	100	40	0
00:08:08	100	40	0
00:08:09	94	44	0
00:08:09	93	57	0
00:08:10	93	57	0
00:08:10	90	54	0
00:08:11	90	54	0
00:08:11	88	61	0
00:08:12	88	61	0
00:08:12	80	47	0
00:08:13	80	47	0
00:08:13	66	51	0
00:08:14	66	51	0
00:08:14	34	44	0
00:08:15	34	44	0
00:08:15	17	40	0
00:08:16	17	40	0
00:08:16	23	41	0
00:08:17	41	41	0
00:08:17	41	41	0
00:08:18	57	50	0
00:08:18	57	50	0
00:08:19	80	44	0
00:08:19	80	44	0
00:08:20	66	48	0
00:08:20	66	48	0
00:08:21	64	53	0
00:08:21	64	53	0
00:08:22	66	56	0
00:08:22	66	56	0
00:08:23	64	54	0
00:08:23	64	54	0
00:08:24	75	61	0
00:08:24	75	61	0
00:08:25	64	44	0
00:08:25	64	44	0
00:08:26	60	41	0
00:08:26	60	41	0
00:08:27	60	43	0
00:08:28	60	43	0
00:08:28	69	40	0
00:08:29	69	40	0
00:08:29	61	56	0
00:08:30	61	56	0
00:08:30	66	51	0
00:08:31	66	51	0
00:08:31	40	48	0
00:08:32	40	48	0
00:08:32	40	48	25
00:08:33	40	48	25
00:08:33	23	47	0
00:08:34	23	47	0
00:08:34	27	44	0
00:08:35	27	44	0
00:08:35	29	51	0
00:08:36	29	51	0
00:08:36	56	56	0
00:08:37	56	56	0
00:08:38	64	40	0
00:08:38	63	38	0
00:08:39	63	38	0
00:08:39	70	35	0
00:08:40	70	35	0
00:08:40	69	43	0
00:08:41	69	43	0
00:08:41	66	54	0
00:08:42	66	54	0
00:08:42	60	48	0
00:08:43	60	48	0
00:08:43	38	60	0
00:08:44	38	60	0
00:08:44	27	53	0
00:08:45	27	53	0
00:08:45	14	43	0
00:08:46	14	43	0
00:08:46	13	44	0
00:08:47	13	44	0
00:08:47	17	24	0
00:08:48	14	40	0
00:08:48	14	40	0
00:08:49	30	51	0
00:08:49	30	51	0
00:08:50	37	43	0
00:08:50	37	43	0
00:08:51	61	47	0
00:08:51	61	47	0
00:08:52	87	24	0
00:08:52	87	24	0
00:08:53	90	24	0
00:08:53	90	24	0
00:08:54	100	43	0
00:08:54	100	43	0
00:08:55	70	40	0
00:08:55	70	40	0
00:08:56	34	44	0
00:08:56	34	44	0
00:08:57	20	50	0
00:08:57	20	50	0
00:08:58	8	50	0
00:08:58	8	50	0
00:08:59	26	66	0
00:08:59	26	66	0
00:09:00	43	78	0
00:09:00	43	78	0
00:09:01	44	87	0
00:09:01	44	87	0
00:09:02	37	80	0
00:09:03	37	80	0
00:09:03	27	83	0
00:09:04	27	83	0
00:09:04	29	67	0
00:09:05	29	67	0
00:09:05	16	41	0
00:09:06	16	41	0
00:09:06	21	35	0
00:09:07	21	35	0
00:09:07	14	21	0
00:09:08	14	21	0
00:09:08	4	20	0
00:09:09	27	26	0
00:09:09	27	26	0
00:09:10	53	24	0
00:09:10	53	24	0
00:09:11	69	26	0
00:09:11	69	26	0
00:09:12	80	40	0
00:09:13	80	40	0
00:09:13	87	53	0
00:09:14	87	53	0
00:09:14	80	61	0
00:09:15	80	61	0
00:09:15	93	60	0
00:09:16	93	60	0
00:09:16	100	53	0
00:09:17	100	53	0
00:09:17	91	54	0
00:09:18	94	50	0
00:09:18	94	50	0
00:09:19	77	54	0
00:09:19	77	54	0
00:09:20	64	53	0
00:09:20	64	53	0
00:09:21	69	56	0
00:09:21	69	56	0
00:09:22	48	50	0
00:09:22	48	50	0
00:09:23	60	51	0
00:09:23	60	51	0
00:09:24	66	47	0
00:09:24	66	47	0
00:09:25	70	48	0
00:09:25	70	48	0
00:09:26	77	63	0
00:09:26	77	63	0
00:09:27	69	60	0
00:09:27	69	60	0
00:09:28	66	63	0
00:09:28	66	63	0
00:09:29	60	64	0
00:09:29	60	64	0
00:09:30	63	54	0
00:09:30	63	54	0
00:09:31	67	61	0
00:09:31	67	61	0
00:09:32	69	64	0
00:09:32	69	64	0
00:09:33	75	50	0
00:09:33	75	50	0
00:09:34	67	60	0
00:09:34	67	60	0
00:09:35	66	57	0
00:09:35	66	57	0
00:09:36	66	63	0
00:09:37	66	63	0
00:09:37	64	63	0
00:09:38	64	63	0
00:09:38	57	60	0
00:09:39	53	64	0
00:09:39	53	64	0
00:09:40	53	56	0
00:09:40	53	56	0
00:09:41	43	64	0
00:09:41	43	64	0
00:09:42	53	83	0
00:09:42	53	83	0
00:09:43	51	74	0
00:09:43	51	74	0
00:09:44	43	80	0
00:09:44	43	80	0
00:09:45	47	77	0
00:09:45	47	77	0
00:09:46	56	61	0
00:09:46	56	61	0
00:09:47	57	66	0
00:09:48	70	63	0
00:09:48	70	63	0
00:09:49	75	63	0
00:09:49	75	63	0
00:09:50	75	61	0
00:09:50	75	61	0
00:09:51	69	51	0
00:09:51	69	51	0
00:09:52	53	53	0
00:09:52	53	53	0
00:09:53	34	47	0
00:09:53	34	47	0
00:09:54	16	67	0
00:09:54	16	67	0
00:09:55	14	74	0
00:09:55	14	74	0
00:09:56	17	61	0
00:09:56	17	61	0
00:09:57	26	69	0
00:09:57	26	69	0
00:09:58	23	40	0
00:09:58	23	40	0
00:09:59	24	37	0
00:09:59	24	37	0
00:10:00	23	30	0
00:10:00	23	30	0
00:10:01	21	23	0
00:10:01	21	23	0
00:10:02	44	30	0
00:10:02	44	30	0
00:10:03	57	26	0
00:10:03	57	26	0
00:10:04	69	27	0
00:10:04	69	27	0
00:10:05	91	27	0
00:10:05	91	27	0
00:10:06	75	26	0
00:10:06	75	26	0
00:10:07	64	41	0
00:10:07	64	41	0
00:10:08	66	44	0
00:10:08	66	44	0
00:10:09	61	53	0
00:10:09	61	56	0
00:10:10	61	56	0
00:10:10	53	44	0
00:10:11	53	44	0
00:10:12	51	54	0
00:10:12	51	54	0
00:10:13	43	47	0
00:10:13	43	47	0
00:10:14	54	50	0
00:10:14	54	50	0
00:10:15	56	38	0
00:10:15	56	38	0
00:10:16	60	40	0
00:10:16	60	40	0
00:10:17	63	44	0
00:10:17	63	44	0
00:10:18	44	34	0
00:10:18	44	50	0
00:10:19	44	50	0
00:10:19	27	48	0
00:10:20	27	48	0
00:10:20	41	43	0
00:10:21	41	43	0
00:10:21	69	50	0
00:10:22	69	50	0
00:10:23	67	44	0
00:10:23	67	44	0
00:10:24	81	43	0
00:10:24	81	43	0
00:10:25	78	43	0
00:10:25	78	43	0
00:10:26	69	47	0
00:10:26	69	47	0
00:10:27	87	47	0
00:10:27	87	47	0
00:10:28	77	51	0
00:10:28	77	51	0
00:10:29	75	60	0
00:10:29	75	60	0
00:10:30	57	57	0
00:10:30	57	57	0
00:10:31	57	61	0
00:10:31	57	61	0
00:10:32	61	56	0
00:10:32	61	56	0
00:10:33	60	53	0
00:10:33	60	53	0
00:10:34	67	56	0
00:10:34	67	56	0
00:10:35	50	47	0
00:10:35	50	47	0
00:10:36	41	40	0
00:10:36	41	40	0
00:10:37	23	27	0
00:10:37	23	27	0
00:10:38	17	21	0
00:10:38	17	21	0
00:10:39	20	21	0
00:10:39	17	37	0
00:10:40	17	37	0
00:10:40	16	38	0
00:10:41	16	38	0
00:10:41	26	44	0
00:10:42	26	44	0
00:10:42	41	44	0
00:10:43	41	44	0
00:10:43	57	35	0
00:10:44	57	35	0
00:10:44	84	37	0
00:10:45	84	37	0
00:10:45	87	35	0
00:10:46	87	35	0
00:10:47	88	40	0
00:10:47	88	40	0
00:10:48	91	43	0
00:10:48	88	54	0
00:10:49	88	54	0
00:10:49	78	53	0
00:10:50	78	53	0
00:10:50	67	69	0
00:10:51	67	69	0
00:10:51	57	80	0
00:10:52	57	80	0
00:10:52	50	70	0
00:10:53	50	70	0
00:10:53	51	70	0
00:10:54	51	70	0
00:10:54	50	63	0
00:10:55	50	63	0
00:10:55	60	56	0
00:10:56	60	56	0
00:10:57	60	50	0
00:10:57	60	50	0
00:10:58	54	44	0
00:10:58	54	44	0
00:10:59	57	35	0
00:10:59	57	35	0
00:11:00	51	37	0
00:11:00	51	37	0
00:11:01	56	40	0
00:11:01	56	40	0
00:11:02	80	43	0
00:11:02	80	43	0
00:11:03	84	44	0
00:11:03	84	44	0
00:11:04	80	37	0
00:11:04	80	37	0
00:11:05	75	48	0
00:11:05	75	48	0
00:11:06	66	43	0
00:11:06	66	43	0
00:11:07	69	44	0
00:11:07	69	44	0
00:11:08	67	56	0
00:11:08	67	56	0
00:11:09	64	50	0
00:11:09	56	51	0
00:11:10	56	51	0
00:11:10	47	41	0
00:11:11	47	41	0
00:11:11	57	27	0
00:11:12	57	27	0
00:11:12	63	41	0
00:11:13	63	41	0
00:11:13	70	35	0
00:11:14	70	35	0
00:11:14	84	41	0
00:11:15	84	41	0
00:11:15	67	50	0
00:11:16	67	50	0
00:11:16	61	35	0
00:11:17	61	35	0
00:11:17	38	35	0
00:11:18	14	30	0
00:11:18	14	30	0
00:11:19	14	20	0
00:11:19	14	20	0
00:11:20	24	20	0
00:11:20	24	20	0
00:11:21	47	20	0
00:11:22	47	20	0
00:11:22	70	16	0
00:11:23	70	16	0
00:11:23	87	27	0
00:11:24	87	27	0
00:11:24	87	24	0
00:11:25	87	24	0
00:11:25	91	30	0
00:11:26	91	30	0
00:11:26	63	40	0
00:11:27	63	40	0
00:11:27	47	47	0
00:11:28	47	47	0
00:11:28	35	60	0
00:11:29	35	60	0
00:11:29	29	51	0
00:11:30	29	51	0
00:11:30	60	41	0
00:11:31	60	41	0
00:11:32	80	27	0
00:11:32	80	27	0
00:11:33	91	30	0
00:11:33	91	30	0
00:11:34	94	40	0
00:11:34	94	40	0
00:11:35	83	53	0
00:11:35	83	53	0
00:11:36	75	57	0
00:11:36	75	57	0
00:11:37	67	53	0
00:11:37	67	53	0
00:11:38	67	56	0
00:11:38	67	56	0
00:11:39	84	51	0
00:11:39	84	51	0
00:11:40	94	51	0
00:11:40	100	30	0
00:11:41	100	30	0
00:11:41	100	24	0
00:11:42	100	24	0
00:11:42	94	29	0
00:11:43	94	29	0
00:11:43	84	37	0
00:11:44	84	37	0
00:11:44	67	63	0
00:11:45	67	63	0
00:11:45	63	64	0
00:11:46	63	64	0
00:11:46	75	63	0
00:11:47	75	63	0
00:11:47	80	63	0
00:11:48	81	60	0
00:11:48	81	60	0
00:11:49	69	61	0
00:11:49	69	61	0
00:11:50	53	67	0
00:11:50	53	67	0
00:11:51	48	69	0
00:11:51	48	69	0
00:11:52	47	70	0
00:11:52	47	70	0
00:11:53	57	80	0
00:11:53	57	80	0
00:11:54	64	70	0
00:11:54	64	70	0
00:11:55	75	63	0
00:11:55	75	63	0
00:11:56	63	54	0
00:11:57	63	54	0
00:11:57	50	30	0
00:11:58	50	30	0
00:11:58	43	37	0
00:11:59	43	37	0
00:11:59	16	30	0
00:12:00	16	30	0
00:12:00	27	35	0
00:12:01	27	35	0
00:12:01	38	50	0
00:12:02	38	50	0
00:12:02	35	43	0
00:12:03	35	43	0
00:12:03	44	54	0
00:12:04	44	54	0
00:12:04	34	40	0
00:12:05	34	40	0
00:12:05	35	40	0
00:12:06	35	40	0
00:12:07	40	40	0
00:12:07	40	40	0
00:12:08	53	29	0
00:12:08	53	29	0
00:12:09	69	43	0
00:12:09	69	43	0
00:12:10	74	41	0
00:12:10	77	51	0
00:12:11	77	51	0
00:12:11	54	67	0
00:12:12	54	67	0
00:12:12	43	81	0
00:12:13	43	81	0
00:12:13	41	69	0
00:12:14	41	69	0
00:12:14	30	63	0
00:12:15	30	63	0
00:12:15	30	43	0
00:12:16	30	43	0
00:12:16	38	40	0
00:12:17	38	40	0
00:12:17	41	57	0
00:12:18	41	57	0
00:12:18	61	57	0
00:12:19	67	61	0
00:12:19	67	61	0
00:12:20	63	57	0
00:12:20	63	57	0
00:12:21	51	57	0
00:12:21	51	57	0
00:12:22	47	54	0
00:12:22	47	54	0
00:12:23	47	48	0
00:12:23	47	48	0
00:12:24	51	44	0
00:12:24	51	44	0
00:12:25	56	29	0
00:12:25	56	29	0
00:12:26	63	23	0
00:12:26	63	23	0
00:12:27	61	24	0
00:12:27	61	24	0
00:12:28	56	26	0
00:12:28	56	26	0
00:12:29	57	34	0
00:12:29	57	34	0
00:12:30	50	43	0
00:12:30	50	43	0
00:12:31	56	60	0
00:12:32	56	60	0
00:12:32	70	54	0
00:12:33	70	54	0
00:12:33	80	56	0
00:12:34	80	56	0
00:12:34	77	61	0
00:12:35	77	61	0
00:12:35	64	56	0
00:12:36	64	56	0
00:12:36	40	60	0
00:12:37	40	60	0
00:12:37	24	66	0
00:12:38	24	66	0
00:12:38	11	53	0
00:12:39	11	53	0
00:12:39	8	48	0
00:12:40	13	44	0
00:12:40	13	44	0
00:12:41	24	35	0
00:12:42	24	35	0
00:12:42	40	44	0
00:12:43	40	44	0
00:12:43	38	40	0
00:12:44	38	40	0
00:12:44	47	38	0
00:12:45	47	38	0
00:12:45	35	51	0
00:12:46	35	51	0
00:12:46	38	40	0
00:12:47	38	40	0
00:12:47	57	35	0
00:12:48	57	35	0
00:12:48	54	44	0
00:12:49	53	47	0
00:12:49	53	47	0
00:12:50	43	60	0
00:12:50	43	60	0
00:12:51	24	64	0
00:12:51	24	64	0
00:12:52	20	63	0
00:12:52	20	63	0
00:12:53	20	54	0
00:12:53	20	54	0
00:12:54	10	60	0
00:12:54	10	60	0
00:12:55	10	78	0
00:12:55	10	78	0
00:12:56	7	67	0
00:12:56	7	67	0
00:12:57	24	67	0
00:12:57	24	67	0
00:12:58	29	56	0
00:12:58	29	56	0
00:12:59	53	43	0
00:12:59	53	43	0
00:13:00	67	56	0
00:13:00	67	56	0
00:13:01	60	56	0
00:13:01	60	56	0
00:13:02	61	54	0
00:13:02	61	54	0
00:13:03	53	57	0
00:13:03	53	57	0
00:13:04	40	57	0
00:13:04	40	57	0
00:13:05	24	69	0
00:13:06	24	69	0
00:13:06	20	67	0
00:13:07	20	67	0
00:13:07	8	63	0
00:13:08	8	63	0
00:13:08	1	60	0
00:13:09	1	60	0
00:13:09	10	50	0
00:13:10	10	50	0
00:13:10	10	66	0
00:13:11	10	66	26
00:13:11	10	66	26
00:13:12	10	64	0
00:13:12	10	64	0
00:13:13	21	63	0
00:13:13	21	63	0
00:13:14	17	50	0
00:13:14	17	50	0
00:13:15	14	41	0
00:13:16	14	41	0
00:13:16	23	50	0
00:13:17	23	50	0
00:13:17	20	43	0
00:13:18	20	43	0
00:13:18	14	47	0
00:13:19	17	50	0
00:13:19	17	50	0
00:13:20	14	41	0
00:13:20	14	41	0
00:13:21	14	44	0
00:13:21	14	44	0
00:13:22	16	57	0
00:13:22	16	57	0
00:13:23	8	63	0
00:13:23	8	63	0
00:13:24	1	63	0
00:13:24	1	63	0
00:13:25	1	69	0
00:13:25	1	69	0
00:13:26	4	61	0
00:13:26	4	61	0
00:13:27	26	56	0
00:13:27	26	56	0
00:13:28	26	61	0
00:13:28	26	61	0
00:13:29	29	54	0
00:13:29	29	54	0
00:13:30	26	44	0
00:13:30	26	44	0
00:13:31	16	44	0
00:13:31	16	44	0
00:13:32	24	41	0
00:13:32	24	41	0
00:13:33	20	43	0
00:13:33	20	43	0
00:13:34	24	54	0
00:13:34	24	54	0
00:13:35	24	44	0
00:13:35	24	44	0
00:13:36	38	43	0
00:13:36	38	43	0
00:13:37	57	50	0
00:13:37	57	50	0
00:13:38	60	41	0
00:13:38	83	38	0
00:13:39	83	38	0
00:13:40	61	34	0
00:13:40	61	34	0
00:13:41	63	34	0
00:13:41	63	34	0
00:13:42	70	43	0
00:13:42	70	43	0
00:13:43	61	54	0
00:13:43	61	54	0
00:13:44	80	61	0
00:13:44	80	61	0
00:13:45	69	51	0
00:13:45	69	51	0
00:13:46	53	53	0
00:13:46	53	53	0
00:13:47	43	50	0
00:13:47	30	51	0
00:13:48	30	51	0
00:13:48	17	67	0
00:13:49	17	67	0
00:13:50	21	63	0
00:13:50	21	63	0
00:13:51	11	67	0
00:13:51	11	67	0
00:13:52	7	67	0
00:13:52	7	67	0
00:13:53	8	61	0
00:13:53	8	61	0
00:13:54	10	74	0
00:13:54	10	74	0
00:13:55	11	67	0
00:13:55	11	67	0
00:13:56	14	70	0
00:13:56	14	70	0
00:13:57	27	69	0
00:13:57	27	69	0
00:13:58	34	67	0
00:13:58	34	67	0
00:13:59	38	69	0
00:13:59	38	69	0
00:14:00	38	60	0
00:14:00	38	60	0
00:14:01	26	69	0
00:14:01	26	69	0
00:14:02	23	47	0
00:14:02	23	47	0
00:14:03	13	50	0
00:14:03	13	50	0
00:14:04	13	56	0
00:14:04	13	56	0
00:14:05	8	40	0
00:14:05	8	40	0
00:14:06	8	40	0
00:14:06	8	40	0
00:14:07	7	35	0
00:14:07	7	35	0
00:14:08	4	29	0
00:14:08	4	29	0
00:14:09	20	30	0
00:14:09	21	41	0
00:14:10	21	41	0
00:14:10	30	56	0
00:14:11	30	56	0
00:14:11	34	51	0
00:14:12	34	51	0
00:14:12	24	47	0
00:14:13	24	47	0
00:14:14	21	35	0
00:14:14	21	35	0
00:14:15	34	27	0
00:14:15	34	27	0
00:14:16	30	35	0
00:14:16	30	35	0
00:14:17	37	43	0
00:14:17	37	43	0
00:14:18	30	40	0
00:14:18	14	38	0
00:14:19	14	38	0
00:14:19	37	29	0
00:14:20	37	29	0
00:14:20	30	27	0
00:14:21	30	27	0
00:14:21	41	30	0
00:14:22	41	30	0
00:14:22	57	29	0
00:14:23	57	29	0
00:14:24	44	38	0
00:14:24	44	38	0
00:14:25	50	24	0
00:14:25	50	24	0
00:14:26	57	34	0
00:14:26	57	34	0
00:14:27	37	41	0
00:14:27	37	41	0
00:14:28	26	40	0
00:14:28	26	40	0
00:14:29	24	60	0
00:14:29	24	60	0
00:14:30	13	56	0
00:14:30	13	56	0
00:14:31	27	53	0
00:14:31	27	53	0
00:14:32	47	53	0
00:14:32	47	53	0
00:14:33	51	41	0
00:14:33	51	41	0
00:14:34	44	51	0
00:14:34	44	51	0
00:14:35	30	54	0
00:14:35	30	54	0
00:14:36	13	37	0
00:14:36	13	37	0
00:14:37	7	41	0
00:14:37	7	41	0
00:14:38	16	34	0
00:14:38	10	20	0
00:14:39	10	20	0
00:14:39	4	23	0
00:14:40	4	23	0
00:14:40	1	29	0
00:14:41	1	29	0
00:14:41	1	34	0
00:14:42	1	34	0
00:14:42	4	53	0
00:14:43	4	53	0
00:14:43	11	80	0
00:14:44	11	80	0
00:14:44	17	70	0
00:14:45	17	70	0
00:14:45	13	64	0
00:14:46	13	64	0
00:14:46	11	74	0
00:14:47	14	57	0
00:14:48	14	57	0
00:14:48	11	64	0
00:14:49	11	64	0
00:14:49	13	53	0
00:14:50	13	53	0
00:14:50	17	34	0
00:14:51	17	34	0
00:14:51	23	27	0
00:14:52	23	27	0
00:14:52	30	37	0
00:14:53	30	37	0
00:14:53	44	48	0
00:14:54	44	48	0
00:14:54	51	53	0
00:14:55	51	53	0
00:14:55	53	60	0
00:14:56	53	60	0
00:14:56	47	57	0
00:14:57	47	57	0
00:14:57	43	47	0
00:14:58	43	47	0
00:14:59	41	40	0
00:14:59	41	40	0
00:15:00	37	38	0
00:15:00	37	38	0
00:15:01	29	27	0
00:15:01	29	27	0
00:15:02	21	38	0
00:15:02	21	38	0
00:15:03	16	41	0
00:15:03	16	41	0
00:15:04	1	30	0
00:15:04	1	30	0
00:15:05	1	30	26
00:15:05	1	30	26
00:15:06	1	23	0
00:15:06	1	23	0
00:15:07	3	16	0
00:15:07	3	16	0
00:15:08	1	17	0
00:15:08	1	17	0
00:15:09	8	23	0
00:15:09	23	38	0
00:15:10	23	38	0
00:15:10	27	37	0
00:15:11	27	37	0
00:15:11	48	29	0
00:15:12	48	29	0
00:15:12	63	41	0
00:15:13	63	41	0
00:15:13	66	34	0
00:15:14	66	34	0
00:15:14	67	43	0
00:15:15	67	43	0
00:15:15	57	50	0
00:15:16	57	50	0
00:15:16	40	37	0
00:15:17	40	37	0
00:15:17	24	47	0
00:15:18	14	63	0
00:15:18	14	63	0
00:15:19	10	66	0
00:15:19	10	66	0
00:15:20	11	78	0
00:15:20	11	78	0
00:15:21	27	67	0
00:15:21	27	67	0
00:15:22	30	53	0
00:15:23	30	53	0
00:15:23	38	66	0
00:15:24	38	66	0
00:15:24	41	67	0
00:15:25	41	67	0
00:15:25	41	67	0
00:15:26	41	67	0
00:15:26	17	83	0
00:15:27	17	83	0
00:15:27	23	66	0
00:15:28	23	66	0
00:15:28	30	63	0
00:15:29	30	63	0
00:15:29	29	63	0
00:15:30	29	63	0
00:15:30	40	53	0
00:15:31	40	53	0
00:15:31	40	57	0
00:15:32	40	57	0
00:15:33	26	64	0
00:15:33	26	64	0
00:15:34	29	69	0
00:15:34	29	69	0
00:15:35	30	66	0
00:15:35	30	66	0
00:15:36	27	57	0
00:15:36	27	57	0
00:15:37	38	54	0
00:15:37	38	54	0
00:15:38	48	50	0
00:15:38	29	56	0
00:15:39	29	56	0
00:15:39	17	51	0
00:15:40	17	51	0
00:15:40	8	44	0
00:15:41	8	44	0
00:15:41	1	38	0
00:15:42	1	38	0
00:15:42	11	37	0
00:15:43	11	37	0
00:15:43	20	35	0
00:15:44	20	35	0
00:15:44	38	26	0
00:15:45	38	26	0
00:15:45	41	30	0
00:15:46	41	30	0
00:15:46	48	29	0
00:15:47	50	41	0
00:15:47	50	41	0
00:15:48	34	48	0
00:15:48	34	48	0
00:15:49	24	48	0
00:15:49	24	48	0
00:15:50	23	61	0
00:15:50	23	61	0
00:15:51	35	40	0
00:15:51	35	40	0
00:15:52	44	47	0
00:15:52	44	47	0
00:15:53	48	47	0
00:15:53	48	47	0
00:15:54	40	41	0
00:15:54	40	41	0
00:15:55	21	50	0
00:15:55	21	50	0
00:15:56	11	48	0
00:15:57	11	48	0
00:15:57	10	54	0
00:15:58	10	54	0
00:15:58	10	54	0
00:15:59	10	54	0
00:15:59	17	70	0
00:16:00	17	70	0
00:16:00	17	53	0
00:16:01	17	53	0
00:16:01	26	43	0
00:16:02	26	43	0
00:16:02	26	24	0
00:16:03	26	24	0
00:16:03	21	17	0
00:16:04	21	17	0
00:16:04	40	29	0
00:16:05	40	29	0
00:16:06	35	26	0
00:16:06	35	26	0
00:16:07	47	41	0
00:16:07	47	35	0
00:16:08	47	35	0
00:16:08	35	37	0
00:16:09	35	37	0
00:16:09	37	44	0
00:16:10	37	44	0
00:16:10	37	50	0
00:16:11	37	50	0
00:16:11	54	56	0
00:16:12	54	56	0
00:16:12	64	61	0
00:16:13	64	61	0
00:16:13	74	54	0
00:16:14	74	54	0
00:16:14	67	44	0
00:16:15	67	44	0
00:16:15	44	44	0
00:16:16	27	38	0
00:16:16	27	38	0
00:16:17	14	50	0
00:16:17	14	50	0
00:16:18	1	41	0
00:16:18	1	41	0
00:16:19	4	40	0
00:16:19	4	40	0
00:16:20	4	50	0
00:16:20	4	50	0
00:16:21	13	38	0
00:16:21	13	38	0
00:16:22	17	43	0
00:16:22	17	43	0
00:16:23	23	44	0
00:16:23	23	44	0
00:16:24	17	24	0
00:16:24	17	24	0
00:16:25	17	21	0
00:16:25	17	21	0
00:16:26	26	27	0
00:16:26	26	27	0
00:16:27	29	13	0
00:16:27	29	13	0
00:16:28	34	29	0
00:16:28	34	29	0
00:16:29	38	38	0
00:16:30	38	38	0
00:16:30	29	44	0
00:16:31	29	44	0
00:16:31	38	54	0
00:16:32	38	54	0
00:16:32	41	56	0
00:16:33	41	56	0
00:16:33	47	51	0
00:16:34	47	51	0
00:16:34	57	53	0
00:16:35	57	53	0
00:16:35	53	41	0
00:16:36	53	41	0
00:16:36	63	47	0
00:16:37	60	54	0
00:16:37	60	54	0
00:16:38	66	41	0
00:16:38	66	41	0
00:16:39	57	50	0
00:16:39	57	50	0
00:16:40	47	47	0
00:16:41	47	47	0
00:16:41	30	51	0
00:16:42	30	51	0
00:16:42	14	51	0
00:16:43	14	51	0
00:16:43	21	56	0
00:16:44	21	56	0
00:16:44	34	47	0
00:16:45	34	47	0
00:16:45	34	47	0
00:16:46	60	40	0
00:16:46	60	40	0
00:16:47	64	41	0
00:16:47	64	41	0
00:16:48	69	40	0
00:16:48	69	40	0
00:16:49	66	41	0
00:16:49	66	41	0
00:16:50	74	50	0
00:16:50	74	50	0
00:16:51	66	53	0
00:16:51	66	53	0
00:16:52	43	63	0
00:16:52	43	63	0
00:16:53	35	77	0
00:16:53	35	77	0
00:16:54	13	66	0
00:16:54	13	66	0
00:16:55	8	60	0
00:16:55	8	60	0
00:16:56	17	50	0
00:16:56	17	50	0
00:16:57	30	43	0
00:16:57	30	43	0
00:16:58	51	37	0
00:16:58	51	37	0
00:16:59	66	38	0
00:16:59	66	38	0
00:17:00	78	40	0
00:17:00	78	40	0
00:17:01	56	35	0
00:17:01	56	35	0
00:17:02	60	48	0
00:17:02	60	48	0
00:17:03	48	48	0
00:17:03	48	48	0
00:17:04	30	54	0
00:17:05	30	54	0
00:17:05	53	51	0
00:17:06	53	51	0
00:17:06	30	48	0
00:17:07	21	48	0
00:17:07	21	48	0
00:17:08	21	48	0
00:17:08	21	48	0
00:17:09	1	44	0
00:17:09	1	44	0
00:17:10	8	38	0
00:17:10	8	38	0
00:17:11	16	37	0
00:17:11	16	37	0
00:17:12	14	30	0
00:17:12	14	30	0
00:17:13	23	54	0
00:17:13	23	54	0
00:17:14	13	51	0
00:17:15	13	51	0
00:17:15	8	67	0
00:17:16	10	78	0
00:17:16	10	78	0
00:17:17	7	48	0
00:17:17	7	48	0
00:17:18	24	50	0
00:17:18	24	50	0
00:17:19	29	37	0
00:17:19	29	37	0
00:17:20	30	37	0
00:17:20	30	37	0
00:17:21	30	50	0
00:17:21	30	50	0
00:17:22	26	54	0
00:17:22	26	54	0
00:17:23	16	48	0
00:17:23	16	48	0
00:17:24	16	43	0
00:17:24	16	43	0
00:17:25	16	43	0
00:17:25	16	43	0
00:17:26	21	38	0
00:17:26	21	38	0
00:17:27	26	41	0
00:17:27	26	41	0
00:17:28	30	50	0
00:17:28	30	50	0
00:17:29	26	43	0
00:17:29	26	43	0
00:17:30	23	47	0
00:17:30	23	47	0
00:17:31	27	47	0
00:17:31	27	47	0
00:17:32	27	37	0
00:17:32	27	37	0
00:17:33	35	41	0
00:17:33	35	41	0
00:17:34	40	41	0
00:17:34	40	41	0
00:17:35	40	41	0
00:17:35	40	41	0
00:17:36	40	47	0
00:17:36	30	56	0
00:17:37	30	56	0
00:17:37	26	61	0
00:17:38	26	61	0
00:17:39	17	70	0
00:17:39	17	70	0
00:17:40	16	69	0
00:17:40	16	69	0
00:17:41	8	60	0
00:17:41	8	60	0
00:17:42	7	64	0
00:17:42	7	64	0
00:17:43	1	61	0
00:17:43	1	61	0
00:17:44	1	57	0
00:17:44	1	57	0
00:17:45	8	56	0
00:17:45	8	56	0
00:17:46	10	50	0
00:17:46	11	38	0
00:17:47	11	38	0
00:17:47	13	47	0
00:17:48	13	47	0
00:17:48	17	44	0
00:17:49	17	44	0
00:17:50	21	51	0
00:17:50	21	51	0
00:17:51	23	64	0
00:17:51	23	64	0
00:17:52	24	50	0
00:17:52	24	50	0
00:17:53	17	50	0
00:17:53	17	50	0
00:17:54	11	41	0
00:17:54	11	41	0
00:17:55	13	29	0
00:17:55	13	29	0
00:17:56	3	40	0
00:17:56	3	40	0
00:17:57	1	43	0
00:17:57	1	43	0
00:17:58	1	47	0
00:17:58	1	47	0
00:17:59	1	51	0
00:17:59	1	51	0
00:18:00	1	44	0
00:18:00	1	44	0
00:18:01	1	48	0
00:18:01	1	48	0
00:18:02	4	37	0
00:18:02	4	37	0
00:18:03	7	38	0
00:18:03	7	38	0
00:18:04	8	34	0
00:18:04	8	34	0
00:18:05	1	30	0
00:18:05	1	30	0
00:18:06	11	43	0
00:18:06	4	47	0
00:18:07	4	47	0
00:18:07	14	57	0
00:18:08	14	57	0
00:18:08	10	60	0
00:18:09	10	60	0
00:18:09	1	44	0
00:18:10	1	44	0
00:18:10	4	29	0
00:18:11	4	29	0
00:18:11	13	30	0
00:18:12	13	30	0
00:18:12	20	35	0
00:18:13	20	35	0
00:18:14	20	48	0
00:18:14	20	48	0
00:18:15	23	61	0
00:18:15	17	66	0
00:18:16	17	66	0
00:18:16	24	69	0
00:18:17	24	69	0
00:18:17	26	57	0
00:18:18	26	57	0
00:18:18	29	56	0
00:18:19	29	56	0
00:18:19	29	35	0
00:18:20	29	35	0
00:18:20	20	38	0
00:18:21	20	38	0
00:18:21	20	48	0
00:18:22	20	48	0
00:18:22	11	44	0
00:18:23	11	44	0
00:18:24	8	54	0
00:18:24	8	54	0
00:18:25	20	50	0
00:18:25	20	50	0
00:18:26	17	47	0
00:18:26	17	47	0
00:18:27	14	35	0
00:18:27	14	35	0
00:18:28	11	26	0
00:18:28	11	26	0
00:18:29	7	29	0
00:18:29	7	29	0
00:18:30	1	27	0
00:18:30	1	27	0
00:18:31	7	41	0
00:18:31	7	41	0
00:18:32	7	43	0
00:18:32	7	43	0
00:18:33	8	27	0
00:18:33	8	27	0
00:18:34	17	26	0
00:18:34	17	26	0
00:18:35	29	17	0
00:18:35	29	17	0
00:18:36	38	24	0
00:18:36	38	24	0
00:18:37	47	30	0
00:18:37	51	30	0
00:18:38	51	30	0
00:18:38	43	26	0
00:18:39	43	26	0
00:18:39	35	29	0
00:18:40	35	29	0
00:18:40	34	26	0
00:18:41	34	26	0
00:18:41	20	35	0
00:18:42	20	35	0
00:18:42	24	43	0
00:18:43	24	43	0
00:18:43	26	44	0
00:18:44	26	44	0
00:18:44	14	37	0
00:18:45	14	37	0
00:18:45	20	35	0
00:18:46	11	48	0
00:18:46	11	48	0
00:18:47	16	41	0
00:18:48	16	41	0
00:18:48	26	53	0
00:18:49	26	53	0
00:18:49	27	44	0
00:18:50	27	44	0
00:18:50	37	34	0
00:18:51	37	34	0
00:18:51	38	35	0
00:18:52	38	35	0
00:18:52	41	35	0
00:18:53	41	35	0
00:18:53	38	23	0
00:18:54	38	23	0
00:18:54	40	30	0
00:18:55	40	30	0
00:18:55	43	26	0
00:18:56	43	26	0
00:18:56	43	24	0
00:18:57	43	24	0
00:18:58	53	43	0
00:18:59	64	29	0
00:19:00	77	41	0
00:19:01	78	43	0
00:19:02	80	37	0
00:19:03	69	48	0
00:19:04	66	51	0
00:19:05	75	54	0
00:19:06	83	57	0
00:19:07	94	54	0
00:19:08	96	54	0
00:19:09	88	50	0
00:19:10	80	44	0
00:19:11	83	44	0
00:19:12	84	41	0
00:19:13	90	50	0
00:19:14	100	51	0
00:19:15	97	50	0
00:19:16	57	24	0
00:19:17	37	23	0
00:19:18	26	34	0
00:19:19	37	37	0
00:19:20	41	41	0
00:19:21	66	43	0
00:19:22	75	38	0
00:19:23	91	24	0
00:19:24	91	24	0
00:19:25	74	43	0
00:19:26	64	38	0
00:19:27	56	43	0
00:19:28	57	35	0
00:19:29	61	23	0
00:19:30	60	24	0
00:19:31	37	34	0
00:19:32	34	47	0
00:19:34	29	61	0
00:19:35	24	63	0
00:19:36	50	60	0
00:19:37	56	43	0
00:19:38	51	43	0
00:19:39	56	27	0
00:19:40	61	24	0
00:19:41	57	21	0
00:19:42	67	23	0
00:19:43	61	35	0
00:19:44	40	41	0
00:19:45	30	44	0
00:19:46	34	40	0
00:19:47	23	47	0
00:19:48	20	43	0
00:19:49	16	44	0
00:19:50	14	53	0
00:19:51	21	53	0
00:19:52	27	61	0
00:19:53	23	54	0
00:19:54	27	48	0
00:19:55	17	24	0
00:19:56	26	16	0
00:19:57	23	26	0
00:19:58	20	30	0
00:19:59	35	38	0
00:20:00	16	38	0
00:20:01	16	44	0
00:20:02	16	43	0
00:20:03	1	47	0
00:20:04	14	61	0
00:20:05	16	61	0
00:20:06	26	69	0
00:20:07	38	77	0
00:20:08	37	63	0
00:20:09	27	37	0
00:20:11	27	29	0
00:20:12	23	14	0
00:20:13	23	21	0
00:20:14	29	38	0
00:20:15	24	38	0
00:20:16	17	47	0
00:20:17	20	53	0
00:20:18	17	53	0
00:20:19	21	47	0
00:20:20	29	35	0
00:20:21	29	29	0
00:20:22	40	37	0
00:20:23	41	24	0
00:20:24	41	24	0
00:20:25	40	23	0
00:20:26	38	21	0
00:20:27	44	30	0
00:20:28	35	30	0
00:20:29	43	37	0
00:20:30	38	37	0
00:20:31	34	47	0
00:20:32	37	51	0
00:20:33	29	60	0
00:20:34	21	53	0
00:20:35	23	40	0
00:20:36	20	35	0
00:20:37	23	30	0
00:20:38	50	35	0
00:20:39	44	38	0
00:20:40	57	41	0
00:20:41	53	24	0
00:20:42	54	20	0
00:20:43	50	16	0
00:20:44	56	16	0
00:20:45	66	23	0
00:20:46	43	24	0
00:20:48	53	30	0
00:20:49	50	35	0
00:20:50	51	53	0
00:20:51	74	69	0
00:20:52	70	74	0
00:20:53	66	61	0
00:20:54	66	47	0
00:20:55	70	40	0
00:20:56	78	37	0
00:20:57	84	40	0
00:20:58	91	43	0
00:20:59	87	47	0
00:21:00	81	37	0
00:21:01	67	41	0
00:21:02	47	48	0
00:21:03	41	51	0
00:21:04	38	61	0
00:21:05	37	53	0
00:21:06	38	43	0
00:21:07	35	38	0
00:21:08	17	30	0
00:21:09	17	30	26
00:21:10	17	48	0
00:21:11	17	61	0
00:21:12	16	57	0
00:21:13	30	53	0
00:21:14	43	30	0
00:21:15	48	30	0
00:21:16	61	23	0
00:21:17	54	27	0
00:21:18	53	41	0
00:21:19	69	35	0
00:21:20	87	30	0
00:21:21	94	27	0
00:21:23	78	30	0
00:21:24	63	43	0
00:21:25	64	57	0
00:21:26	57	48	0
00:21:27	78	43	0
00:21:28	93	30	0
00:21:29	97	30	0
00:21:30	100	37	0
00:21:31	91	50	0
00:21:32	81	53	0
00:21:33	80	57	0
00:21:34	61	64	0
00:21:35	74	61	0
00:21:36	70	48	0
00:21:37	81	38	0
00:21:38	100	27	0
00:21:39	88	37	0
00:21:40	97	44	0
00:21:41	78	60	0
00:21:42	66	63	0
00:21:43	61	54	0
00:21:44	50	56	0
00:21:45	44	47	0
00:21:46	44	47	26
00:21:47	34	51	0
00:21:48	24	61	0
00:21:49	16	67	0
00:21:50	30	67	0
00:21:51	35	69	0
00:21:52	56	50	0
00:21:53	40	51	0
00:21:54	56	43	0
00:21:55	51	40	0
00:21:56	54	40	0
00:21:57	78	38	0
00:21:58	74	41	0
00:22:00	80	54	0
00:22:01	70	43	0
00:22:02	64	41	0
00:22:03	69	47	0
00:22:04	69	47	0
00:22:05	77	41	0
00:22:06	84	20	0
00:22:07	84	17	0
00:22:08	97	20	0
00:22:09	100	24	0
00:22:10	100	50	0
00:22:11	96	50	0
00:22:12	100	41	0
00:22:13	87	47	0
00:22:14	78	38	0
00:22:15	81	37	0
00:22:16	78	43	0
00:22:17	88	40	0
00:22:18	83	41	0
00:22:19	74	43	0
00:22:20	66	53	0
00:22:21	67	51	0
00:22:22	81	60	0
00:22:23	84	64	0
00:22:24	87	51	0
00:22:25	93	40	0
00:22:26	100	37	0
00:22:27	100	40	0
00:22:28	100	44	0
00:22:29	96	53	0
00:22:30	93	51	0
00:22:31	84	61	0
00:22:32	90	54	0
00:22:33	74	48	0
00:22:34	61	57	0
00:22:36	56	50	0
00:22:37	35	56	0
00:22:38	27	61	0
00:22:39	24	54	0
00:22:40	40	47	0
00:22:41	50	37	0
00:22:42	75	29	0
00:22:43	91	17	0
00:22:44	75	17	0
00:22:45	87	30	0
00:22:46	90	29	0
00:22:47	70	41	0
00:22:48	77	43	0
00:22:49	64	43	0
00:22:50	48	53	0
00:22:51	48	47	0
00:22:52	54	48	0
00:22:53	69	53	0
00:22:54	87	43	0
00:22:55	87	48	0
00:22:56	87	43	0
00:22:57	70	43	0
00:22:58	81	50	0
00:22:59	81	50	0
00:23:00	80	50	0
00:23:01	67	48	0
00:23:02	56	50	0
00:23:03	56	50	0
00:23:04	24	44	0
00:23:05	26	50	0
00:23:06	23	40	0
00:23:07	24	47	0
00:23:08	23	40	0
00:23:09	11	29	0
00:23:10	8	26	0
00:23:12	13	20	0
00:23:13	20	24	0
00:23:14	29	35	0
00:23:15	50	47	0
00:23:16	66	50	0
00:23:17	63	61	0
00:23:18	63	61	26
00:23:19	63	61	26
00:23:20	66	70	0
00:23:21	38	48	0
00:23:22	20	43	0
00:23:23	14	40	0
00:23:24	13	29	0
00:23:25	37	43	0
00:23:26	29	37	0
00:23:27	41	34	0
00:23:28	57	37	0
00:23:29	63	44	0
00:23:30	94	43	0
00:23:31	100	43	0
00:23:32	100	43	0
00:23:33	96	30	0
00:23:34	69	29	0
00:23:35	44	34	0
00:23:36	20	30	0
00:23:37	14	44	0
00:23:38	20	53	0
00:23:39	29	43	0
00:23:40	38	43	0
00:23:41	44	43	0
00:23:42	48	40	0
00:23:43	48	40	0
00:23:44	51	41	0
00:23:45	47	30	0
00:23:46	51	34	0
00:23:48	38	50	0
00:23:49	50	47	0
00:23:50	53	56	0
00:23:51	37	57	0
00:23:52	38	51	0
00:23:53	23	54	0
00:23:54	43	38	0
00:23:55	56	23	0
00:23:56	61	37	0
00:23:57	41	50	0
00:23:58	30	44	0
00:23:59	29	50	0
00:24:00	34	43	0
00:24:01	54	41	0
00:24:02	60	60	0
00:24:03	60	60	0
00:24:04	56	66	0
00:24:05	41	70	0
00:24:06	57	61	0
00:24:07	61	69	0
00:24:08	61	56	0
00:24:09	56	57	0
00:24:10	38	60	0
00:24:11	50	60	0
00:24:12	44	60	0
00:24:13	38	43	0
00:24:14	41	57	0
00:24:15	29	57	0
00:24:16	29	51	0
00:24:17	38	77	0
00:24:18	30	50	0
00:24:19	26	40	0
00:24:20	21	35	0
00:24:21	11	21	0
00:24:22	20	44	0
00:24:24	20	51	0
00:24:25	26	60	0
00:24:26	26	56	0
00:24:27	20	27	0
00:24:28	37	29	0
00:24:29	53	34	0
00:24:30	56	57	0
00:24:31	51	60	0
00:24:32	44	74	0
00:24:33	30	74	0
00:24:34	43	63	0
00:24:35	38	57	0
00:24:36	30	51	0
00:24:37	43	44	0
00:24:38	43	34	0
00:24:39	60	38	0
00:24:40	54	23	0
00:24:41	38	29	0
00:24:42	26	35	0
00:24:43	17	38	0
00:24:44	21	56	0
00:24:45	35	54	0
00:24:46	35	51	0
00:24:47	29	48	0
00:24:48	17	29	0
00:24:49	11	38	0
00:24:50	10	44	0
00:24:51	3	44	0
00:24:52	4	56	0
00:24:53	1	60	0
00:24:54	1	67	0
00:24:55	3	66	0
00:24:56	13	75	0
00:24:57	23	70	0
00:24:59	27	75	0
00:25:00	24	69	0
00:25:01	20	47	0
00:25:02	21	41	0
00:25:03	24	44	0
00:25:04	13	48	0
00:25:05	17	53	0
00:25:06	16	70	0
00:25:07	8	61	0
00:25:08	13	47	0
00:25:09	13	48	0
00:25:10	10	40	0
00:25:11	14	43	0
00:25:12	16	60	0
00:25:13	14	61	0
00:25:14	16	69	0
00:25:15	10	75	0
00:25:16	8	64	0
00:25:17	7	56	0
00:25:18	1	41	0
00:25:19	4	44	0
00:25:20	4	41	0
00:25:21	7	44	0
00:25:22	17	60	0
00:25:23	14	63	0
00:25:24	16	80	0
00:25:25	11	87	0
00:25:26	13	74	0
00:25:27	21	66	0
00:25:28	20	53	0
00:25:29	1	38	0
00:25:30	1	30	0
00:25:31	1	38	0
00:25:32	1	29	0
00:25:33	3	54	0
00:25:35	1	56	0
00:25:36	13	54	0
00:25:37	21	77	0
00:25:38	16	70	0
00:25:39	24	84	0
00:25:40	17	88	0
00:25:41	17	78	0
00:25:42	30	77	0
00:25:43	21	69	0
00:25:44	21	75	0
00:25:45	16	75	0
00:25:46	11	81	0
00:25:47	3	63	0
00:25:48	7	44	0
00:25:49	4	53	0
00:25:50	1	44	0
00:25:51	4	53	0
00:25:52	10	63	0
00:25:53	10	48	0
00:25:54	3	38	0
00:25:55	16	37	0
00:25:56	14	44	0
00:25:57	16	60	0
00:25:58	20	61	0
00:25:59	10	51	0
00:26:00	8	38	0
00:26:01	13	43	0
00:26:02	23	51	0
00:26:03	29	51	0
00:26:04	17	51	0
00:26:05	20	44	0
00:26:06	11	37	0
00:26:07	8	38	0
00:26:08	21	47	0
00:26:09	21	51	0
00:26:11	24	61	0
00:26:12	26	69	0
00:26:13	21	57	0
00:26:14	30	51	0
00:26:15	26	56	0
00:26:16	34	56	0
00:26:17	37	74	0
00:26:18	20	83	0
00:26:19	26	61	0
00:26:20	21	51	0
00:26:21	8	40	0
00:26:22	8	40	0
00:26:23	11	37	0
00:26:24	13	48	0
00:26:25	27	54	0
00:26:26	34	53	0
00:26:27	37	51	0
00:26:28	44	41	0
00:26:29	60	38	0
00:26:30	44	48	0
00:26:31	35	44	0
00:26:32	26	51	0
00:26:33	29	41	0
00:26:34	30	30	0
00:26:35	27	27	0
00:26:36	27	23	0
00:26:37	29	37	0
00:26:38	34	44	0
00:26:39	35	54	0
00:26:40	26	53	0
00:26:41	35	56	0
00:26:42	35	56	0
00:26:43	38	50	0
00:26:44	38	51	0
00:26:46	27	35	0
00:26:47	27	34	0
00:26:48	29	44	0
00:26:49	26	43	0
00:26:50	30	57	0
00:26:51	29	75	0
00:26:52	27	81	0
00:26:53	37	90	0
00:26:54	34	88	0
00:26:55	34	67	0
00:26:56	29	54	0
00:26:57	29	50	0
00:26:58	24	44	0
00:26:59	40	50	0
00:27:00	53	47	0
00:27:01	57	35	0
00:27:02	54	47	0
00:27:03	67	44	0
00:27:04	77	48	0
00:27:05	96	64	0
00:27:06	100	53	0
00:27:07	97	60	0
00:27:08	100	54	0
00:27:09	100	41	0
00:27:10	93	50	0
00:27:11	66	48	0
00:27:12	43	51	0
00:27:13	29	69	0
00:27:14	21	66	0
00:27:15	34	69	0
00:27:16	35	70	0
00:27:17	35	66	0
00:27:18	43	70	0
00:27:19	47	67	0
00:27:20	51	69	0
00:27:22	54	64	0
00:27:23	53	56	0
00:27:24	47	56	0
00:27:25	30	43	0
00:27:26	30	43	0
00:27:27	20	57	0
00:27:28	13	56	0
00:27:29	17	74	0
00:27:30	11	77	0
00:27:31	16	69	0
00:27:32	20	74	0
00:27:33	26	61	0
00:27:34	26	67	0
00:27:35	29	83	0
00:27:36	10	75	0
00:27:37	14	78	0
00:27:38	10	67	0
00:27:39	13	51	0
00:27:40	29	61	0
00:27:41	30	56	0
00:27:42	29	54	0
00:27:43	29	66	0
00:27:44	29	64	0
00:27:45	35	74	0
00:27:46	38	75	0
00:27:47	37	67	0
00:27:48	30	53	0
00:27:49	17	37	0
00:27:50	17	48	0
00:27:51	14	47	0
00:27:52	23	64	0
00:27:53	27	80	0
00:27:54	24	66	0
00:27:55	27	63	0
00:27:56	34	51	0
00:27:57	37	40	0
00:27:59	44	48	0
00:28:00	34	47	0
00:28:01	21	60	0
00:28:02	16	75	0
00:28:03	14	70	0
00:28:04	24	83	0
00:28:05	30	78	0
00:28:06	24	57	0
00:28:07	30	48	0
00:28:08	21	40	0
00:28:09	11	26	0
00:28:10	27	48	0
00:28:11	21	38	0
00:28:12	27	26	0
00:28:13	50	23	0
00:28:14	56	11	0
00:28:15	61	20	0
00:28:16	54	17	0
00:28:17	37	27	0
00:28:18	11	38	0
00:28:19	20	48	0
00:28:20	40	63	0
00:28:21	63	70	0
00:28:22	78	61	0
00:28:23	80	61	0
00:28:24	70	51	0
00:28:25	57	34	0
00:28:26	43	43	0
00:28:27	27	34	0
00:28:28	34	47	0
00:28:29	53	61	0
00:28:30	70	44	0
00:28:31	97	41	0
00:28:32	96	29	0
00:28:34	83	27	0
00:28:35	66	57	0
00:28:36	63	66	0
00:28:37	74	74	0
00:28:38	63	66	0
00:28:39	54	60	0
00:28:40	53	53	0
00:28:41	44	56	0
00:28:42	51	56	0
00:28:43	54	67	0
00:28:44	57	70	0
00:28:45	50	66	0
00:28:46	34	56	0
00:28:47	47	50	0
00:28:48	60	47	0
00:28:49	57	56	0
00:28:50	63	61	0
00:28:51	61	69	0
00:28:52	41	70	0
00:28:53	43	50	0
00:28:54	47	43	0
00:28:55	26	16	0
00:28:56	27	14	0
00:28:57	20	40	0
00:28:58	29	60	0
00:28:59	48	81	0
00:29:00	44	75	0
00:29:01	48	60	0
00:29:02	50	44	0
00:29:03	43	37	0
00:29:04	40	47	0
00:29:05	40	56	0
00:29:06	47	60	0
00:29:07	43	50	0
00:29:08	40	41	0
00:29:10	30	40	0
00:29:11	20	44	0
00:29:12	27	48	0
00:29:13	29	54	0
00:29:14	24	63	0
00:29:15	23	51	0
00:29:16	23	56	0
00:29:17	16	66	0
00:29:18	20	74	0
00:29:19	23	83	0
00:29:20	21	78	0
00:29:21	17	64	0
00:29:22	23	53	0
00:29:23	34	61	0
00:29:24	29	75	0
00:29:25	35	75	0
00:29:26	30	69	0
00:29:27	17	69	0
00:29:28	7	47	0
00:29:29	7	47	26
00:29:30	3	51	0
00:29:31	8	57	0
00:29:32	23	60	0
00:29:33	35	83	0
00:29:34	43	80	0
00:29:35	30	67	0
00:29:36	23	57	0
00:29:37	26	35	0
00:29:38	37	50	0
00:29:39	41	53	0
00:29:40	27	48	0
00:29:41	29	64	0
00:29:42	34	64	0
00:29:43	41	61	0
00:29:44	75	67	0
00:29:45	97	53	0
00:29:47	91	43	0
00:29:48	100	48	0
00:29:49	84	64	0
00:29:50	75	61	0
00:29:51	77	67	0
00:29:52	57	77	0
00:29:53	43	66	0
00:29:54	26	74	0
00:29:55	34	67	0
00:29:56	37	51	0
00:29:57	38	48	0
00:29:58	64	47	0
00:29:59	60	60	0
00:30:00	63	57	0
00:30:01	77	54	0
00:30:02	77	54	0
00:30:03	69	43	0
00:30:04	81	43	0
00:30:05	81	50	0
00:30:06	70	61	0
00:30:07	88	69	0
00:30:08	90	64	0
00:30:09	81	51	0
00:30:10	84	47	0
00:30:11	66	48	0
00:30:12	51	44	0
00:30:13	66	53	0
00:30:14	51	66	0
00:30:15	48	75	0
00:30:16	67	74	0
00:30:17	64	74	0
00:30:18	69	53	0
00:30:19	61	53	0
00:30:20	30	63	0
00:30:22	3	53	0
00:30:23	1	67	0
00:30:24	11	50	0
00:30:25	38	41	0
00:30:26	60	50	0
00:30:27	57	43	0
00:30:28	54	48	0
00:30:29	40	57	0
00:30:30	41	61	0
00:30:31	38	70	0
00:30:32	41	61	0
00:30:33	40	54	0
00:30:34	30	54	0
00:30:35	29	51	0
00:30:36	29	61	0
00:30:37	37	61	0
00:30:38	38	38	0
00:30:39	50	40	0
00:30:40	69	27	0
00:30:41	78	37	0
00:30:42	87	30	0
00:30:43	80	41	0
00:30:44	69	56	0
00:30:45	84	61	0
00:30:46	93	69	0
00:30:47	100	66	0
00:30:48	100	67	0
00:30:49	93	56	0
00:30:50	91	57	0
00:30:51	94	56	0
00:30:52	100	53	0
00:30:53	100	64	0
00:30:54	100	56	0
00:30:55	78	57	0
00:30:56	69	60	0
00:30:58	51	56	0
00:30:59	57	70	0
00:31:00	70	63	0
00:31:01	74	60	0
00:31:02	84	56	0
00:31:03	87	51	0
00:31:04	66	51	0
00:31:05	64	56	0
00:31:06	54	56	0
00:31:07	41	51	0
00:31:08	50	50	0
00:31:09	54	50	0
00:31:10	83	61	0
00:31:11	91	51	0
00:31:12	93	47	0
00:31:13	91	48	0
00:31:14	84	43	0
00:31:15	87	66	0
00:31:16	75	75	0
00:31:17	57	70	0
00:31:18	67	63	0
00:31:19	57	47	0
00:31:20	75	40	0
00:31:21	84	51	0
00:31:22	77	53	0
00:31:23	70	57	0
00:31:24	53	51	0
00:31:25	38	44	0
00:31:26	43	44	0
00:31:27	53	56	0
00:31:28	51	56	0
00:31:29	56	61	0
00:31:30	51	60	0
00:31:31	44	30	0
00:31:32	41	37	0
00:31:34	37	34	0
00:31:35	34	44	0
00:31:36	34	57	0
00:31:37	27	48	0
00:31:38	38	53	0
00:31:39	37	41	0
00:31:40	41	51	0
00:31:41	43	54	0
00:31:42	53	61	0
00:31:43	57	54	0
00:31:44	75	50	0
00:31:45	75	51	0
00:31:46	70	50	0
00:31:47	67	61	0
00:31:48	48	66	0
00:31:49	47	70	0
00:31:50	30	64	0
00:31:51	20	41	0
00:31:52	16	23	0
00:31:53	16	23	0
00:31:54	35	24	0
00:31:55	35	27	0
00:31:56	38	40	0
00:31:57	43	30	0
00:31:58	38	37	0
00:31:59	41	48	0
00:32:00	40	47	0
00:32:01	40	70	0
00:32:02	40	77	0
00:32:03	51	75	0
00:32:04	57	67	0
00:32:05	54	54	0
00:32:06	61	43	0
00:32:08	53	44	0
00:32:09	64	47	0
00:32:10	61	47	0
00:32:11	69	48	0
00:32:12	75	54	0
00:32:13	81	51	0
00:32:14	81	51	0
00:32:15	94	41	0
00:32:16	96	30	0
00:32:17	87	38	0
00:32:18	97	40	0
00:32:19	90	51	0
00:32:20	94	43	0
00:32:21	100	43	0
00:32:22	87	48	0
00:32:23	74	47	0
00:32:24	70	53	0
00:32:25	60	51	0
00:32:26	56	50	0
00:32:27	63	44	0
00:32:28	57	51	0
00:32:29	69	53	0
00:32:30	63	53	0
00:32:31	51	48	0
00:32:32	35	41	0
00:32:33	30	38	0
00:32:34	37	40	0
00:32:35	37	38	0
00:32:36	40	38	0
00:32:37	48	44	0
00:32:38	50	43	0
00:32:39	48	61	0
00:32:40	24	67	0
00:32:41	17	87	0
00:32:42	11	83	0
00:32:44	16	83	0
00:32:45	16	84	0
00:32:46	21	70	0
00:32:47	21	61	0
00:32:48	14	41	0
00:32:49	16	24	0
00:32:50	3	24	0
00:32:51	20	26	0
00:32:52	27	37	0
00:32:53	37	47	0
00:32:54	43	53	0
00:32:55	34	56	0
00:32:56	37	61	0
00:32:57	34	51	0
00:32:58	37	35	0
00:32:59	48	44	0
00:33:00	41	34	0
00:33:01	43	47	0
00:33:02	38	38	0
00:33:03	29	27	0
00:33:04	20	38	0
00:33:05	21	54	0
00:33:06	26	70	0
00:33:12	64	74	0
00:33:13	64	80	0
00:33:14	66	80	0
00:33:15	61	69	0
00:33:16	47	63	0
00:33:17	41	41	0
00:33:18	34	50	0
00:33:19	27	48	0
00:33:20	29	50	0
00:33:21	11	57	0
00:33:22	26	50	0
00:33:23	40	51	0
00:33:24	38	43	0
00:33:25	40	40	0
00:33:27	34	54	0
00:33:28	34	53	0
00:33:29	29	47	0
00:33:30	30	40	0
00:33:31	38	17	0
00:33:32	30	26	0
00:33:33	35	47	0
00:33:34	41	50	0
00:33:35	38	64	0
00:33:36	47	74	0
00:33:37	66	64	0
00:33:38	63	70	0
00:33:39	75	74	0
00:33:40	81	64	0
00:33:41	75	63	0
00:33:42	81	66	0
00:33:43	70	67	0
00:33:44	63	66	0
00:33:45	43	63	0
00:33:46	43	63	26
00:33:47	43	63	26
00:33:48	37	50	0
00:33:49	21	44	0
00:33:50	34	44	0
00:33:51	21	51	0
00:33:52	23	44	0
00:33:53	27	44	0
00:33:54	27	50	0
00:33:55	51	43	0
00:33:56	63	50	0
00:33:57	88	44	0
00:33:58	96	44	0
00:33:59	83	51	0
00:34:00	70	35	0
00:34:01	47	38	0
00:34:03	35	30	0
00:34:04	41	30	0
00:34:05	41	40	0
00:34:06	41	40	26
00:34:07	50	37	0
00:34:08	53	43	0
00:34:09	50	47	0
00:34:10	57	50	0
00:34:11	60	48	0
00:34:12	66	53	0
00:34:13	78	48	0
00:34:14	66	54	0
00:34:15	67	61	0
00:34:16	66	51	0
00:34:17	51	51	0
00:34:18	60	54	0
00:34:19	50	53	0
00:34:20	40	70	0
00:34:21	48	60	0
00:34:22	67	63	0
00:34:23	77	63	0
00:34:24	84	51	0
00:34:25	77	61	0
00:34:26	63	64	0
00:34:27	53	69	0
00:34:28	43	69	0
00:34:29	37	48	0
00:34:30	30	44	0
00:34:31	29	44	0
00:34:32	35	43	0
00:34:33	50	41	0
00:34:34	50	48	0
00:34:35	56	47	0
00:34:36	47	48	0
00:34:38	21	64	0
00:34:39	17	57	0
00:34:40	14	56	0
00:34:41	20	57	0
00:34:42	34	53	0
00:34:43	44	66	0
00:34:44	48	69	0
00:34:45	51	69	0
00:34:46	43	69	0
00:34:47	40	54	0
00:34:48	35	61	0
00:34:49	27	64	0
00:34:50	21	78	0
00:34:51	17	70	0
00:34:52	20	48	0
00:34:53	21	44	0
00:34:54	21	48	0
00:34:55	16	27	0
00:34:56	17	38	0
00:34:57	30	41	0
00:34:58	40	40	0
00:34:59	54	67	0
00:35:00	53	63	0
00:35:01	35	50	0
00:35:02	29	53	0
00:35:03	27	35	0
00:35:04	24	48	0
00:35:05	41	53	0
00:35:06	53	48	0
00:35:07	54	54	0
00:35:08	74	57	0
00:35:09	63	56	0
00:35:10	48	54	0
00:35:11	53	53	0
00:35:12	50	44	0
00:35:14	51	53	0
00:35:15	64	60	0
00:35:16	70	51	0
00:35:17	63	61	0
00:35:18	60	47	0
00:35:19	51	29	0
00:35:20	47	40	0
00:35:21	51	35	0
00:35:22	44	44	0
00:35:23	29	30	0
00:35:24	53	41	0
00:35:25	61	41	0
00:35:26	61	53	0
00:35:27	66	67	0
00:35:28	64	67	0
00:35:29	51	74	0
00:35:30	67	56	0
00:35:31	84	50	0
00:35:32	63	35	0
00:35:33	74	34	0
00:35:34	69	48	0
00:35:35	56	54	0
00:35:36	54	60	0
00:35:37	44	54	0
00:35:38	34	29	0
00:35:39	41	27	0
00:35:40	48	38	0
00:35:41	47	34	0
00:35:42	43	48	0
00:35:43	38	56	0
00:35:44	38	44	0
00:35:45	40	61	0
00:35:46	54	60	0
00:35:47	61	53	0
00:35:48	56	63	0
00:35:50	56	47	0
00:35:51	38	64	0
00:35:52	38	63	0
00:35:53	40	77	0
00:35:54	30	63	0
00:35:55	24	56	0
00:35:56	23	47	0
00:35:57	10	27	0
00:35:58	30	37	0
00:35:59	40	20	0
00:36:00	38	40	0
00:36:01	60	57	0
