Apr 23, 2014 16:13:32	27	83	0
Apr 23, 2014 16:13:33	34	63	0
Apr 23, 2014 16:13:34	41	56	0
Apr 23, 2014 16:13:35	48	63	0
Apr 23, 2014 16:13:36	61	61	0
Apr 23, 2014 16:13:37	66	70	0
Apr 23, 2014 16:13:38	69	66	0
Apr 23, 2014 16:13:39	75	69	0
Apr 23, 2014 16:13:40	63	80	0
Apr 23, 2014 16:13:41	74	77	0
Apr 23, 2014 16:13:42	78	84	0
Apr 23, 2014 16:13:43	70	74	0
Apr 23, 2014 16:13:45	70	69	0
Apr 23, 2014 16:13:46	56	67	0
Apr 23, 2014 16:13:47	54	64	0
Apr 23, 2014 16:13:48	51	75	0
Apr 23, 2014 16:13:49	51	77	0
Apr 23, 2014 16:13:50	63	80	0
Apr 23, 2014 16:13:51	61	83	0
Apr 23, 2014 16:13:52	64	67	0
Apr 23, 2014 16:13:53	70	56	0
Apr 23, 2014 16:13:54	70	53	0
Apr 23, 2014 16:13:55	67	44	0
Apr 23, 2014 16:13:56	69	54	0
Apr 23, 2014 16:13:57	61	53	0
Apr 23, 2014 16:13:58	48	56	0
Apr 23, 2014 16:13:59	37	51	0
Apr 23, 2014 16:14:00	37	56	0
Apr 23, 2014 16:14:01	40	51	0
Apr 23, 2014 16:14:02	56	51	0
Apr 23, 2014 16:14:03	67	63	0
Apr 23, 2014 16:14:04	77	67	0
Apr 23, 2014 16:14:05	74	77	0
Apr 23, 2014 16:14:06	67	81	0
Apr 23, 2014 16:14:07	66	83	0
Apr 23, 2014 16:14:08	64	80	0
Apr 23, 2014 16:14:09	64	74	0
Apr 23, 2014 16:14:10	69	64	0
Apr 23, 2014 16:14:11	66	44	0
Apr 23, 2014 16:14:12	66	50	0
Apr 23, 2014 16:14:13	78	43	0
Apr 23, 2014 16:14:14	84	53	0
Apr 23, 2014 16:14:15	91	64	0
Apr 23, 2014 16:14:16	80	66	0
Apr 23, 2014 16:14:17	67	74	0
Apr 23, 2014 16:14:18	63	64	0
Apr 23, 2014 16:14:19	63	66	0
Apr 23, 2014 16:14:21	81	53	0
Apr 23, 2014 16:14:22	80	63	0
Apr 23, 2014 16:14:23	74	63	0
Apr 23, 2014 16:14:24	75	64	0
Apr 23, 2014 16:14:25	70	70	0
Apr 23, 2014 16:14:26	67	74	0
Apr 23, 2014 16:14:27	66	75	0
Apr 23, 2014 16:14:28	64	77	0
Apr 23, 2014 16:14:29	53	66	0
Apr 23, 2014 16:14:30	56	75	0
Apr 23, 2014 16:14:31	44	78	0
Apr 23, 2014 16:14:32	43	75	0
Apr 23, 2014 16:14:33	57	78	0
Apr 23, 2014 16:14:34	54	67	0
Apr 23, 2014 16:14:35	64	61	0
Apr 23, 2014 16:14:36	67	67	0
Apr 23, 2014 16:14:37	64	81	0
Apr 23, 2014 16:14:38	81	75	0
Apr 23, 2014 16:14:39	83	75	0
Apr 23, 2014 16:14:40	70	63	0
Apr 23, 2014 16:14:41	75	54	0
Apr 23, 2014 16:14:42	63	66	0
Apr 23, 2014 16:14:43	63	66	0
Apr 23, 2014 16:14:44	77	74	0
Apr 23, 2014 16:14:45	77	74	0
Apr 23, 2014 16:14:46	81	75	0
Apr 23, 2014 16:14:47	78	67	0
Apr 23, 2014 16:14:48	80	64	0
Apr 23, 2014 16:14:49	74	69	0
Apr 23, 2014 16:14:50	75	66	0
Apr 23, 2014 16:14:51	74	80	0
Apr 23, 2014 16:14:52	67	88	0
Apr 23, 2014 16:14:53	64	88	0
Apr 23, 2014 16:14:54	56	96	0
Apr 23, 2014 16:14:56	53	96	0
Apr 23, 2014 16:14:57	60	87	0
Apr 23, 2014 16:14:58	61	61	0
Apr 23, 2014 16:14:59	66	61	0
Apr 23, 2014 16:15:00	56	77	0
Apr 23, 2014 16:15:01	63	78	0
Apr 23, 2014 16:15:02	63	81	0
Apr 23, 2014 16:15:03	66	67	0
Apr 23, 2014 16:15:04	67	60	0
Apr 23, 2014 16:15:05	69	67	0
Apr 23, 2014 16:15:06	57	66	0
Apr 23, 2014 16:15:07	56	77	0
Apr 23, 2014 16:15:08	47	78	0
Apr 23, 2014 16:15:09	44	78	0
Apr 23, 2014 16:15:10	61	67	0
Apr 23, 2014 16:15:11	63	63	0
Apr 23, 2014 16:15:12	67	60	0
Apr 23, 2014 16:15:13	64	51	0
Apr 23, 2014 16:15:14	57	69	0
Apr 23, 2014 16:15:15	63	64	0
Apr 23, 2014 16:15:16	66	61	0
Apr 23, 2014 16:15:17	74	66	0
Apr 23, 2014 16:15:18	78	57	0
Apr 23, 2014 16:15:19	67	64	0
Apr 23, 2014 16:15:20	70	69	0
Apr 23, 2014 16:15:21	67	70	0
Apr 23, 2014 16:15:22	63	74	0
Apr 23, 2014 16:15:23	66	81	0
Apr 23, 2014 16:15:24	60	88	0
Apr 23, 2014 16:15:25	60	88	0
Apr 23, 2014 16:15:26	64	88	0
Apr 23, 2014 16:15:27	61	81	0
Apr 23, 2014 16:15:28	64	75	0
Apr 23, 2014 16:15:29	57	60	0
Apr 23, 2014 16:15:30	64	61	0
Apr 23, 2014 16:15:32	61	61	0
Apr 23, 2014 16:15:33	54	61	0
Apr 23, 2014 16:15:34	53	75	0
Apr 23, 2014 16:15:35	51	66	0
Apr 23, 2014 16:15:36	56	60	0
Apr 23, 2014 16:15:37	61	56	0
Apr 23, 2014 16:15:38	69	60	0
Apr 23, 2014 16:15:39	69	70	0
Apr 23, 2014 16:15:40	61	77	0
Apr 23, 2014 16:15:41	54	67	0
Apr 23, 2014 16:15:42	54	63	0
Apr 23, 2014 16:15:43	53	61	0
Apr 23, 2014 16:15:44	54	61	0
Apr 23, 2014 16:15:45	61	64	0
Apr 23, 2014 16:15:46	56	70	0
Apr 23, 2014 16:15:47	60	67	0
Apr 23, 2014 16:15:48	53	64	0
Apr 23, 2014 16:15:49	53	67	0
Apr 23, 2014 16:15:50	54	53	0
Apr 23, 2014 16:15:51	54	51	0
Apr 23, 2014 16:15:52	74	48	0
Apr 23, 2014 16:15:53	77	40	0
Apr 23, 2014 16:15:54	75	51	0
Apr 23, 2014 16:15:55	75	56	0
Apr 23, 2014 16:15:56	66	66	0
Apr 23, 2014 16:15:57	60	67	0
Apr 23, 2014 16:15:58	70	61	0
Apr 23, 2014 16:15:59	81	48	0
Apr 23, 2014 16:16:00	90	56	0
Apr 23, 2014 16:16:01	87	61	0
Apr 23, 2014 16:16:02	80	78	0
Apr 23, 2014 16:16:03	75	81	0
Apr 23, 2014 16:16:04	69	87	0
Apr 23, 2014 16:16:05	63	91	0
Apr 23, 2014 16:16:06	63	88	0
Apr 23, 2014 16:16:08	63	97	0
Apr 23, 2014 16:16:09	64	83	0
Apr 23, 2014 16:16:10	69	69	0
Apr 23, 2014 16:16:11	81	64	0
Apr 23, 2014 16:16:12	83	53	0
Apr 23, 2014 16:16:13	78	69	0
Apr 23, 2014 16:16:14	75	77	0
Apr 23, 2014 16:16:15	63	80	0
Apr 23, 2014 16:16:16	60	78	0
Apr 23, 2014 16:16:17	63	64	0
Apr 23, 2014 16:16:18	66	64	0
Apr 23, 2014 16:16:19	67	60	0
Apr 23, 2014 16:16:20	61	61	0
Apr 23, 2014 16:16:21	61	64	0
Apr 23, 2014 16:16:22	69	53	0
Apr 23, 2014 16:16:23	81	51	0
Apr 23, 2014 16:16:24	80	50	0
Apr 23, 2014 16:16:25	81	40	0
Apr 23, 2014 16:16:26	80	40	0
Apr 23, 2014 16:16:27	75	44	0
Apr 23, 2014 16:16:28	88	50	0
Apr 23, 2014 16:16:29	87	56	0
Apr 23, 2014 16:16:30	69	67	0
Apr 23, 2014 16:16:31	70	69	0
Apr 23, 2014 16:16:32	75	74	0
Apr 23, 2014 16:16:33	87	63	0
Apr 23, 2014 16:16:34	90	53	0
Apr 23, 2014 16:16:35	91	44	0
Apr 23, 2014 16:16:36	80	38	0
Apr 23, 2014 16:16:37	77	41	0
Apr 23, 2014 16:16:38	75	44	0
Apr 23, 2014 16:16:39	75	47	0
Apr 23, 2014 16:16:40	87	47	0
Apr 23, 2014 16:16:41	88	44	0
Apr 23, 2014 16:16:42	80	48	0
Apr 23, 2014 16:16:44	66	44	0
Apr 23, 2014 16:16:45	64	51	0
Apr 23, 2014 16:16:46	64	53	0
Apr 23, 2014 16:16:47	60	63	0
Apr 23, 2014 16:16:48	61	66	0
Apr 23, 2014 16:16:49	63	57	0
Apr 23, 2014 16:16:50	48	57	0
Apr 23, 2014 16:16:51	50	44	0
Apr 23, 2014 16:16:52	61	44	0
Apr 23, 2014 16:16:53	43	48	0
Apr 23, 2014 16:16:54	56	43	0
Apr 23, 2014 16:16:55	56	51	0
Apr 23, 2014 16:16:56	48	64	0
Apr 23, 2014 16:16:57	44	69	0
Apr 23, 2014 16:16:58	47	75	0
Apr 23, 2014 16:16:59	48	64	0
Apr 23, 2014 16:17:00	63	50	0
Apr 23, 2014 16:17:01	50	41	0
Apr 23, 2014 16:17:02	50	44	0
Apr 23, 2014 16:17:03	63	50	0
Apr 23, 2014 16:17:04	56	50	0
Apr 23, 2014 16:17:05	70	57	0
Apr 23, 2014 16:17:06	75	66	0
Apr 23, 2014 16:17:07	57	70	0
Apr 23, 2014 16:17:08	64	53	0
Apr 23, 2014 16:17:09	48	29	0
Apr 23, 2014 16:17:10	48	17	0
Apr 23, 2014 16:17:11	70	8	0
Apr 23, 2014 16:17:12	80	14	0
Apr 23, 2014 16:17:13	90	47	0
Apr 23, 2014 16:17:14	91	53	0
Apr 23, 2014 16:17:15	83	60	0
Apr 23, 2014 16:17:17	69	69	0
Apr 23, 2014 16:17:18	57	53	0
Apr 23, 2014 16:17:19	51	48	0
Apr 23, 2014 16:17:20	51	48	0
Apr 23, 2014 16:17:21	60	24	0
Apr 23, 2014 16:17:22	57	29	0
Apr 23, 2014 16:17:23	74	35	0
Apr 23, 2014 16:17:24	57	24	0
Apr 23, 2014 16:17:25	41	44	0
Apr 23, 2014 16:17:26	40	44	0
Apr 23, 2014 16:17:27	24	44	0
Apr 23, 2014 16:17:28	30	57	0
Apr 23, 2014 16:17:29	50	48	0
Apr 23, 2014 16:17:30	66	44	0
Apr 23, 2014 16:17:31	78	38	0
Apr 23, 2014 16:17:32	75	50	0
Apr 23, 2014 16:17:33	74	56	0
Apr 23, 2014 16:17:34	80	38	0
Apr 23, 2014 16:17:35	64	41	0
Apr 23, 2014 16:17:36	67	35	0
Apr 23, 2014 16:17:37	66	47	0
Apr 23, 2014 16:17:38	56	51	0
Apr 23, 2014 16:17:39	67	51	0
Apr 23, 2014 16:17:40	61	57	0
Apr 23, 2014 16:17:41	61	47	0
Apr 23, 2014 16:17:42	64	41	0
Apr 23, 2014 16:17:43	67	50	0
Apr 23, 2014 16:17:44	74	44	0
Apr 23, 2014 16:17:45	83	47	0
Apr 23, 2014 16:17:46	75	43	0
Apr 23, 2014 16:17:47	80	29	0
Apr 23, 2014 16:17:48	67	21	0
Apr 23, 2014 16:17:49	60	16	0
Apr 23, 2014 16:17:50	69	34	0
Apr 23, 2014 16:17:52	63	41	0
Apr 23, 2014 16:17:53	66	41	0
Apr 23, 2014 16:17:54	74	38	0
Apr 23, 2014 16:17:55	74	27	0
Apr 23, 2014 16:17:56	67	41	0
Apr 23, 2014 16:17:57	67	61	0
Apr 23, 2014 16:17:58	57	66	0
Apr 23, 2014 16:17:59	56	77	0
Apr 23, 2014 16:18:00	64	69	0
Apr 23, 2014 16:18:01	77	67	0
Apr 23, 2014 16:18:02	75	69	0
Apr 23, 2014 16:18:03	69	78	0
Apr 23, 2014 16:18:04	66	87	0
Apr 23, 2014 16:18:05	67	78	0
Apr 23, 2014 16:18:06	77	69	0
Apr 23, 2014 16:18:07	67	53	0
Apr 23, 2014 16:18:08	60	47	0
Apr 23, 2014 16:18:09	54	51	0
Apr 23, 2014 16:18:10	38	66	0
Apr 23, 2014 16:18:11	47	75	0
Apr 23, 2014 16:18:12	41	74	0
Apr 23, 2014 16:18:13	44	61	0
Apr 23, 2014 16:18:14	54	48	0
Apr 23, 2014 16:18:15	53	47	0
Apr 23, 2014 16:18:16	63	44	0
Apr 23, 2014 16:18:17	56	53	0
Apr 23, 2014 16:18:18	56	50	0
Apr 23, 2014 16:18:19	40	37	0
Apr 23, 2014 16:18:20	38	26	0
Apr 23, 2014 16:18:21	34	40	0
Apr 23, 2014 16:18:22	26	44	0
Apr 23, 2014 16:18:23	44	63	0
Apr 23, 2014 16:18:24	53	74	0
Apr 23, 2014 16:18:26	63	70	0
Apr 23, 2014 16:18:27	61	70	0
Apr 23, 2014 16:18:28	63	63	0
Apr 23, 2014 16:18:29	51	69	0
Apr 23, 2014 16:18:30	56	63	0
Apr 23, 2014 16:18:31	53	60	0
Apr 23, 2014 16:18:32	64	47	0
Apr 23, 2014 16:18:33	77	47	0
Apr 23, 2014 16:18:34	69	43	0
Apr 23, 2014 16:18:35	81	37	0
Apr 23, 2014 16:18:36	83	37	0
Apr 23, 2014 16:18:37	78	38	0
Apr 23, 2014 16:18:38	83	38	0
Apr 23, 2014 16:18:39	83	38	0
Apr 23, 2014 16:18:40	70	44	0
Apr 23, 2014 16:18:41	67	35	0
Apr 23, 2014 16:18:42	75	34	0
Apr 23, 2014 16:18:43	74	34	0
Apr 23, 2014 16:18:44	74	44	0
Apr 23, 2014 16:18:45	78	60	0
Apr 23, 2014 16:18:46	67	67	0
Apr 23, 2014 16:18:47	67	77	0
Apr 23, 2014 16:18:48	66	57	0
Apr 23, 2014 16:18:49	54	54	0
Apr 23, 2014 16:18:50	43	48	0
Apr 23, 2014 16:18:51	27	41	0
Apr 23, 2014 16:18:52	24	44	0
Apr 23, 2014 16:18:53	40	26	0
Apr 23, 2014 16:18:54	51	26	0
Apr 23, 2014 16:18:55	61	29	0
Apr 23, 2014 16:18:56	54	35	0
Apr 23, 2014 16:18:57	51	53	0
Apr 23, 2014 16:18:58	48	50	0
Apr 23, 2014 16:18:59	56	41	0
Apr 23, 2014 16:19:00	67	29	0
Apr 23, 2014 16:19:02	75	40	0
Apr 23, 2014 16:19:03	67	50	0
Apr 23, 2014 16:19:04	48	69	0
Apr 23, 2014 16:19:05	48	61	0
Apr 23, 2014 16:19:06	43	63	0
Apr 23, 2014 16:19:07	24	63	0
Apr 23, 2014 16:19:08	37	54	0
Apr 23, 2014 16:19:09	51	47	0
Apr 23, 2014 16:19:10	60	34	0
Apr 23, 2014 16:19:11	90	27	0
Apr 23, 2014 16:19:12	91	27	0
Apr 23, 2014 16:19:13	87	35	0
Apr 23, 2014 16:19:14	80	43	0
Apr 23, 2014 16:19:15	67	53	0
Apr 23, 2014 16:19:16	67	63	0
Apr 23, 2014 16:19:17	63	57	0
Apr 23, 2014 16:19:18	56	41	0
Apr 23, 2014 16:19:19	60	35	0
Apr 23, 2014 16:19:20	50	40	0
Apr 23, 2014 16:19:21	53	57	0
Apr 23, 2014 16:19:22	57	69	0
Apr 23, 2014 16:19:23	61	74	0
Apr 23, 2014 16:19:24	77	60	0
Apr 23, 2014 16:19:25	84	44	0
Apr 23, 2014 16:19:26	78	48	0
Apr 23, 2014 16:19:27	63	57	0
Apr 23, 2014 16:19:28	44	57	0
Apr 23, 2014 16:19:29	41	67	0
Apr 23, 2014 16:19:30	35	70	0
Apr 23, 2014 16:19:31	41	53	0
Apr 23, 2014 16:19:32	61	44	0
Apr 23, 2014 16:19:33	75	44	0
Apr 23, 2014 16:19:34	75	43	0
Apr 23, 2014 16:19:35	67	37	0
Apr 23, 2014 16:19:36	66	34	0
Apr 23, 2014 16:19:37	57	30	0
Apr 23, 2014 16:19:39	57	30	0
Apr 23, 2014 16:19:40	60	37	0
Apr 23, 2014 16:19:41	53	47	0
Apr 23, 2014 16:19:42	53	38	0
Apr 23, 2014 16:19:43	66	40	0
Apr 23, 2014 16:19:44	67	50	0
Apr 23, 2014 16:19:45	75	38	0
Apr 23, 2014 16:19:46	80	47	0
Apr 23, 2014 16:19:47	69	38	0
Apr 23, 2014 16:19:48	74	35	0
Apr 23, 2014 16:19:49	64	50	0
Apr 23, 2014 16:19:50	64	48	0
Apr 23, 2014 16:19:51	75	56	0
Apr 23, 2014 16:19:52	53	47	0
Apr 23, 2014 16:19:53	57	37	0
Apr 23, 2014 16:19:54	56	38	0
Apr 23, 2014 16:19:55	63	27	0
Apr 23, 2014 16:19:56	93	29	0
Apr 23, 2014 16:19:57	84	30	0
Apr 23, 2014 16:19:58	80	37	0
Apr 23, 2014 16:19:59	66	48	0
Apr 23, 2014 16:20:00	60	64	0
Apr 23, 2014 16:20:01	75	56	0
Apr 23, 2014 16:20:02	80	43	0
Apr 23, 2014 16:20:03	70	30	0
Apr 23, 2014 16:20:04	56	35	0
Apr 23, 2014 16:20:05	56	47	0
Apr 23, 2014 16:20:06	57	43	0
Apr 23, 2014 16:20:07	69	35	0
Apr 23, 2014 16:20:08	84	37	0
Apr 23, 2014 16:20:09	87	30	0
Apr 23, 2014 16:20:10	69	34	0
Apr 23, 2014 16:20:11	60	50	0
Apr 23, 2014 16:20:12	54	56	0
Apr 23, 2014 16:20:14	47	48	0
Apr 23, 2014 16:20:15	66	57	0
Apr 23, 2014 16:20:16	60	61	0
Apr 23, 2014 16:20:17	69	50	0
Apr 23, 2014 16:20:18	75	54	0
Apr 23, 2014 16:20:19	60	47	0
Apr 23, 2014 16:20:20	66	43	0
Apr 23, 2014 16:20:21	57	47	0
Apr 23, 2014 16:20:22	47	38	0
Apr 23, 2014 16:20:23	53	44	0
Apr 23, 2014 16:20:24	38	51	0
Apr 23, 2014 16:20:25	30	66	0
Apr 23, 2014 16:20:26	47	83	0
Apr 23, 2014 16:20:27	48	77	0
Apr 23, 2014 16:20:28	64	70	0
Apr 23, 2014 16:20:29	69	51	0
Apr 23, 2014 16:20:30	70	48	0
Apr 23, 2014 16:20:31	75	61	0
Apr 23, 2014 16:20:32	81	57	0
Apr 23, 2014 16:20:33	88	64	0
Apr 23, 2014 16:20:34	84	56	0
Apr 23, 2014 16:20:35	70	24	0
Apr 23, 2014 16:20:36	64	35	0
Apr 23, 2014 16:20:37	60	44	0
Apr 23, 2014 16:20:38	74	63	0
Apr 23, 2014 16:20:39	54	70	0
Apr 23, 2014 16:20:40	53	66	0
Apr 23, 2014 16:20:41	47	53	0
Apr 23, 2014 16:20:42	44	54	0
Apr 23, 2014 16:20:43	54	57	0
Apr 23, 2014 16:20:44	51	53	0
Apr 23, 2014 16:20:45	53	54	0
Apr 23, 2014 16:20:46	47	54	0
Apr 23, 2014 16:20:47	24	44	0
Apr 23, 2014 16:20:48	26	48	0
Apr 23, 2014 16:20:50	41	37	0
Apr 23, 2014 16:20:51	63	21	0
Apr 23, 2014 16:20:52	67	13	0
Apr 23, 2014 16:20:53	64	7	0
Apr 23, 2014 16:20:54	48	17	0
Apr 23, 2014 16:20:55	21	20	0
Apr 23, 2014 16:20:56	21	34	0
Apr 23, 2014 16:20:57	16	29	0
Apr 23, 2014 16:20:58	30	30	0
Apr 23, 2014 16:20:59	30	30	0
Apr 23, 2014 16:21:00	51	30	0
Apr 23, 2014 16:21:01	51	44	0
Apr 23, 2014 16:21:02	26	48	0
Apr 23, 2014 16:21:03	37	53	0
Apr 23, 2014 16:21:04	47	50	0
Apr 23, 2014 16:21:05	70	44	0
Apr 23, 2014 16:21:06	56	48	0
Apr 23, 2014 16:21:07	35	41	0
Apr 23, 2014 16:21:08	24	48	0
Apr 23, 2014 16:21:09	27	44	0
Apr 23, 2014 16:21:10	34	56	0
Apr 23, 2014 16:21:11	37	57	0
Apr 23, 2014 16:21:12	26	37	0
Apr 23, 2014 16:21:13	29	37	0
Apr 23, 2014 16:21:14	26	26	0
Apr 23, 2014 16:21:15	26	37	0
Apr 23, 2014 16:21:16	41	47	0
Apr 23, 2014 16:21:17	35	38	0
Apr 23, 2014 16:21:18	24	29	0
Apr 23, 2014 16:21:19	43	21	0
Apr 23, 2014 16:21:20	30	35	0
Apr 23, 2014 16:21:21	43	37	0
Apr 23, 2014 16:21:22	66	30	0
Apr 23, 2014 16:21:23	63	30	0
Apr 23, 2014 16:21:24	75	29	0
Apr 23, 2014 16:21:26	69	50	0
Apr 23, 2014 16:21:27	67	56	0
Apr 23, 2014 16:21:28	64	63	0
Apr 23, 2014 16:21:29	64	54	0
Apr 23, 2014 16:21:30	80	29	0
Apr 23, 2014 16:21:31	70	41	0
Apr 23, 2014 16:21:32	63	38	0
Apr 23, 2014 16:21:33	66	47	0
Apr 23, 2014 16:21:34	61	48	0
Apr 23, 2014 16:21:35	66	34	0
Apr 23, 2014 16:21:36	64	24	0
Apr 23, 2014 16:21:37	38	23	0
Apr 23, 2014 16:21:38	47	24	0
Apr 23, 2014 16:21:39	63	27	0
Apr 23, 2014 16:21:40	54	20	0
Apr 23, 2014 16:21:41	70	30	0
Apr 23, 2014 16:21:42	70	30	0
Apr 23, 2014 16:21:43	78	37	0
Apr 23, 2014 16:21:44	87	56	0
Apr 23, 2014 16:21:45	90	50	0
Apr 23, 2014 16:21:46	83	54	0
Apr 23, 2014 16:21:47	69	67	0
Apr 23, 2014 16:21:48	66	54	0
Apr 23, 2014 16:21:49	69	51	0
Apr 23, 2014 16:21:50	63	50	0
Apr 23, 2014 16:21:51	77	34	0
Apr 23, 2014 16:21:52	77	29	0
Apr 23, 2014 16:21:53	75	34	0
Apr 23, 2014 16:21:54	80	48	0
Apr 23, 2014 16:21:55	69	64	0
Apr 23, 2014 16:21:56	75	63	0
Apr 23, 2014 16:21:57	74	70	0
Apr 23, 2014 16:21:58	69	66	0
Apr 23, 2014 16:21:59	54	57	0
Apr 23, 2014 16:22:00	50	69	0
Apr 23, 2014 16:22:02	43	63	0
Apr 23, 2014 16:22:03	50	56	0
Apr 23, 2014 16:22:04	57	61	0
Apr 23, 2014 16:22:05	61	44	0
Apr 23, 2014 16:22:06	74	50	0
Apr 23, 2014 16:22:07	77	54	0
Apr 23, 2014 16:22:08	87	60	0
Apr 23, 2014 16:22:09	84	54	0
Apr 23, 2014 16:22:10	91	50	0
Apr 23, 2014 16:22:11	91	51	0
Apr 23, 2014 16:22:12	90	48	0
Apr 23, 2014 16:22:13	77	41	0
Apr 23, 2014 16:22:14	70	41	0
Apr 23, 2014 16:22:15	69	29	0
Apr 23, 2014 16:22:16	60	51	0
Apr 23, 2014 16:22:17	51	60	0
Apr 23, 2014 16:22:18	34	44	0
Apr 23, 2014 16:22:19	20	51	0
Apr 23, 2014 16:22:20	26	43	0
Apr 23, 2014 16:22:21	37	51	0
Apr 23, 2014 16:22:22	50	67	0
Apr 23, 2014 16:22:23	56	74	0
Apr 23, 2014 16:22:24	60	70	0
Apr 23, 2014 16:22:25	51	51	0
Apr 23, 2014 16:22:26	54	44	0
Apr 23, 2014 16:22:27	43	30	0
Apr 23, 2014 16:22:28	44	26	0
Apr 23, 2014 16:22:29	54	50	0
Apr 23, 2014 16:22:30	48	53	0
Apr 23, 2014 16:22:31	69	51	0
Apr 23, 2014 16:22:32	83	41	0
Apr 23, 2014 16:22:33	80	29	0
Apr 23, 2014 16:22:34	81	24	0
Apr 23, 2014 16:22:35	75	37	0
Apr 23, 2014 16:22:36	63	44	0
Apr 23, 2014 16:22:38	53	34	0
Apr 23, 2014 16:22:39	53	34	0
Apr 23, 2014 16:22:40	51	26	0
Apr 23, 2014 16:22:41	66	43	0
Apr 23, 2014 16:22:42	48	54	0
Apr 23, 2014 16:22:43	44	53	0
Apr 23, 2014 16:22:44	53	50	0
Apr 23, 2014 16:22:45	60	37	0
Apr 23, 2014 16:22:46	54	41	0
Apr 23, 2014 16:22:47	47	48	0
Apr 23, 2014 16:22:48	38	47	0
Apr 23, 2014 16:22:49	30	53	0
Apr 23, 2014 16:22:50	27	54	0
Apr 23, 2014 16:22:51	35	53	0
Apr 23, 2014 16:22:52	43	63	0
Apr 23, 2014 16:22:53	43	70	0
Apr 23, 2014 16:22:54	53	66	0
Apr 23, 2014 16:22:55	54	66	0
Apr 23, 2014 16:22:56	56	63	0
Apr 23, 2014 16:22:57	53	51	0
Apr 23, 2014 16:22:58	47	47	0
Apr 23, 2014 16:22:59	41	50	0
Apr 23, 2014 16:23:00	30	43	0
Apr 23, 2014 16:23:01	34	54	0
Apr 23, 2014 16:23:02	50	63	0
Apr 23, 2014 16:23:03	53	54	0
Apr 23, 2014 16:23:04	69	54	0
Apr 23, 2014 16:23:05	64	60	0
Apr 23, 2014 16:23:06	60	56	0
Apr 23, 2014 16:23:07	60	56	0
Apr 23, 2014 16:23:08	50	57	0
Apr 23, 2014 16:23:09	53	44	0
Apr 23, 2014 16:23:10	56	41	0
Apr 23, 2014 16:23:11	66	44	0
Apr 23, 2014 16:23:12	61	37	0
Apr 23, 2014 16:23:13	51	34	0
Apr 23, 2014 16:23:15	57	29	0
Apr 23, 2014 16:23:16	57	26	0
Apr 23, 2014 16:23:17	77	38	0
Apr 23, 2014 16:23:18	75	54	0
Apr 23, 2014 16:23:19	48	63	0
Apr 23, 2014 16:23:20	35	53	0
Apr 23, 2014 16:23:21	14	41	0
Apr 23, 2014 16:23:22	16	30	0
Apr 23, 2014 16:23:23	23	27	0
Apr 23, 2014 16:23:24	30	26	0
Apr 23, 2014 16:23:25	37	41	0
Apr 23, 2014 16:23:26	34	40	0
Apr 23, 2014 16:23:27	23	37	0
Apr 23, 2014 16:23:28	21	47	0
Apr 23, 2014 16:23:29	35	48	0
Apr 23, 2014 16:23:30	43	44	0
Apr 23, 2014 16:23:31	48	50	0
Apr 23, 2014 16:23:32	41	41	0
Apr 23, 2014 16:23:33	23	29	0
Apr 23, 2014 16:23:34	27	44	0
Apr 23, 2014 16:23:35	29	40	0
Apr 23, 2014 16:23:36	34	47	0
Apr 23, 2014 16:23:37	35	51	0
Apr 23, 2014 16:23:38	26	47	0
Apr 23, 2014 16:23:39	35	50	0
Apr 23, 2014 16:23:40	53	64	0
Apr 23, 2014 16:23:41	63	56	0
Apr 23, 2014 16:23:42	54	50	0
Apr 23, 2014 16:23:43	47	34	0
Apr 23, 2014 16:23:44	47	37	0
Apr 23, 2014 16:23:45	44	44	0
Apr 23, 2014 16:23:46	63	47	0
Apr 23, 2014 16:23:47	54	60	0
Apr 23, 2014 16:23:49	54	50	0
Apr 23, 2014 16:23:50	54	43	0
Apr 23, 2014 16:23:51	57	47	0
Apr 23, 2014 16:23:52	61	47	0
Apr 23, 2014 16:23:53	66	40	0
Apr 23, 2014 16:23:54	61	40	0
Apr 23, 2014 16:23:55	64	23	0
Apr 23, 2014 16:23:56	81	14	0
Apr 23, 2014 16:23:57	83	20	0
Apr 23, 2014 16:23:58	83	20	0
Apr 23, 2014 16:23:59	94	24	0
Apr 23, 2014 16:24:00	74	44	0
Apr 23, 2014 16:24:01	80	43	0
Apr 23, 2014 16:24:02	80	43	25
Apr 23, 2014 16:24:03	66	48	0
Apr 23, 2014 16:24:04	67	57	0
Apr 23, 2014 16:24:05	83	53	0
Apr 23, 2014 16:24:06	66	50	0
Apr 23, 2014 16:24:07	56	43	0
Apr 23, 2014 16:24:08	44	38	0
Apr 23, 2014 16:24:09	43	37	0
Apr 23, 2014 16:24:10	48	56	0
Apr 23, 2014 16:24:11	53	61	0
Apr 23, 2014 16:24:12	51	44	0
Apr 23, 2014 16:24:13	54	26	0
Apr 23, 2014 16:24:14	60	23	0
Apr 23, 2014 16:24:15	64	24	0
Apr 23, 2014 16:24:16	69	41	0
Apr 23, 2014 16:24:17	75	51	0
Apr 23, 2014 16:24:18	80	53	0
Apr 23, 2014 16:24:19	84	44	0
Apr 23, 2014 16:24:20	75	41	0
Apr 23, 2014 16:24:21	61	48	0
Apr 23, 2014 16:24:22	54	50	0
Apr 23, 2014 16:24:24	38	53	0
Apr 23, 2014 16:24:25	44	54	0
Apr 23, 2014 16:24:26	41	57	0
Apr 23, 2014 16:24:27	34	56	0
Apr 23, 2014 16:24:28	43	61	0
Apr 23, 2014 16:24:29	50	56	0
Apr 23, 2014 16:24:30	63	54	0
Apr 23, 2014 16:24:31	77	61	0
Apr 23, 2014 16:24:32	67	60	0
Apr 23, 2014 16:24:33	61	69	0
Apr 23, 2014 16:24:34	53	66	0
Apr 23, 2014 16:24:35	56	61	0
Apr 23, 2014 16:24:36	64	53	0
Apr 23, 2014 16:24:37	56	47	0
Apr 23, 2014 16:24:38	48	56	0
Apr 23, 2014 16:24:39	54	51	0
Apr 23, 2014 16:24:40	37	51	0
Apr 23, 2014 16:24:41	48	43	0
Apr 23, 2014 16:24:42	35	48	0
Apr 23, 2014 16:24:43	48	53	0
Apr 23, 2014 16:24:44	48	53	0
Apr 23, 2014 16:24:45	44	60	0
Apr 23, 2014 16:24:46	38	61	0
Apr 23, 2014 16:24:47	38	50	0
Apr 23, 2014 16:24:48	38	56	0
Apr 23, 2014 16:24:49	27	61	0
Apr 23, 2014 16:24:50	50	61	0
Apr 23, 2014 16:24:51	30	53	0
Apr 23, 2014 16:24:52	34	63	0
Apr 23, 2014 16:24:53	30	41	0
Apr 23, 2014 16:24:54	17	48	0
Apr 23, 2014 16:24:55	26	57	0
Apr 23, 2014 16:24:56	30	40	0
Apr 23, 2014 16:24:58	50	53	0
Apr 23, 2014 16:24:59	60	41	0
Apr 23, 2014 16:25:00	81	38	0
Apr 23, 2014 16:25:01	70	48	0
Apr 23, 2014 16:25:02	56	51	0
Apr 23, 2014 16:25:03	53	60	0
Apr 23, 2014 16:25:04	35	75	0
Apr 23, 2014 16:25:05	50	69	0
Apr 23, 2014 16:25:06	61	66	0
Apr 23, 2014 16:25:07	50	50	0
Apr 23, 2014 16:25:08	48	43	0
Apr 23, 2014 16:25:09	35	44	0
Apr 23, 2014 16:25:10	20	50	0
Apr 23, 2014 16:25:11	8	37	0
Apr 23, 2014 16:25:12	21	23	0
Apr 23, 2014 16:25:13	29	24	0
Apr 23, 2014 16:25:14	34	17	0
Apr 23, 2014 16:25:15	54	29	0
Apr 23, 2014 16:25:16	44	54	0
Apr 23, 2014 16:25:17	43	56	0
Apr 23, 2014 16:25:18	50	67	0
Apr 23, 2014 16:25:19	35	81	0
Apr 23, 2014 16:25:20	48	57	0
Apr 23, 2014 16:25:21	56	54	0
Apr 23, 2014 16:25:22	63	43	0
Apr 23, 2014 16:25:23	83	34	0
Apr 23, 2014 16:25:24	78	48	0
Apr 23, 2014 16:25:25	77	53	0
Apr 23, 2014 16:25:26	69	48	0
Apr 23, 2014 16:25:27	61	40	0
Apr 23, 2014 16:25:28	54	30	0
Apr 23, 2014 16:25:29	47	23	0
Apr 23, 2014 16:25:30	47	38	0
Apr 23, 2014 16:25:31	47	47	0
Apr 23, 2014 16:25:32	47	54	0
Apr 23, 2014 16:25:34	53	57	0
Apr 23, 2014 16:25:35	53	69	0
Apr 23, 2014 16:25:36	51	63	0
Apr 23, 2014 16:25:37	56	54	0
Apr 23, 2014 16:25:38	56	54	0
Apr 23, 2014 16:25:39	37	47	0
Apr 23, 2014 16:25:40	40	64	0
Apr 23, 2014 16:25:41	23	63	0
Apr 23, 2014 16:25:42	38	56	0
Apr 23, 2014 16:25:43	27	44	0
Apr 23, 2014 16:25:44	40	53	0
Apr 23, 2014 16:25:45	37	61	0
Apr 23, 2014 16:25:46	47	54	0
Apr 23, 2014 16:25:47	60	56	0
Apr 23, 2014 16:25:48	64	47	0
Apr 23, 2014 16:25:49	78	27	0
Apr 23, 2014 16:25:50	63	17	0
Apr 23, 2014 16:25:51	60	14	0
Apr 23, 2014 16:25:52	56	34	0
Apr 23, 2014 16:25:53	57	51	0
Apr 23, 2014 16:25:54	64	57	0
Apr 23, 2014 16:25:55	63	57	0
Apr 23, 2014 16:25:56	66	56	0
Apr 23, 2014 16:25:57	54	60	0
Apr 23, 2014 16:25:58	48	57	0
Apr 23, 2014 16:25:59	53	61	0
Apr 23, 2014 16:26:00	50	60	0
Apr 23, 2014 16:26:01	47	56	0
Apr 23, 2014 16:26:02	56	77	0
Apr 23, 2014 16:26:03	56	84	0
Apr 23, 2014 16:26:04	50	90	0
Apr 23, 2014 16:26:05	56	88	0
Apr 23, 2014 16:26:06	64	70	0
Apr 23, 2014 16:26:08	57	50	0
Apr 23, 2014 16:26:09	48	20	0
Apr 23, 2014 16:26:10	44	10	0
Apr 23, 2014 16:26:11	30	27	0
Apr 23, 2014 16:26:12	47	61	0
Apr 23, 2014 16:26:13	43	70	0
Apr 23, 2014 16:26:14	37	60	0
Apr 23, 2014 16:26:15	47	44	0
Apr 23, 2014 16:26:16	54	27	0
Apr 23, 2014 16:26:17	56	35	0
Apr 23, 2014 16:26:18	53	38	0
Apr 23, 2014 16:26:19	57	44	0
Apr 23, 2014 16:26:20	50	48	0
Apr 23, 2014 16:26:21	50	41	0
Apr 23, 2014 16:26:22	48	50	0
Apr 23, 2014 16:26:23	44	64	0
Apr 23, 2014 16:26:24	43	69	0
Apr 23, 2014 16:26:25	48	70	0
Apr 23, 2014 16:26:26	60	75	0
Apr 23, 2014 16:26:27	67	61	0
Apr 23, 2014 16:26:28	75	51	0
Apr 23, 2014 16:26:29	78	51	0
Apr 23, 2014 16:26:30	70	44	0
Apr 23, 2014 16:26:31	67	44	0
Apr 23, 2014 16:26:32	75	40	0
Apr 23, 2014 16:26:33	74	35	0
Apr 23, 2014 16:26:34	75	30	0
Apr 23, 2014 16:26:35	77	27	0
Apr 23, 2014 16:26:36	57	41	0
Apr 23, 2014 16:26:37	44	44	0
Apr 23, 2014 16:26:38	29	57	0
Apr 23, 2014 16:26:39	20	64	0
Apr 23, 2014 16:26:40	29	61	0
Apr 23, 2014 16:26:41	66	60	0
Apr 23, 2014 16:26:42	70	56	0
Apr 23, 2014 16:26:44	57	35	0
Apr 23, 2014 16:26:45	47	41	0
Apr 23, 2014 16:26:46	35	34	0
Apr 23, 2014 16:26:47	37	35	0
Apr 23, 2014 16:26:48	41	53	0
Apr 23, 2014 16:26:49	48	37	0
Apr 23, 2014 16:26:50	61	40	0
Apr 23, 2014 16:26:51	48	16	0
Apr 23, 2014 16:26:52	60	17	0
Apr 23, 2014 16:26:53	56	16	0
Apr 23, 2014 16:26:54	47	24	0
Apr 23, 2014 16:26:55	60	47	0
Apr 23, 2014 16:26:56	40	44	0
Apr 23, 2014 16:26:57	48	50	0
Apr 23, 2014 16:26:58	63	53	0
Apr 23, 2014 16:26:59	57	57	0
Apr 23, 2014 16:27:00	60	56	0
Apr 23, 2014 16:27:01	54	57	0
Apr 23, 2014 16:27:02	41	54	0
Apr 23, 2014 16:27:03	41	54	0
Apr 23, 2014 16:27:04	38	66	0
Apr 23, 2014 16:27:05	35	69	0
Apr 23, 2014 16:27:06	29	67	0
Apr 23, 2014 16:27:07	29	61	0
Apr 23, 2014 16:27:08	38	53	0
Apr 23, 2014 16:27:09	51	50	0
Apr 23, 2014 16:27:10	60	54	0
Apr 23, 2014 16:27:11	60	53	0
Apr 23, 2014 16:27:12	57	57	0
Apr 23, 2014 16:27:13	50	64	0
Apr 23, 2014 16:27:14	43	57	0
Apr 23, 2014 16:27:15	41	61	0
Apr 23, 2014 16:27:16	41	61	0
Apr 23, 2014 16:27:18	43	61	0
Apr 23, 2014 16:27:19	63	63	0
Apr 23, 2014 16:27:20	67	61	0
Apr 23, 2014 16:27:21	64	61	0
Apr 23, 2014 16:27:22	64	51	0
Apr 23, 2014 16:27:23	64	51	0
Apr 23, 2014 16:27:24	54	51	0
Apr 23, 2014 16:27:25	54	53	0
Apr 23, 2014 16:27:26	48	54	0
Apr 23, 2014 16:27:27	34	53	0
Apr 23, 2014 16:27:28	43	50	0
Apr 23, 2014 16:27:29	34	44	0
Apr 23, 2014 16:27:30	38	48	0
Apr 23, 2014 16:27:31	50	48	0
Apr 23, 2014 16:27:32	44	51	0
Apr 23, 2014 16:27:33	53	43	0
Apr 23, 2014 16:27:34	57	38	0
Apr 23, 2014 16:27:35	51	44	0
Apr 23, 2014 16:27:36	48	38	0
Apr 23, 2014 16:27:37	51	47	0
Apr 23, 2014 16:27:38	53	44	0
Apr 23, 2014 16:27:39	54	40	0
Apr 23, 2014 16:27:40	70	53	0
Apr 23, 2014 16:27:41	64	56	0
Apr 23, 2014 16:27:42	64	67	0
Apr 23, 2014 16:27:43	63	61	0
Apr 23, 2014 16:27:44	67	60	0
Apr 23, 2014 16:27:45	74	54	0
Apr 23, 2014 16:27:46	74	48	0
Apr 23, 2014 16:27:47	61	40	0
Apr 23, 2014 16:27:48	66	41	0
Apr 23, 2014 16:27:49	70	43	0
Apr 23, 2014 16:27:50	80	43	0
Apr 23, 2014 16:27:51	83	57	0
Apr 23, 2014 16:27:53	67	57	0
Apr 23, 2014 16:27:54	48	53	0
Apr 23, 2014 16:27:55	43	53	0
Apr 23, 2014 16:27:56	34	43	0
Apr 23, 2014 16:27:57	41	43	0
Apr 23, 2014 16:27:58	38	44	0
Apr 23, 2014 16:27:59	29	41	0
Apr 23, 2014 16:28:00	48	35	0
Apr 23, 2014 16:28:01	48	37	0
Apr 23, 2014 16:28:02	56	51	0
Apr 23, 2014 16:28:03	53	51	0
Apr 23, 2014 16:28:04	44	64	0
Apr 23, 2014 16:28:05	40	63	0
Apr 23, 2014 16:28:06	38	56	0
Apr 23, 2014 16:28:07	44	56	0
Apr 23, 2014 16:28:08	48	53	0
Apr 23, 2014 16:28:09	38	60	0
Apr 23, 2014 16:28:10	47	60	0
Apr 23, 2014 16:28:11	26	57	0
Apr 23, 2014 16:28:12	38	43	0
Apr 23, 2014 16:28:13	35	29	0
Apr 23, 2014 16:28:14	41	17	0
Apr 23, 2014 16:28:15	50	11	0
Apr 23, 2014 16:28:16	50	11	0
Apr 23, 2014 16:28:17	53	38	0
Apr 23, 2014 16:28:18	50	54	0
Apr 23, 2014 16:28:19	47	56	0
Apr 23, 2014 16:28:20	20	57	0
Apr 23, 2014 16:28:21	21	47	0
Apr 23, 2014 16:28:22	24	40	0
Apr 23, 2014 16:28:23	30	35	0
Apr 23, 2014 16:28:24	48	41	0
Apr 23, 2014 16:28:25	44	53	0
Apr 23, 2014 16:28:27	40	54	0
Apr 23, 2014 16:28:28	40	69	0
Apr 23, 2014 16:28:29	56	61	0
Apr 23, 2014 16:28:30	54	54	0
Apr 23, 2014 16:28:31	53	54	0
Apr 23, 2014 16:28:32	50	50	0
Apr 23, 2014 16:28:33	34	63	0
Apr 23, 2014 16:28:34	41	75	0
Apr 23, 2014 16:28:35	37	70	0
Apr 23, 2014 16:28:36	30	84	0
Apr 23, 2014 16:28:37	23	75	0
Apr 23, 2014 16:28:38	29	61	0
Apr 23, 2014 16:28:39	35	67	0
Apr 23, 2014 16:28:40	30	60	0
Apr 23, 2014 16:28:41	38	54	0
Apr 23, 2014 16:28:42	47	48	0
Apr 23, 2014 16:28:43	54	44	0
Apr 23, 2014 16:28:44	48	35	0
Apr 23, 2014 16:28:45	57	43	0
Apr 23, 2014 16:28:46	51	38	0
Apr 23, 2014 16:28:47	50	38	0
Apr 23, 2014 16:28:48	56	41	0
Apr 23, 2014 16:28:49	43	41	0
Apr 23, 2014 16:28:50	38	41	0
Apr 23, 2014 16:28:51	41	38	0
Apr 23, 2014 16:28:52	43	30	0
Apr 23, 2014 16:28:53	43	40	0
Apr 23, 2014 16:28:54	43	51	0
Apr 23, 2014 16:28:55	51	56	0
Apr 23, 2014 16:28:56	47	66	0
Apr 23, 2014 16:28:57	38	54	0
Apr 23, 2014 16:28:58	40	50	0
Apr 23, 2014 16:28:59	37	38	0
Apr 23, 2014 16:29:00	48	37	0
Apr 23, 2014 16:29:02	57	38	0
Apr 23, 2014 16:29:03	57	30	0
Apr 23, 2014 16:29:04	56	44	0
Apr 23, 2014 16:29:05	44	44	0
Apr 23, 2014 16:29:06	54	44	0
Apr 23, 2014 16:29:07	61	51	0
Apr 23, 2014 16:29:08	67	50	0
Apr 23, 2014 16:29:09	66	57	0
Apr 23, 2014 16:29:10	43	66	0
Apr 23, 2014 16:29:11	20	61	0
Apr 23, 2014 16:29:12	20	54	0
Apr 23, 2014 16:29:13	34	48	0
Apr 23, 2014 16:29:14	38	48	0
Apr 23, 2014 16:29:15	44	53	0
Apr 23, 2014 16:29:16	41	47	0
Apr 23, 2014 16:29:17	27	37	0
Apr 23, 2014 16:29:18	16	21	0
Apr 23, 2014 16:29:19	23	16	0
Apr 23, 2014 16:29:20	29	11	0
Apr 23, 2014 16:29:21	37	10	0
Apr 23, 2014 16:29:22	37	17	0
Apr 23, 2014 16:29:23	37	27	0
Apr 23, 2014 16:29:24	24	27	0
Apr 23, 2014 16:29:25	20	44	0
Apr 23, 2014 16:29:26	37	40	0
Apr 23, 2014 16:29:27	29	35	0
Apr 23, 2014 16:29:28	48	35	0
Apr 23, 2014 16:29:29	61	29	0
Apr 23, 2014 16:29:30	48	44	0
Apr 23, 2014 16:29:31	54	53	0
Apr 23, 2014 16:29:32	54	60	0
Apr 23, 2014 16:29:33	50	63	0
Apr 23, 2014 16:29:34	53	38	0
Apr 23, 2014 16:29:35	50	29	0
Apr 23, 2014 16:29:36	40	34	0
Apr 23, 2014 16:29:38	40	26	0
Apr 23, 2014 16:29:39	53	34	0
Apr 23, 2014 16:29:40	43	35	0
Apr 23, 2014 16:29:41	44	30	0
Apr 23, 2014 16:29:42	43	56	0
Apr 23, 2014 16:29:43	51	74	0
Apr 23, 2014 16:29:44	66	64	0
Apr 23, 2014 16:29:45	75	41	0
Apr 23, 2014 16:29:46	60	35	0
Apr 23, 2014 16:29:47	60	26	0
Apr 23, 2014 16:29:48	43	38	0
Apr 23, 2014 16:29:49	34	51	0
Apr 23, 2014 16:29:50	30	51	0
Apr 23, 2014 16:29:51	38	66	0
Apr 23, 2014 16:29:52	43	60	0
Apr 23, 2014 16:29:53	44	53	0
Apr 23, 2014 16:29:54	60	54	0
Apr 23, 2014 16:29:55	56	51	0
Apr 23, 2014 16:29:56	69	61	0
Apr 23, 2014 16:29:57	64	57	0
Apr 23, 2014 16:29:58	54	56	0
Apr 23, 2014 16:29:59	56	60	0
Apr 23, 2014 16:30:00	56	53	0
Apr 23, 2014 16:30:01	54	54	0
Apr 23, 2014 16:30:02	70	54	0
Apr 23, 2014 16:30:03	64	34	0
Apr 23, 2014 16:30:04	47	27	0
Apr 23, 2014 16:30:05	54	34	0
Apr 23, 2014 16:30:06	41	38	0
Apr 23, 2014 16:30:07	35	43	0
Apr 23, 2014 16:30:08	37	54	0
Apr 23, 2014 16:30:09	41	41	0
Apr 23, 2014 16:30:10	56	35	0
Apr 23, 2014 16:30:11	75	34	0
Apr 23, 2014 16:30:12	81	27	0
Apr 23, 2014 16:30:14	47	24	0
Apr 23, 2014 16:30:15	34	29	0
Apr 23, 2014 16:30:16	34	29	0
Apr 23, 2014 16:30:17	30	47	0
Apr 23, 2014 16:30:18	56	54	0
Apr 23, 2014 16:30:19	66	64	0
Apr 23, 2014 16:30:20	51	77	0
Apr 23, 2014 16:30:21	54	67	0
Apr 23, 2014 16:30:22	40	67	0
Apr 23, 2014 16:30:23	26	60	0
Apr 23, 2014 16:30:24	43	41	0
Apr 23, 2014 16:30:25	29	37	0
Apr 23, 2014 16:30:26	47	38	0
Apr 23, 2014 16:30:27	61	51	0
Apr 23, 2014 16:30:28	54	56	0
Apr 23, 2014 16:30:29	66	66	0
Apr 23, 2014 16:30:30	56	70	0
Apr 23, 2014 16:30:31	51	63	0
Apr 23, 2014 16:30:32	61	63	0
Apr 23, 2014 16:30:33	61	48	0
Apr 23, 2014 16:30:34	53	24	0
Apr 23, 2014 16:30:35	74	14	0
Apr 23, 2014 16:30:36	61	13	0
Apr 23, 2014 16:30:37	63	27	0
Apr 23, 2014 16:30:38	81	44	0
Apr 23, 2014 16:30:39	61	56	0
Apr 23, 2014 16:30:40	56	60	0
Apr 23, 2014 16:30:41	63	64	0
Apr 23, 2014 16:30:42	43	56	0
Apr 23, 2014 16:30:43	40	54	0
Apr 23, 2014 16:30:44	35	43	0
Apr 23, 2014 16:30:45	40	50	0
Apr 23, 2014 16:30:46	35	57	0
Apr 23, 2014 16:30:47	40	74	0
Apr 23, 2014 16:30:49	48	61	0
Apr 23, 2014 16:30:50	57	64	0
Apr 23, 2014 16:30:51	64	61	0
Apr 23, 2014 16:30:52	67	63	0
Apr 23, 2014 16:30:53	63	56	0
Apr 23, 2014 16:30:54	53	54	0
Apr 23, 2014 16:30:55	43	51	0
Apr 23, 2014 16:30:56	43	51	0
Apr 23, 2014 16:30:57	48	64	0
Apr 23, 2014 16:30:58	56	74	0
Apr 23, 2014 16:30:59	67	81	0
Apr 23, 2014 16:31:00	56	91	0
Apr 23, 2014 16:31:01	47	77	0
Apr 23, 2014 16:31:02	51	56	0
Apr 23, 2014 16:31:03	60	54	0
Apr 23, 2014 16:31:04	69	35	0
Apr 23, 2014 16:31:05	78	47	0
Apr 23, 2014 16:31:06	77	61	0
Apr 23, 2014 16:31:07	78	54	0
Apr 23, 2014 16:31:08	78	64	0
Apr 23, 2014 16:31:09	78	61	0
Apr 23, 2014 16:31:10	77	51	0
Apr 23, 2014 16:31:11	78	57	0
Apr 23, 2014 16:31:12	80	47	0
Apr 23, 2014 16:31:13	88	44	0
Apr 23, 2014 16:31:14	80	44	0
Apr 23, 2014 16:31:15	66	41	0
Apr 23, 2014 16:31:16	63	44	0
Apr 23, 2014 16:31:17	69	38	0
Apr 23, 2014 16:31:18	77	34	0
Apr 23, 2014 16:31:19	94	27	0
Apr 23, 2014 16:31:20	93	21	0
Apr 23, 2014 16:31:21	90	30	0
Apr 23, 2014 16:31:22	80	23	0
Apr 23, 2014 16:31:23	75	41	0
Apr 23, 2014 16:31:24	75	44	0
Apr 23, 2014 16:31:26	78	40	0
Apr 23, 2014 16:31:27	83	51	0
Apr 23, 2014 16:31:28	83	44	0
Apr 23, 2014 16:31:29	67	43	0
Apr 23, 2014 16:31:30	75	50	0
Apr 23, 2014 16:31:31	66	37	0
Apr 23, 2014 16:31:32	56	37	0
Apr 23, 2014 16:31:33	66	47	0
Apr 23, 2014 16:31:34	60	51	0
Apr 23, 2014 16:31:35	74	67	0
Apr 23, 2014 16:31:36	64	74	0
Apr 23, 2014 16:31:37	66	75	0
Apr 23, 2014 16:31:38	66	70	0
Apr 23, 2014 16:31:39	64	67	0
Apr 23, 2014 16:31:40	70	66	0
Apr 23, 2014 16:31:41	56	67	0
Apr 23, 2014 16:31:42	44	67	0
Apr 23, 2014 16:31:43	43	57	0
Apr 23, 2014 16:31:44	41	44	0
Apr 23, 2014 16:31:45	47	44	0
Apr 23, 2014 16:31:46	50	48	0
Apr 23, 2014 16:31:47	35	74	0
Apr 23, 2014 16:31:48	44	66	0
Apr 23, 2014 16:31:49	40	63	0
Apr 23, 2014 16:31:50	35	57	0
Apr 23, 2014 16:31:51	66	48	0
Apr 23, 2014 16:31:52	57	50	0
Apr 23, 2014 16:31:53	63	51	0
Apr 23, 2014 16:31:54	63	57	0
Apr 23, 2014 16:31:55	37	57	0
Apr 23, 2014 16:31:56	41	60	0
Apr 23, 2014 16:31:57	43	61	0
Apr 23, 2014 16:31:58	53	60	0
Apr 23, 2014 16:31:59	53	69	0
Apr 23, 2014 16:32:00	51	63	0
Apr 23, 2014 16:32:02	44	74	0
Apr 23, 2014 16:32:03	37	75	0
Apr 23, 2014 16:32:04	35	81	0
Apr 23, 2014 16:32:05	41	81	0
Apr 23, 2014 16:32:06	48	67	0
Apr 23, 2014 16:32:07	57	56	0
Apr 23, 2014 16:32:08	77	48	0
Apr 23, 2014 16:32:09	81	48	0
Apr 23, 2014 16:32:10	61	40	0
Apr 23, 2014 16:32:11	56	43	0
Apr 23, 2014 16:32:12	44	51	0
Apr 23, 2014 16:32:13	21	61	0
Apr 23, 2014 16:32:14	27	75	0
Apr 23, 2014 16:32:15	29	81	0
Apr 23, 2014 16:32:16	29	80	0
Apr 23, 2014 16:32:17	47	77	0
Apr 23, 2014 16:32:18	70	54	0
Apr 23, 2014 16:32:19	74	47	0
Apr 23, 2014 16:32:20	66	38	0
Apr 23, 2014 16:32:21	50	57	0
Apr 23, 2014 16:32:22	41	51	0
Apr 23, 2014 16:32:23	50	61	0
Apr 23, 2014 16:32:24	57	67	0
Apr 23, 2014 16:32:25	77	66	0
Apr 23, 2014 16:32:26	80	70	0
Apr 23, 2014 16:32:27	84	69	0
Apr 23, 2014 16:32:28	88	67	0
Apr 23, 2014 16:32:29	80	63	0
Apr 23, 2014 16:32:30	78	60	0
Apr 23, 2014 16:32:31	75	61	0
Apr 23, 2014 16:32:32	74	64	0
Apr 23, 2014 16:32:33	64	66	0
Apr 23, 2014 16:32:34	64	63	0
Apr 23, 2014 16:32:36	53	66	0
Apr 23, 2014 16:32:37	43	54	0
Apr 23, 2014 16:32:38	51	60	0
Apr 23, 2014 16:32:39	47	53	0
Apr 23, 2014 16:32:40	44	50	0
Apr 23, 2014 16:32:41	53	53	0
Apr 23, 2014 16:32:42	53	60	0
Apr 23, 2014 16:32:43	47	77	0
Apr 23, 2014 16:32:44	35	60	0
Apr 23, 2014 16:32:45	23	67	0
Apr 23, 2014 16:32:46	14	61	0
Apr 23, 2014 16:32:47	17	51	0
Apr 23, 2014 16:32:48	16	50	0
Apr 23, 2014 16:32:49	14	51	0
Apr 23, 2014 16:32:50	23	60	0
Apr 23, 2014 16:32:51	29	66	0
Apr 23, 2014 16:32:52	34	64	0
Apr 23, 2014 16:32:53	35	60	0
Apr 23, 2014 16:32:54	44	64	0
Apr 23, 2014 16:32:55	54	63	0
Apr 23, 2014 16:32:56	66	60	0
Apr 23, 2014 16:32:57	75	64	0
Apr 23, 2014 16:32:58	67	60	0
Apr 23, 2014 16:32:59	60	64	0
Apr 23, 2014 16:33:00	51	61	0
Apr 23, 2014 16:33:01	50	64	0
Apr 23, 2014 16:33:02	57	67	0
Apr 23, 2014 16:33:03	54	64	0
Apr 23, 2014 16:33:04	57	74	0
Apr 23, 2014 16:33:05	51	56	0
Apr 23, 2014 16:33:06	51	53	0
Apr 23, 2014 16:33:07	60	47	0
Apr 23, 2014 16:33:08	66	44	0
Apr 23, 2014 16:33:09	69	53	0
Apr 23, 2014 16:33:10	74	56	0
Apr 23, 2014 16:33:11	60	41	0
Apr 23, 2014 16:33:13	56	43	0
Apr 23, 2014 16:33:14	54	38	0
Apr 23, 2014 16:33:15	43	30	0
Apr 23, 2014 16:33:16	43	30	0
Apr 23, 2014 16:33:17	56	37	0
Apr 23, 2014 16:33:18	57	41	0
Apr 23, 2014 16:33:19	74	35	0
Apr 23, 2014 16:33:20	63	53	0
Apr 23, 2014 16:33:21	74	53	0
Apr 23, 2014 16:33:22	66	64	0
Apr 23, 2014 16:33:23	67	51	0
Apr 23, 2014 16:33:24	69	48	0
Apr 23, 2014 16:33:25	63	44	0
Apr 23, 2014 16:33:26	41	29	0
Apr 23, 2014 16:33:27	40	40	0
Apr 23, 2014 16:33:28	40	40	0
Apr 23, 2014 16:33:29	34	54	0
Apr 23, 2014 16:33:30	64	60	0
Apr 23, 2014 16:33:31	78	48	0
Apr 23, 2014 16:33:32	66	48	0
Apr 23, 2014 16:33:33	67	47	0
Apr 23, 2014 16:33:34	56	64	0
Apr 23, 2014 16:33:35	50	69	0
Apr 23, 2014 16:33:36	43	78	0
Apr 23, 2014 16:33:37	30	60	0
Apr 23, 2014 16:33:38	29	51	0
Apr 23, 2014 16:33:39	29	54	0
Apr 23, 2014 16:33:40	34	47	0
Apr 23, 2014 16:33:41	38	54	0
Apr 23, 2014 16:33:42	47	61	0
Apr 23, 2014 16:33:43	47	63	0
Apr 23, 2014 16:33:44	48	66	0
Apr 23, 2014 16:33:45	47	61	0
Apr 23, 2014 16:33:46	47	53	0
Apr 23, 2014 16:33:47	48	51	0
Apr 23, 2014 16:33:49	44	47	0
Apr 23, 2014 16:33:50	53	56	0
Apr 23, 2014 16:33:51	54	53	0
Apr 23, 2014 16:33:52	80	50	0
Apr 23, 2014 16:33:53	81	44	0
Apr 23, 2014 16:33:54	91	50	0
Apr 23, 2014 16:33:55	87	50	0
Apr 23, 2014 16:33:56	84	53	0
Apr 23, 2014 16:33:57	74	50	0
Apr 23, 2014 16:33:58	75	43	0
Apr 23, 2014 16:33:59	67	48	0
Apr 23, 2014 16:34:00	44	43	0
Apr 23, 2014 16:34:01	47	51	0
Apr 23, 2014 16:34:02	29	56	0
Apr 23, 2014 16:34:03	29	61	0
Apr 23, 2014 16:34:04	48	67	0
Apr 23, 2014 16:34:05	43	54	0
Apr 23, 2014 16:34:06	40	54	0
Apr 23, 2014 16:34:07	47	54	0
Apr 23, 2014 16:34:08	35	41	0
Apr 23, 2014 16:34:09	41	44	0
Apr 23, 2014 16:34:10	50	44	0
Apr 23, 2014 16:34:11	54	34	0
Apr 23, 2014 16:34:12	60	41	0
Apr 23, 2014 16:34:13	56	38	0
Apr 23, 2014 16:34:14	50	37	0
Apr 23, 2014 16:34:15	44	47	0
Apr 23, 2014 16:34:16	38	51	0
Apr 23, 2014 16:34:17	41	54	0
Apr 23, 2014 16:34:18	35	43	0
Apr 23, 2014 16:34:19	23	40	0
Apr 23, 2014 16:34:20	30	40	0
Apr 23, 2014 16:34:21	30	50	0
Apr 23, 2014 16:34:22	37	56	0
Apr 23, 2014 16:34:23	23	51	0
Apr 23, 2014 16:34:24	29	56	0
Apr 23, 2014 16:34:26	48	56	0
Apr 23, 2014 16:34:27	34	50	0
Apr 23, 2014 16:34:28	51	60	0
Apr 23, 2014 16:34:29	56	51	0
Apr 23, 2014 16:34:30	44	64	0
Apr 23, 2014 16:34:31	60	60	0
Apr 23, 2014 16:34:32	35	44	0
Apr 23, 2014 16:34:33	26	56	0
Apr 23, 2014 16:34:34	13	48	0
Apr 23, 2014 16:34:35	8	69	0
Apr 23, 2014 16:34:36	10	100	0
Apr 23, 2014 16:34:37	13	93	0
Apr 23, 2014 16:34:38	17	90	0
Apr 23, 2014 16:34:39	23	81	0
Apr 23, 2014 16:34:40	40	54	0
Apr 23, 2014 16:34:41	21	51	0
Apr 23, 2014 16:34:42	14	51	0
Apr 23, 2014 16:34:43	14	48	0
Apr 23, 2014 16:34:44	1	48	0
Apr 23, 2014 16:34:45	14	47	0
Apr 23, 2014 16:34:46	23	47	0
Apr 23, 2014 16:34:47	17	44	0
Apr 23, 2014 16:34:48	30	53	0
Apr 23, 2014 16:34:49	37	57	0
Apr 23, 2014 16:34:50	41	63	0
Apr 23, 2014 16:34:51	37	57	0
Apr 23, 2014 16:34:52	30	60	0
Apr 23, 2014 16:34:53	26	51	0
Apr 23, 2014 16:34:54	43	57	0
Apr 23, 2014 16:34:55	40	56	0
Apr 23, 2014 16:34:56	30	63	0
Apr 23, 2014 16:34:57	26	83	0
Apr 23, 2014 16:34:58	14	87	0
Apr 23, 2014 16:34:59	11	84	0
Apr 23, 2014 16:35:01	17	83	0
Apr 23, 2014 16:35:02	23	67	0
Apr 23, 2014 16:35:03	35	57	0
Apr 23, 2014 16:35:04	53	54	0
Apr 23, 2014 16:35:05	47	48	0
Apr 23, 2014 16:35:06	60	44	0
Apr 23, 2014 16:35:07	64	54	0
Apr 23, 2014 16:35:08	37	57	0
Apr 23, 2014 16:35:09	34	67	0
Apr 23, 2014 16:35:10	16	74	0
Apr 23, 2014 16:35:11	4	64	0
Apr 23, 2014 16:35:12	30	63	0
Apr 23, 2014 16:35:13	44	63	0
Apr 23, 2014 16:35:14	70	56	0
Apr 23, 2014 16:35:15	75	51	0
Apr 23, 2014 16:35:16	66	48	0
Apr 23, 2014 16:35:17	69	43	0
Apr 23, 2014 16:35:18	47	47	0
Apr 23, 2014 16:35:19	51	60	0
Apr 23, 2014 16:35:20	50	63	0
Apr 23, 2014 16:35:21	37	60	0
Apr 23, 2014 16:35:22	47	60	0
Apr 23, 2014 16:35:23	48	63	0
Apr 23, 2014 16:35:24	56	75	0
Apr 23, 2014 16:35:25	67	66	0
Apr 23, 2014 16:35:26	67	61	0
Apr 23, 2014 16:35:27	63	51	0
Apr 23, 2014 16:35:28	83	41	0
Apr 23, 2014 16:35:29	77	53	0
Apr 23, 2014 16:35:30	70	44	0
Apr 23, 2014 16:35:31	91	43	0
Apr 23, 2014 16:35:32	80	41	0
Apr 23, 2014 16:35:33	67	34	0
Apr 23, 2014 16:35:34	56	34	0
Apr 23, 2014 16:35:35	53	29	0
Apr 23, 2014 16:35:36	51	40	0
Apr 23, 2014 16:35:38	44	34	0
Apr 23, 2014 16:35:39	64	35	0
Apr 23, 2014 16:35:40	57	43	0
Apr 23, 2014 16:35:41	56	41	0
Apr 23, 2014 16:35:42	77	48	0
Apr 23, 2014 16:35:43	56	44	0
Apr 23, 2014 16:35:44	67	38	0
Apr 23, 2014 16:35:45	56	30	0
Apr 23, 2014 16:35:46	57	20	0
Apr 23, 2014 16:35:47	75	16	0
Apr 23, 2014 16:35:48	54	14	0
Apr 23, 2014 16:35:49	66	24	0
Apr 23, 2014 16:35:50	78	24	0
Apr 23, 2014 16:35:51	66	40	0
Apr 23, 2014 16:35:52	66	37	0
Apr 23, 2014 16:35:53	61	40	0
Apr 23, 2014 16:35:54	48	56	0
Apr 23, 2014 16:35:55	60	57	0
Apr 23, 2014 16:35:56	57	51	0
Apr 23, 2014 16:35:57	51	51	0
Apr 23, 2014 16:35:58	56	64	0
Apr 23, 2014 16:35:59	47	60	0
Apr 23, 2014 16:36:00	63	56	0
Apr 23, 2014 16:36:01	44	44	0
Apr 23, 2014 16:36:02	53	38	0
Apr 23, 2014 16:36:03	69	30	0
Apr 23, 2014 16:36:04	53	40	0
Apr 23, 2014 16:36:05	74	53	0
Apr 23, 2014 16:36:06	56	61	0
Apr 23, 2014 16:36:07	34	63	0
Apr 23, 2014 16:36:08	29	69	0
Apr 23, 2014 16:36:09	17	66	0
Apr 23, 2014 16:36:10	26	61	0
Apr 23, 2014 16:36:11	51	48	0
Apr 23, 2014 16:36:12	48	35	0
Apr 23, 2014 16:36:13	51	34	0
Apr 23, 2014 16:36:15	51	34	0
Apr 23, 2014 16:36:16	23	47	0
Apr 23, 2014 16:36:17	16	56	0
Apr 23, 2014 16:36:18	23	61	0
Apr 23, 2014 16:36:19	29	56	0
Apr 23, 2014 16:36:20	41	69	0
Apr 23, 2014 16:36:21	37	64	0
Apr 23, 2014 16:36:22	35	67	0
Apr 23, 2014 16:36:23	34	64	0
Apr 23, 2014 16:36:24	30	63	0
Apr 23, 2014 16:36:25	51	63	0
Apr 23, 2014 16:36:26	53	63	0
Apr 23, 2014 16:36:27	69	61	0
Apr 23, 2014 16:36:28	74	63	0
Apr 23, 2014 16:36:29	69	63	0
Apr 23, 2014 16:36:30	64	61	0
Apr 23, 2014 16:36:31	57	63	0
Apr 23, 2014 16:36:32	50	53	0
Apr 23, 2014 16:36:33	56	51	0
Apr 23, 2014 16:36:34	53	53	0
Apr 23, 2014 16:36:35	56	54	0
Apr 23, 2014 16:36:36	47	47	0
Apr 23, 2014 16:36:37	50	40	0
Apr 23, 2014 16:36:38	51	38	0
Apr 23, 2014 16:36:39	61	30	0
Apr 23, 2014 16:36:40	80	40	0
Apr 23, 2014 16:36:41	78	53	0
Apr 23, 2014 16:36:42	84	50	0
Apr 23, 2014 16:36:43	67	48	0
Apr 23, 2014 16:36:44	78	43	0
Apr 23, 2014 16:36:45	60	34	0
Apr 23, 2014 16:36:46	61	38	0
Apr 23, 2014 16:36:47	67	43	0
Apr 23, 2014 16:36:48	51	54	0
Apr 23, 2014 16:36:49	66	56	0
Apr 23, 2014 16:36:50	60	51	0
Apr 23, 2014 16:36:52	60	57	0
Apr 23, 2014 16:36:53	75	48	0
Apr 23, 2014 16:36:54	75	41	0
Apr 23, 2014 16:36:55	78	41	0
Apr 23, 2014 16:36:56	78	26	0
Apr 23, 2014 16:36:57	51	34	0
Apr 23, 2014 16:36:58	43	37	0
Apr 23, 2014 16:36:59	37	48	0
Apr 23, 2014 16:37:00	53	41	0
Apr 23, 2014 16:37:01	69	35	0
Apr 23, 2014 16:37:02	90	29	0
Apr 23, 2014 16:37:03	94	37	0
Apr 23, 2014 16:37:04	80	44	0
Apr 23, 2014 16:37:05	70	48	0
Apr 23, 2014 16:37:06	56	56	0
Apr 23, 2014 16:37:07	40	53	0
Apr 23, 2014 16:37:08	54	57	0
Apr 23, 2014 16:37:09	60	64	0
Apr 23, 2014 16:37:10	51	66	0
Apr 23, 2014 16:37:11	51	67	0
Apr 23, 2014 16:37:12	47	74	0
Apr 23, 2014 16:37:13	35	80	0
Apr 23, 2014 16:37:14	35	80	0
Apr 23, 2014 16:37:15	53	75	0
Apr 23, 2014 16:37:16	44	60	0
Apr 23, 2014 16:37:17	44	50	0
Apr 23, 2014 16:37:18	57	50	0
Apr 23, 2014 16:37:19	48	51	0
Apr 23, 2014 16:37:20	47	54	0
Apr 23, 2014 16:37:21	56	60	0
Apr 23, 2014 16:37:22	51	50	0
Apr 23, 2014 16:37:23	27	43	0
Apr 23, 2014 16:37:24	34	41	0
Apr 23, 2014 16:37:25	24	27	0
Apr 23, 2014 16:37:26	29	30	0
Apr 23, 2014 16:37:28	41	48	0
Apr 23, 2014 16:37:29	43	61	0
Apr 23, 2014 16:37:30	53	70	0
Apr 23, 2014 16:37:31	75	56	0
Apr 23, 2014 16:37:32	78	43	0
Apr 23, 2014 16:37:33	78	37	0
Apr 23, 2014 16:37:34	84	43	0
Apr 23, 2014 16:37:35	77	51	0
Apr 23, 2014 16:37:36	74	70	0
Apr 23, 2014 16:37:37	56	88	0
Apr 23, 2014 16:37:38	34	90	0
Apr 23, 2014 16:37:39	17	100	0
Apr 23, 2014 16:37:40	23	96	0
Apr 23, 2014 16:37:41	29	94	0
Apr 23, 2014 16:37:42	44	94	0
Apr 23, 2014 16:37:43	43	78	0
Apr 23, 2014 16:37:44	47	77	0
Apr 23, 2014 16:37:45	56	54	0
Apr 23, 2014 16:37:46	54	48	0
Apr 23, 2014 16:37:47	74	40	0
Apr 23, 2014 16:37:48	64	40	0
Apr 23, 2014 16:37:49	50	47	0
Apr 23, 2014 16:37:50	47	41	0
Apr 23, 2014 16:37:51	35	56	0
Apr 23, 2014 16:37:52	48	37	0
Apr 23, 2014 16:37:53	64	29	0
Apr 23, 2014 16:37:54	77	35	0
Apr 23, 2014 16:37:55	93	20	0
Apr 23, 2014 16:37:56	74	29	0
Apr 23, 2014 16:37:57	51	41	0
Apr 23, 2014 16:37:58	44	29	0
Apr 23, 2014 16:37:59	40	37	0
Apr 23, 2014 16:38:00	57	43	0
Apr 23, 2014 16:38:01	77	40	0
Apr 23, 2014 16:38:02	66	53	0
Apr 23, 2014 16:38:03	66	50	0
Apr 23, 2014 16:38:05	63	44	0
Apr 23, 2014 16:38:06	51	40	0
Apr 23, 2014 16:38:07	44	38	0
Apr 23, 2014 16:38:08	41	38	0
Apr 23, 2014 16:38:09	48	38	0
Apr 23, 2014 16:38:10	60	44	0
Apr 23, 2014 16:38:11	69	48	0
Apr 23, 2014 16:38:12	75	51	0
Apr 23, 2014 16:38:13	64	60	0
Apr 23, 2014 16:38:14	69	56	0
Apr 23, 2014 16:38:15	64	53	0
Apr 23, 2014 16:38:16	48	48	0
Apr 23, 2014 16:38:17	38	37	0
Apr 23, 2014 16:38:18	34	38	0
Apr 23, 2014 16:38:19	44	43	0
Apr 23, 2014 16:38:20	38	48	0
Apr 23, 2014 16:38:21	61	56	0
Apr 23, 2014 16:38:22	70	51	0
Apr 23, 2014 16:38:23	77	44	0
Apr 23, 2014 16:38:24	100	43	0
Apr 23, 2014 16:38:25	100	35	0
Apr 23, 2014 16:38:26	100	35	0
Apr 23, 2014 16:38:27	91	40	0
Apr 23, 2014 16:38:28	80	44	0
Apr 23, 2014 16:38:29	63	53	0
Apr 23, 2014 16:38:30	56	53	0
Apr 23, 2014 16:38:31	64	56	0
Apr 23, 2014 16:38:32	53	67	0
Apr 23, 2014 16:38:33	38	67	0
Apr 23, 2014 16:38:34	29	56	0
Apr 23, 2014 16:38:35	44	51	0
Apr 23, 2014 16:38:36	50	51	0
Apr 23, 2014 16:38:37	56	64	0
Apr 23, 2014 16:38:38	64	61	0
Apr 23, 2014 16:38:39	57	50	0
Apr 23, 2014 16:38:40	66	53	0
Apr 23, 2014 16:38:42	69	50	0
Apr 23, 2014 16:38:43	63	64	0
Apr 23, 2014 16:38:44	64	78	0
Apr 23, 2014 16:38:45	53	64	0
Apr 23, 2014 16:38:46	53	63	0
Apr 23, 2014 16:38:47	54	60	0
Apr 23, 2014 16:38:48	61	50	0
Apr 23, 2014 16:38:49	54	64	0
Apr 23, 2014 16:38:50	40	60	0
Apr 23, 2014 16:38:51	40	56	0
Apr 23, 2014 16:38:52	30	57	0
Apr 23, 2014 16:38:53	44	56	0
Apr 23, 2014 16:38:54	64	60	0
Apr 23, 2014 16:38:55	60	56	0
Apr 23, 2014 16:38:56	67	51	0
Apr 23, 2014 16:38:57	56	51	0
Apr 23, 2014 16:38:58	47	56	0
Apr 23, 2014 16:38:59	61	57	0
Apr 23, 2014 16:39:00	47	64	0
Apr 23, 2014 16:39:01	51	57	0
Apr 23, 2014 16:39:02	54	51	0
Apr 23, 2014 16:39:03	40	56	0
Apr 23, 2014 16:39:04	38	53	0
Apr 23, 2014 16:39:05	50	75	0
Apr 23, 2014 16:39:06	57	70	0
Apr 23, 2014 16:39:07	70	67	0
Apr 23, 2014 16:39:08	56	56	0
Apr 23, 2014 16:39:09	50	63	0
Apr 23, 2014 16:39:10	40	50	0
Apr 23, 2014 16:39:11	40	48	0
Apr 23, 2014 16:39:12	56	50	0
Apr 23, 2014 16:39:13	50	56	0
Apr 23, 2014 16:39:14	67	64	0
Apr 23, 2014 16:39:15	51	64	0
Apr 23, 2014 16:39:16	60	48	0
Apr 23, 2014 16:39:17	57	38	0
Apr 23, 2014 16:39:19	43	29	0
Apr 23, 2014 16:39:20	63	27	0
Apr 23, 2014 16:39:21	54	43	0
Apr 23, 2014 16:39:22	54	38	0
Apr 23, 2014 16:39:23	53	56	0
Apr 23, 2014 16:39:24	47	63	0
Apr 23, 2014 16:39:25	44	61	0
Apr 23, 2014 16:39:26	50	60	0
Apr 23, 2014 16:39:27	61	56	0
Apr 23, 2014 16:39:28	53	56	0
Apr 23, 2014 16:39:29	47	50	0
Apr 23, 2014 16:39:30	44	61	0
Apr 23, 2014 16:39:31	40	56	0
Apr 23, 2014 16:39:32	50	54	0
Apr 23, 2014 16:39:33	60	66	0
Apr 23, 2014 16:39:34	60	66	0
Apr 23, 2014 16:39:35	56	47	0
Apr 23, 2014 16:39:36	47	50	0
Apr 23, 2014 16:39:37	48	43	0
Apr 23, 2014 16:39:38	54	53	0
Apr 23, 2014 16:39:39	66	51	0
Apr 23, 2014 16:39:40	70	48	0
Apr 23, 2014 16:39:41	64	51	0
Apr 23, 2014 16:39:42	61	60	0
Apr 23, 2014 16:39:43	51	67	0
Apr 23, 2014 16:39:44	54	67	0
Apr 23, 2014 16:39:45	56	61	0
Apr 23, 2014 16:39:46	66	50	0
Apr 23, 2014 16:39:47	66	37	0
Apr 23, 2014 16:39:48	57	48	0
Apr 23, 2014 16:39:49	56	67	0
Apr 23, 2014 16:39:50	53	75	0
Apr 23, 2014 16:39:51	57	81	0
Apr 23, 2014 16:39:52	53	78	0
Apr 23, 2014 16:39:53	44	80	0
Apr 23, 2014 16:39:54	48	70	0
Apr 23, 2014 16:39:56	51	63	0
Apr 23, 2014 16:39:57	53	61	0
Apr 23, 2014 16:39:58	53	44	0
Apr 23, 2014 16:39:59	41	44	0
Apr 23, 2014 16:40:00	37	50	0
Apr 23, 2014 16:40:01	38	43	0
Apr 23, 2014 16:40:02	41	40	0
Apr 23, 2014 16:40:03	37	64	0
Apr 23, 2014 16:40:04	24	83	0
Apr 23, 2014 16:40:05	13	96	0
Apr 23, 2014 16:40:06	11	100	0
Apr 23, 2014 16:40:07	21	75	0
Apr 23, 2014 16:40:08	35	51	0
Apr 23, 2014 16:40:09	70	21	0
Apr 23, 2014 16:40:10	75	23	0
Apr 23, 2014 16:40:11	78	20	0
Apr 23, 2014 16:40:12	67	24	0
Apr 23, 2014 16:40:13	60	38	0
Apr 23, 2014 16:40:14	61	41	0
Apr 23, 2014 16:40:15	53	50	0
Apr 23, 2014 16:40:16	50	53	0
Apr 23, 2014 16:40:17	51	50	0
Apr 23, 2014 16:40:18	44	43	0
Apr 23, 2014 16:40:19	43	38	0
Apr 23, 2014 16:40:20	40	35	0
Apr 23, 2014 16:40:21	50	24	0
Apr 23, 2014 16:40:22	48	40	0
Apr 23, 2014 16:40:23	61	40	0
Apr 23, 2014 16:40:24	60	30	0
Apr 23, 2014 16:40:25	48	41	0
Apr 23, 2014 16:40:26	47	26	0
Apr 23, 2014 16:40:27	50	24	0
Apr 23, 2014 16:40:28	48	37	0
Apr 23, 2014 16:40:29	41	34	0
Apr 23, 2014 16:40:30	50	47	0
Apr 23, 2014 16:40:32	24	30	0
Apr 23, 2014 16:40:33	35	37	0
Apr 23, 2014 16:40:34	37	30	0
Apr 23, 2014 16:40:35	44	26	0
Apr 23, 2014 16:40:36	63	47	0
Apr 23, 2014 16:40:37	64	41	0
Apr 23, 2014 16:40:38	70	61	0
Apr 23, 2014 16:40:39	53	57	0
Apr 23, 2014 16:40:40	47	64	0
Apr 23, 2014 16:40:41	48	63	0
Apr 23, 2014 16:40:42	64	61	0
Apr 23, 2014 16:40:43	70	56	0
Apr 23, 2014 16:40:44	66	63	0
Apr 23, 2014 16:40:45	67	61	0
Apr 23, 2014 16:40:46	53	78	0
Apr 23, 2014 16:40:47	44	94	0
Apr 23, 2014 16:40:48	50	75	0
Apr 23, 2014 16:40:49	50	69	0
Apr 23, 2014 16:40:50	53	66	0
Apr 23, 2014 16:40:51	56	41	0
Apr 23, 2014 16:40:52	56	51	0
Apr 23, 2014 16:40:53	53	56	0
Apr 23, 2014 16:40:54	67	38	0
Apr 23, 2014 16:40:55	56	40	0
Apr 23, 2014 16:40:56	60	37	0
Apr 23, 2014 16:40:57	67	27	0
Apr 23, 2014 16:40:58	56	44	0
Apr 23, 2014 16:40:59	48	47	0
Apr 23, 2014 16:41:00	47	54	0
Apr 23, 2014 16:41:01	38	69	0
Apr 23, 2014 16:41:02	20	63	0
Apr 23, 2014 16:41:03	41	70	0
Apr 23, 2014 16:41:04	38	66	0
Apr 23, 2014 16:41:05	47	57	0
Apr 23, 2014 16:41:06	57	64	0
Apr 23, 2014 16:41:07	60	66	0
Apr 23, 2014 16:41:09	61	60	0
Apr 23, 2014 16:41:10	61	51	0
Apr 23, 2014 16:41:11	63	61	0
Apr 23, 2014 16:41:12	61	63	0
Apr 23, 2014 16:41:13	47	74	0
Apr 23, 2014 16:41:14	43	60	0
Apr 23, 2014 16:41:15	34	43	0
Apr 23, 2014 16:41:16	27	51	0
Apr 23, 2014 16:41:17	27	51	0
Apr 23, 2014 16:41:18	34	29	0
Apr 23, 2014 16:41:19	30	48	0
Apr 23, 2014 16:41:20	41	43	0
Apr 23, 2014 16:41:21	21	37	0
Apr 23, 2014 16:41:22	30	56	0
Apr 23, 2014 16:41:23	34	61	0
Apr 23, 2014 16:41:24	37	57	0
Apr 23, 2014 16:41:25	61	70	0
Apr 23, 2014 16:41:26	63	67	0
Apr 23, 2014 16:41:27	54	44	0
Apr 23, 2014 16:41:28	48	44	0
Apr 23, 2014 16:41:29	34	41	0
Apr 23, 2014 16:41:30	27	35	0
Apr 23, 2014 16:41:31	37	56	0
Apr 23, 2014 16:41:32	30	70	0
Apr 23, 2014 16:41:33	20	94	0
Apr 23, 2014 16:41:34	24	94	0
Apr 23, 2014 16:41:35	37	81	0
Apr 23, 2014 16:41:36	54	61	0
Apr 23, 2014 16:41:37	69	37	0
Apr 23, 2014 16:41:38	63	30	0
Apr 23, 2014 16:41:39	51	35	0
Apr 23, 2014 16:41:40	38	43	0
Apr 23, 2014 16:41:41	35	50	0
Apr 23, 2014 16:41:42	56	50	0
Apr 23, 2014 16:41:43	43	43	0
Apr 23, 2014 16:41:45	54	37	0
Apr 23, 2014 16:41:46	54	37	0
Apr 23, 2014 16:41:47	44	37	0
Apr 23, 2014 16:41:48	51	48	0
Apr 23, 2014 16:41:49	37	61	0
Apr 23, 2014 16:41:50	29	70	0
Apr 23, 2014 16:41:51	34	64	0
Apr 23, 2014 16:41:52	41	60	0
Apr 23, 2014 16:41:53	47	51	0
Apr 23, 2014 16:41:54	50	47	0
Apr 23, 2014 16:41:55	44	54	0
Apr 23, 2014 16:41:56	44	53	0
Apr 23, 2014 16:41:57	37	41	0
Apr 23, 2014 16:41:58	37	41	0
Apr 23, 2014 16:41:59	40	48	0
Apr 23, 2014 16:42:00	43	47	0
Apr 23, 2014 16:42:01	50	54	0
Apr 23, 2014 16:42:02	47	47	0
Apr 23, 2014 16:42:03	50	38	0
Apr 23, 2014 16:42:04	40	27	0
Apr 23, 2014 16:42:05	40	26	0
Apr 23, 2014 16:42:06	37	29	0
Apr 23, 2014 16:42:07	29	37	0
Apr 23, 2014 16:42:08	34	47	0
Apr 23, 2014 16:42:09	37	53	0
Apr 23, 2014 16:42:10	29	48	0
Apr 23, 2014 16:42:11	7	37	0
Apr 23, 2014 16:42:12	1	38	0
Apr 23, 2014 16:42:13	14	48	0
Apr 23, 2014 16:42:14	11	41	0
Apr 23, 2014 16:42:15	29	41	0
Apr 23, 2014 16:42:16	40	37	0
Apr 23, 2014 16:42:17	40	34	0
Apr 23, 2014 16:42:18	43	56	0
Apr 23, 2014 16:42:20	37	66	0
Apr 23, 2014 16:42:21	23	70	0
Apr 23, 2014 16:42:22	13	63	0
Apr 23, 2014 16:42:23	11	56	0
Apr 23, 2014 16:42:24	20	48	0
Apr 23, 2014 16:42:25	38	41	0
Apr 23, 2014 16:42:26	35	44	0
Apr 23, 2014 16:42:27	37	44	0
Apr 23, 2014 16:42:28	30	56	0
Apr 23, 2014 16:42:29	10	61	0
Apr 23, 2014 16:42:30	13	77	0
Apr 23, 2014 16:42:31	20	75	0
Apr 23, 2014 16:42:32	23	60	0
Apr 23, 2014 16:42:33	26	51	0
Apr 23, 2014 16:42:34	43	30	0
Apr 23, 2014 16:42:35	47	21	0
Apr 23, 2014 16:42:36	43	17	0
Apr 23, 2014 16:42:37	61	17	0
Apr 23, 2014 16:42:38	63	20	0
Apr 23, 2014 16:42:39	61	30	0
Apr 23, 2014 16:42:40	60	29	0
Apr 23, 2014 16:42:41	50	29	0
Apr 23, 2014 16:42:42	34	44	0
Apr 23, 2014 16:42:43	50	37	0
Apr 23, 2014 16:42:44	37	56	0
Apr 23, 2014 16:42:45	34	54	0
Apr 23, 2014 16:42:46	17	40	0
Apr 23, 2014 16:42:47	1	30	0
Apr 23, 2014 16:42:48	1	8	0
Apr 23, 2014 16:42:49	1	1	0
Apr 23, 2014 16:42:50	1	4	0
Apr 23, 2014 16:42:51	11	16	0
Apr 23, 2014 16:42:52	8	21	0
Apr 23, 2014 16:42:53	10	24	0
Apr 23, 2014 16:42:55	21	35	0
Apr 23, 2014 16:42:56	24	47	0
Apr 23, 2014 16:42:57	44	53	0
Apr 23, 2014 16:42:58	63	57	0
Apr 23, 2014 16:42:59	67	53	0
Apr 23, 2014 16:43:00	57	53	0
Apr 23, 2014 16:43:01	47	48	0
Apr 23, 2014 16:43:02	50	43	0
Apr 23, 2014 16:43:03	35	43	0
Apr 23, 2014 16:43:04	37	35	0
Apr 23, 2014 16:43:05	30	40	0
Apr 23, 2014 16:43:06	26	53	0
Apr 23, 2014 16:43:07	43	37	0
Apr 23, 2014 16:43:08	50	41	0
Apr 23, 2014 16:43:09	61	43	0
Apr 23, 2014 16:43:10	57	34	0
Apr 23, 2014 16:43:11	54	41	0
Apr 23, 2014 16:43:12	61	40	0
Apr 23, 2014 16:43:13	63	27	0
Apr 23, 2014 16:43:14	48	50	0
Apr 23, 2014 16:43:15	40	51	0
Apr 23, 2014 16:43:16	43	53	0
Apr 23, 2014 16:43:17	38	44	0
Apr 23, 2014 16:43:18	48	41	0
Apr 23, 2014 16:43:19	63	34	0
Apr 23, 2014 16:43:20	56	40	0
Apr 23, 2014 16:43:21	69	40	0
Apr 23, 2014 16:43:22	54	30	0
Apr 23, 2014 16:43:23	34	27	0
Apr 23, 2014 16:43:24	30	27	0
Apr 23, 2014 16:43:25	17	30	0
Apr 23, 2014 16:43:26	29	30	0
Apr 23, 2014 16:43:27	35	48	0
Apr 23, 2014 16:43:28	37	41	0
Apr 23, 2014 16:43:29	53	41	0
Apr 23, 2014 16:43:31	56	53	0
Apr 23, 2014 16:43:32	69	47	0
Apr 23, 2014 16:43:33	56	44	0
Apr 23, 2014 16:43:34	44	43	0
Apr 23, 2014 16:43:35	48	29	0
Apr 23, 2014 16:43:36	38	37	0
Apr 23, 2014 16:43:37	51	30	0
Apr 23, 2014 16:43:38	61	27	0
Apr 23, 2014 16:43:39	60	40	0
Apr 23, 2014 16:43:40	54	35	0
Apr 23, 2014 16:43:41	38	43	0
Apr 23, 2014 16:43:42	24	66	0
Apr 23, 2014 16:43:43	14	70	0
Apr 23, 2014 16:43:44	13	74	0
Apr 23, 2014 16:43:45	53	47	0
Apr 23, 2014 16:43:46	74	29	0
Apr 23, 2014 16:43:47	84	27	0
Apr 23, 2014 16:43:48	81	21	0
Apr 23, 2014 16:43:49	81	17	0
Apr 23, 2014 16:43:50	69	27	0
Apr 23, 2014 16:43:51	60	27	0
Apr 23, 2014 16:43:52	51	26	0
Apr 23, 2014 16:43:53	43	43	0
Apr 23, 2014 16:43:54	41	35	0
Apr 23, 2014 16:43:55	57	20	0
Apr 23, 2014 16:43:56	78	20	0
Apr 23, 2014 16:43:57	84	11	0
Apr 23, 2014 16:43:58	80	16	0
Apr 23, 2014 16:43:59	77	21	0
Apr 23, 2014 16:44:00	54	35	0
Apr 23, 2014 16:44:01	47	48	0
Apr 23, 2014 16:44:02	47	43	0
Apr 23, 2014 16:44:03	43	54	0
Apr 23, 2014 16:44:04	41	50	0
Apr 23, 2014 16:44:05	34	47	0
Apr 23, 2014 16:44:07	38	53	0
Apr 23, 2014 16:44:08	20	44	0
Apr 23, 2014 16:44:09	26	24	0
Apr 23, 2014 16:44:10	27	8	0
Apr 23, 2014 16:44:11	7	1	0
Apr 23, 2014 16:44:12	23	7	0
Apr 23, 2014 16:44:13	16	30	0
Apr 23, 2014 16:44:14	23	47	0
Apr 23, 2014 16:44:15	50	57	0
Apr 23, 2014 16:44:16	44	54	0
Apr 23, 2014 16:44:17	37	50	0
Apr 23, 2014 16:44:18	34	56	0
Apr 23, 2014 16:44:19	51	51	0
Apr 23, 2014 16:44:20	57	48	0
Apr 23, 2014 16:44:21	80	47	0
Apr 23, 2014 16:44:22	87	34	0
Apr 23, 2014 16:44:23	91	23	0
Apr 23, 2014 16:44:24	78	26	0
Apr 23, 2014 16:44:25	66	27	0
Apr 23, 2014 16:44:26	47	27	0
Apr 23, 2014 16:44:27	21	40	0
Apr 23, 2014 16:44:28	27	38	0
Apr 23, 2014 16:44:29	29	44	0
Apr 23, 2014 16:44:30	40	51	0
Apr 23, 2014 16:44:31	53	50	0
Apr 23, 2014 16:44:32	54	56	0
Apr 23, 2014 16:44:33	61	53	0
Apr 23, 2014 16:44:34	77	48	0
Apr 23, 2014 16:44:35	78	40	0
Apr 23, 2014 16:44:36	69	35	0
Apr 23, 2014 16:44:37	75	34	0
Apr 23, 2014 16:44:38	57	47	0
Apr 23, 2014 16:44:39	61	51	0
Apr 23, 2014 16:44:40	69	48	0
Apr 23, 2014 16:44:41	63	50	0
Apr 23, 2014 16:44:42	54	41	0
Apr 23, 2014 16:44:44	50	44	0
Apr 23, 2014 16:44:45	37	50	0
Apr 23, 2014 16:44:46	21	53	0
Apr 23, 2014 16:44:47	43	47	0
Apr 23, 2014 16:44:48	41	47	0
Apr 23, 2014 16:44:49	61	47	0
Apr 23, 2014 16:44:50	47	54	0
Apr 23, 2014 16:44:51	47	60	0
Apr 23, 2014 16:44:52	48	53	0
Apr 23, 2014 16:44:53	51	48	0
Apr 23, 2014 16:44:54	50	50	0
Apr 23, 2014 16:44:55	50	54	0
Apr 23, 2014 16:44:56	38	60	0
Apr 23, 2014 16:44:57	30	57	0
Apr 23, 2014 16:44:58	40	60	0
Apr 23, 2014 16:44:59	40	54	0
Apr 23, 2014 16:45:00	43	61	0
Apr 23, 2014 16:45:01	51	66	0
Apr 23, 2014 16:45:02	41	63	0
Apr 23, 2014 16:45:03	43	61	0
Apr 23, 2014 16:45:04	41	38	0
Apr 23, 2014 16:45:05	44	29	0
Apr 23, 2014 16:45:06	53	26	0
Apr 23, 2014 16:45:07	63	13	0
Apr 23, 2014 16:45:08	57	34	0
Apr 23, 2014 16:45:09	51	44	0
Apr 23, 2014 16:45:10	56	50	0
Apr 23, 2014 16:45:11	38	60	0
Apr 23, 2014 16:45:12	38	60	0
Apr 23, 2014 16:45:13	51	57	0
Apr 23, 2014 16:45:14	50	48	0
Apr 23, 2014 16:45:15	63	47	0
Apr 23, 2014 16:45:16	74	37	0
Apr 23, 2014 16:45:17	63	23	0
Apr 23, 2014 16:45:18	41	43	0
Apr 23, 2014 16:45:20	23	57	0
Apr 23, 2014 16:45:21	47	64	0
Apr 23, 2014 16:45:22	40	67	0
Apr 23, 2014 16:45:23	47	56	0
Apr 23, 2014 16:45:24	60	50	0
Apr 23, 2014 16:45:25	60	47	0
Apr 23, 2014 16:45:26	63	47	0
Apr 23, 2014 16:45:27	63	51	0
Apr 23, 2014 16:45:28	50	57	0
Apr 23, 2014 16:45:29	27	63	0
Apr 23, 2014 16:45:30	34	57	0
Apr 23, 2014 16:45:31	38	50	0
Apr 23, 2014 16:45:32	67	26	0
Apr 23, 2014 16:45:33	88	14	0
Apr 23, 2014 16:45:34	87	21	0
Apr 23, 2014 16:45:35	83	27	0
Apr 23, 2014 16:45:36	80	40	0
Apr 23, 2014 16:45:37	75	44	0
Apr 23, 2014 16:45:38	75	43	0
Apr 23, 2014 16:45:39	64	44	0
Apr 23, 2014 16:45:40	56	47	0
Apr 23, 2014 16:45:41	56	47	0
Apr 23, 2014 16:45:42	64	41	0
Apr 23, 2014 16:45:43	74	38	0
Apr 23, 2014 16:45:44	69	41	0
Apr 23, 2014 16:45:45	63	35	0
Apr 23, 2014 16:45:46	61	29	0
Apr 23, 2014 16:45:47	78	24	0
Apr 23, 2014 16:45:48	77	29	0
Apr 23, 2014 16:45:49	63	38	0
Apr 23, 2014 16:45:50	63	38	26
Apr 23, 2014 16:45:51	63	38	26
Apr 23, 2014 16:45:52	56	34	0
Apr 23, 2014 16:45:53	63	37	0
Apr 23, 2014 16:45:55	67	35	0
Apr 23, 2014 16:45:56	78	41	0
Apr 23, 2014 16:45:57	70	44	0
Apr 23, 2014 16:45:58	67	43	0
Apr 23, 2014 16:45:59	77	38	0
Apr 23, 2014 16:46:00	78	41	0
Apr 23, 2014 16:46:01	70	38	0
Apr 23, 2014 16:46:02	69	40	0
Apr 23, 2014 16:46:03	56	38	0
Apr 23, 2014 16:46:04	57	35	0
Apr 23, 2014 16:46:05	74	38	0
Apr 23, 2014 16:46:06	77	35	0
Apr 23, 2014 16:46:07	90	41	0
Apr 23, 2014 16:46:08	87	41	0
Apr 23, 2014 16:46:09	69	35	0
Apr 23, 2014 16:46:10	56	37	0
Apr 23, 2014 16:46:11	43	35	0
Apr 23, 2014 16:46:12	30	40	0
Apr 23, 2014 16:46:13	24	44	0
Apr 23, 2014 16:46:14	26	54	0
Apr 23, 2014 16:46:15	34	48	0
Apr 23, 2014 16:46:16	30	56	0
Apr 23, 2014 16:46:17	27	53	0
Apr 23, 2014 16:46:18	34	47	0
Apr 23, 2014 16:46:19	30	56	0
Apr 23, 2014 16:46:20	57	54	0
Apr 23, 2014 16:46:21	67	53	0
Apr 23, 2014 16:46:22	67	50	0
Apr 23, 2014 16:46:23	64	41	0
Apr 23, 2014 16:46:24	75	47	0
Apr 23, 2014 16:46:25	66	41	0
Apr 23, 2014 16:46:26	66	48	0
Apr 23, 2014 16:46:27	70	40	0
Apr 23, 2014 16:46:28	77	40	0
Apr 23, 2014 16:46:29	67	44	0
Apr 23, 2014 16:46:30	67	30	0
Apr 23, 2014 16:46:32	50	35	0
Apr 23, 2014 16:46:33	29	37	0
Apr 23, 2014 16:46:34	17	34	0
Apr 23, 2014 16:46:35	16	44	0
Apr 23, 2014 16:46:36	29	50	0
Apr 23, 2014 16:46:37	41	50	0
Apr 23, 2014 16:46:38	50	51	0
Apr 23, 2014 16:46:39	51	44	0
Apr 23, 2014 16:46:40	63	43	0
Apr 23, 2014 16:46:41	43	43	0
Apr 23, 2014 16:46:42	51	35	0
Apr 23, 2014 16:46:43	50	44	0
Apr 23, 2014 16:46:44	24	43	0
Apr 23, 2014 16:46:45	50	41	0
Apr 23, 2014 16:46:46	66	38	0
Apr 23, 2014 16:46:47	74	34	0
Apr 23, 2014 16:46:48	97	37	0
Apr 23, 2014 16:46:49	96	40	0
Apr 23, 2014 16:46:50	81	51	0
Apr 23, 2014 16:46:51	70	60	0
Apr 23, 2014 16:46:52	66	56	0
Apr 23, 2014 16:46:53	51	48	0
Apr 23, 2014 16:46:54	44	24	0
Apr 23, 2014 16:46:55	57	17	0
Apr 23, 2014 16:46:56	75	13	0
Apr 23, 2014 16:46:57	64	20	0
Apr 23, 2014 16:46:58	69	27	0
Apr 23, 2014 16:46:59	40	30	0
Apr 23, 2014 16:47:00	21	41	0
Apr 23, 2014 16:47:01	29	38	0
Apr 23, 2014 16:47:02	41	53	0
Apr 23, 2014 16:47:03	43	57	0
Apr 23, 2014 16:47:04	40	63	0
Apr 23, 2014 16:47:05	29	66	0
Apr 23, 2014 16:47:06	13	47	0
Apr 23, 2014 16:47:07	14	43	0
Apr 23, 2014 16:47:08	29	29	0
Apr 23, 2014 16:47:10	27	27	0
Apr 23, 2014 16:47:11	27	47	0
Apr 23, 2014 16:47:12	30	53	0
Apr 23, 2014 16:47:13	26	60	0
Apr 23, 2014 16:47:14	29	78	0
Apr 23, 2014 16:47:15	27	50	0
Apr 23, 2014 16:47:16	24	56	0
Apr 23, 2014 16:47:17	21	53	0
Apr 23, 2014 16:47:18	10	29	0
Apr 23, 2014 16:47:19	17	53	0
Apr 23, 2014 16:47:20	17	41	0
Apr 23, 2014 16:47:21	17	21	0
Apr 23, 2014 16:47:22	29	30	0
Apr 23, 2014 16:47:23	21	43	0
Apr 23, 2014 16:47:24	34	48	0
Apr 23, 2014 16:47:25	41	77	0
Apr 23, 2014 16:47:26	51	70	0
Apr 23, 2014 16:47:27	60	67	0
Apr 23, 2014 16:47:28	56	53	0
Apr 23, 2014 16:47:29	77	40	0
Apr 23, 2014 16:47:30	83	38	0
Apr 23, 2014 16:47:31	83	38	0
Apr 23, 2014 16:47:32	83	43	0
Apr 23, 2014 16:47:33	64	44	0
Apr 23, 2014 16:47:34	57	41	0
Apr 23, 2014 16:47:35	40	35	0
Apr 23, 2014 16:47:36	34	37	0
Apr 23, 2014 16:47:37	26	40	0
Apr 23, 2014 16:47:38	16	34	0
Apr 23, 2014 16:47:39	27	35	0
Apr 23, 2014 16:47:40	47	35	0
Apr 23, 2014 16:47:41	56	35	0
Apr 23, 2014 16:47:42	84	30	0
Apr 23, 2014 16:47:43	81	24	0
Apr 23, 2014 16:47:44	81	21	0
Apr 23, 2014 16:47:45	77	14	0
Apr 23, 2014 16:47:47	61	21	0
Apr 23, 2014 16:47:48	53	48	0
Apr 23, 2014 16:47:49	23	47	0
Apr 23, 2014 16:47:50	27	47	0
Apr 23, 2014 16:47:51	20	44	0
Apr 23, 2014 16:47:52	23	27	0
Apr 23, 2014 16:47:53	50	27	0
Apr 23, 2014 16:47:54	51	23	0
Apr 23, 2014 16:47:55	44	10	0
Apr 23, 2014 16:47:56	24	10	0
Apr 23, 2014 16:47:57	16	21	0
Apr 23, 2014 16:47:58	27	40	0
Apr 23, 2014 16:47:59	41	51	0
Apr 23, 2014 16:48:00	53	43	0
Apr 23, 2014 16:48:01	67	34	0
Apr 23, 2014 16:48:02	78	35	0
Apr 23, 2014 16:48:03	81	35	0
Apr 23, 2014 16:48:04	69	41	0
Apr 23, 2014 16:48:05	70	43	0
Apr 23, 2014 16:48:06	64	35	0
Apr 23, 2014 16:48:07	43	38	0
Apr 23, 2014 16:48:08	56	34	0
Apr 23, 2014 16:48:09	56	37	0
Apr 23, 2014 16:48:10	51	35	0
Apr 23, 2014 16:48:11	66	23	0
Apr 23, 2014 16:48:12	48	13	0
Apr 23, 2014 16:48:13	47	8	0
Apr 23, 2014 16:48:14	53	13	0
Apr 23, 2014 16:48:15	30	11	0
Apr 23, 2014 16:48:16	26	13	0
Apr 23, 2014 16:48:17	14	24	0
Apr 23, 2014 16:48:18	3	21	0
Apr 23, 2014 16:48:19	23	30	0
Apr 23, 2014 16:48:20	47	43	0
Apr 23, 2014 16:48:21	37	44	0
Apr 23, 2014 16:48:23	38	43	0
Apr 23, 2014 16:48:24	50	38	0
Apr 23, 2014 16:48:25	47	37	0
Apr 23, 2014 16:48:26	66	27	0
Apr 23, 2014 16:48:27	64	27	0
Apr 23, 2014 16:48:28	57	26	0
Apr 23, 2014 16:48:29	48	26	0
Apr 23, 2014 16:48:30	43	35	0
Apr 23, 2014 16:48:31	51	38	0
Apr 23, 2014 16:48:32	64	38	0
Apr 23, 2014 16:48:33	57	30	0
Apr 23, 2014 16:48:34	54	10	0
Apr 23, 2014 16:48:35	34	1	0
Apr 23, 2014 16:48:36	13	1	0
Apr 23, 2014 16:48:37	24	3	0
Apr 23, 2014 16:48:38	35	21	0
Apr 23, 2014 16:48:39	35	40	0
Apr 23, 2014 16:48:40	29	50	0
Apr 23, 2014 16:48:41	21	51	0
Apr 23, 2014 16:48:42	24	56	0
Apr 23, 2014 16:48:43	17	47	0
Apr 23, 2014 16:48:44	23	60	0
Apr 23, 2014 16:48:45	23	35	0
Apr 23, 2014 16:48:46	14	43	0
Apr 23, 2014 16:48:47	23	34	0
Apr 23, 2014 16:48:48	29	21	0
Apr 23, 2014 16:48:49	29	43	0
Apr 23, 2014 16:48:50	43	27	0
Apr 23, 2014 16:48:51	41	44	0
Apr 23, 2014 16:48:52	37	40	0
Apr 23, 2014 16:48:53	38	37	0
Apr 23, 2014 16:48:54	29	38	0
Apr 23, 2014 16:48:55	48	41	0
Apr 23, 2014 16:48:56	53	53	0
Apr 23, 2014 16:48:58	60	60	0
Apr 23, 2014 16:48:59	38	57	0
Apr 23, 2014 16:49:00	38	57	0
Apr 23, 2014 16:49:01	24	40	0
Apr 23, 2014 16:49:02	30	47	0
Apr 23, 2014 16:49:03	34	50	0
Apr 23, 2014 16:49:04	23	56	0
Apr 23, 2014 16:49:05	21	78	0
Apr 23, 2014 16:49:06	16	66	0
Apr 23, 2014 16:49:07	10	66	0
Apr 23, 2014 16:49:08	17	53	0
Apr 23, 2014 16:49:09	26	48	0
Apr 23, 2014 16:49:10	21	48	0
Apr 23, 2014 16:49:11	21	48	0
Apr 23, 2014 16:49:12	21	43	0
Apr 23, 2014 16:49:13	24	44	0
Apr 23, 2014 16:49:14	24	51	0
Apr 23, 2014 16:49:15	27	69	0
Apr 23, 2014 16:49:16	30	57	0
Apr 23, 2014 16:49:17	30	61	0
Apr 23, 2014 16:49:18	56	57	0
Apr 23, 2014 16:49:19	63	54	0
Apr 23, 2014 16:49:20	53	61	0
Apr 23, 2014 16:49:21	56	60	0
Apr 23, 2014 16:49:22	44	60	0
Apr 23, 2014 16:49:23	38	43	0
Apr 23, 2014 16:49:24	37	40	0
Apr 23, 2014 16:49:25	35	38	0
Apr 23, 2014 16:49:26	40	40	0
Apr 23, 2014 16:49:27	44	50	0
Apr 23, 2014 16:49:28	47	34	0
Apr 23, 2014 16:49:29	44	26	0
Apr 23, 2014 16:49:30	41	24	0
Apr 23, 2014 16:49:31	34	29	0
Apr 23, 2014 16:49:32	35	41	0
