00:00:00	61	50	0
00:00:01	54	48	0
00:00:03	69	53	0
00:00:04	54	50	0
00:00:05	61	66	0
00:00:06	77	67	0
00:00:07	66	75	0
00:00:08	81	81	0
00:00:09	67	84	0
00:00:10	67	81	0
00:00:11	54	78	0
00:00:12	48	74	0
00:00:13	67	77	0
00:00:14	48	78	0
00:00:15	40	81	0
00:00:16	38	74	0
00:00:17	34	74	0
00:00:18	29	70	0
00:00:19	29	61	0
00:00:20	40	56	0
00:00:21	54	57	0
00:00:22	53	56	0
00:00:23	57	53	0
00:00:24	37	48	0
00:00:25	47	51	0
00:00:26	48	54	0
00:00:27	47	57	0
00:00:28	56	61	0
00:00:29	51	64	0
00:00:30	67	66	0
00:00:31	63	61	0
00:00:32	67	66	0
00:00:33	84	53	0
00:00:34	75	56	0
00:00:36	91	64	0
00:00:37	81	51	0
00:00:38	66	56	0
00:00:39	83	50	0
00:00:40	70	47	0
00:00:41	64	60	0
00:00:42	69	69	0
00:00:43	64	66	0
00:00:44	75	74	0
00:00:45	74	75	0
00:00:46	77	75	0
00:00:47	77	78	0
00:00:48	81	84	0
00:00:49	61	75	0
00:00:50	50	70	0
00:00:51	63	75	0
00:00:52	70	57	0
00:00:53	88	48	0
00:00:54	97	57	0
00:00:55	83	56	0
00:00:56	61	54	0
00:00:57	67	74	0
00:00:58	64	56	0
00:00:59	83	51	0
00:01:00	84	51	0
00:01:01	75	40	0
00:01:02	74	43	0
00:01:03	51	41	0
00:01:04	51	48	0
00:01:05	60	44	0
00:01:07	57	50	0
00:01:08	67	54	0
00:01:09	74	50	0
00:01:10	80	60	0
00:01:11	81	66	0
00:01:12	74	61	0
00:01:13	70	53	0
00:01:14	74	63	0
00:01:15	74	66	0
00:01:16	80	88	0
00:01:17	80	97	0
00:01:18	80	84	0
00:01:19	70	81	0
00:01:20	75	78	0
00:01:21	56	80	0
00:01:22	43	78	0
00:01:23	41	69	0
00:01:24	38	67	0
00:01:25	47	61	0
00:01:26	54	57	0
00:01:27	57	70	0
00:01:28	54	54	0
00:01:29	61	64	0
00:01:30	51	77	0
00:01:31	43	69	0
00:01:32	48	81	0
00:01:33	51	77	0
00:01:34	43	67	0
00:01:35	54	77	0
00:01:36	48	84	0
00:01:37	38	84	0
00:01:38	61	80	0
00:01:40	61	54	0
00:01:41	66	44	0
00:01:42	64	57	0
00:01:43	63	57	0
00:01:44	70	56	0
00:01:45	80	69	0
00:01:46	75	69	0
00:01:47	91	78	0
00:01:48	80	81	0
00:01:49	81	84	0
00:01:50	87	78	0
00:01:51	74	88	0
00:01:52	67	84	0
00:01:53	57	84	0
00:01:54	56	87	0
00:01:55	51	81	0
00:01:56	64	78	0
00:01:57	63	75	0
00:01:58	56	70	0
00:01:59	67	53	0
00:02:00	61	57	0
00:02:01	53	63	0
00:02:02	51	60	0
00:02:03	43	60	0
00:02:04	41	67	0
00:02:05	54	63	0
00:02:06	51	64	0
00:02:07	51	77	0
00:02:08	44	53	0
00:02:09	40	57	0
00:02:10	48	66	0
00:02:11	48	70	0
00:02:12	43	51	0
00:02:13	35	51	0
00:02:14	51	48	0
00:02:16	44	50	0
00:02:17	38	54	0
00:02:18	37	47	0
00:02:19	26	54	0
00:02:20	35	53	0
00:02:21	56	50	0
00:02:22	60	61	0
00:02:23	57	56	0
00:02:24	51	60	0
00:02:25	44	69	0
00:02:26	44	66	0
00:02:27	47	67	0
00:02:28	51	75	0
00:02:29	60	84	0
00:02:30	51	77	0
00:02:31	48	74	0
00:02:32	54	66	0
00:02:33	51	60	0
00:02:34	63	66	0
00:02:35	56	64	0
00:02:36	53	77	0
00:02:37	35	75	0
00:02:38	37	80	0
00:02:39	35	90	0
00:02:40	47	70	0
00:02:41	48	57	0
00:02:42	51	63	0
00:02:43	38	61	0
00:02:44	38	56	0
00:02:45	26	54	0
00:02:46	34	41	0
00:02:47	56	41	0
00:02:48	66	43	0
00:02:49	84	35	0
00:02:51	78	38	0
00:02:52	78	38	0
00:02:53	80	41	0
00:02:54	56	61	0
00:02:55	53	54	0
00:02:56	38	64	0
00:02:57	26	63	0
00:02:58	44	54	0
00:02:59	44	63	0
00:03:00	38	44	0
00:03:01	43	56	0
00:03:02	43	63	0
00:03:03	44	53	0
00:03:04	61	64	0
00:03:05	69	53	0
00:03:06	67	53	0
00:03:07	83	54	0
00:03:08	67	61	0
00:03:09	48	61	0
00:03:10	35	77	0
00:03:11	44	74	0
00:03:12	51	69	0
00:03:13	54	70	0
00:03:14	56	69	0
00:03:15	64	64	0
00:03:16	53	51	0
00:03:17	54	40	0
00:03:18	47	26	0
00:03:19	38	27	0
00:03:20	38	40	0
00:03:21	38	50	0
00:03:23	51	67	0
00:03:24	53	64	0
00:03:25	74	63	0
00:03:26	63	64	0
00:03:27	54	44	0
00:03:28	50	43	0
00:03:29	40	40	0
00:03:30	57	41	0
00:03:31	54	54	0
00:03:32	63	37	0
00:03:33	57	29	0
00:03:34	48	26	0
00:03:35	54	21	0
00:03:36	38	43	0
00:03:37	54	63	0
00:03:38	47	57	0
00:03:39	69	66	0
00:03:40	60	74	0
00:03:41	61	77	0
00:03:42	64	83	0
00:03:43	56	78	0
00:03:44	60	77	0
00:03:45	63	66	0
00:03:46	78	66	0
00:03:47	70	63	0
00:03:48	63	57	0
00:03:49	64	63	0
00:03:50	56	60	0
00:03:51	50	57	0
00:03:52	60	66	0
00:03:53	48	67	0
00:03:55	50	74	0
00:03:56	54	81	0
00:03:57	56	77	0
00:03:58	60	70	0
00:03:59	64	51	0
00:04:00	61	48	0
00:04:01	53	47	0
00:04:02	53	40	0
00:04:03	44	47	0
00:04:04	56	56	0
00:04:05	53	56	0
00:04:06	57	64	0
00:04:07	63	43	0
00:04:08	74	60	0
00:04:09	63	74	0
00:04:10	57	83	0
00:04:11	41	94	0
00:04:12	48	91	0
00:04:13	51	80	0
00:04:14	50	69	0
00:04:15	67	57	0
00:04:16	67	57	0
00:04:17	63	56	0
00:04:18	66	60	0
00:04:19	53	48	0
00:04:20	56	70	0
00:04:21	61	56	0
00:04:22	57	51	0
00:04:23	63	70	0
00:04:24	70	70	0
00:04:25	63	61	0
00:04:27	56	56	0
00:04:28	56	47	0
00:04:29	53	41	0
00:04:30	64	53	0
00:04:31	75	70	0
00:04:32	78	94	0
00:04:33	56	87	0
00:04:34	69	75	0
00:04:35	64	56	0
00:04:36	64	56	0
00:04:37	64	56	0
00:04:38	48	60	0
00:04:39	57	61	0
00:04:40	67	63	0
00:04:41	63	67	0
00:04:42	70	74	0
00:04:43	53	64	0
00:04:44	41	56	0
00:04:45	53	48	0
00:04:46	50	57	0
00:04:47	64	63	0
00:04:48	75	70	0
00:04:49	81	80	0
00:04:50	78	69	0
00:04:51	66	69	0
00:04:52	78	63	0
00:04:53	66	51	0
00:04:54	67	43	0
00:04:55	63	51	0
00:04:56	60	53	0
00:04:57	50	64	0
00:04:59	54	63	0
00:05:00	67	57	0
00:05:01	56	63	0
00:05:02	81	75	0
00:05:03	83	84	0
00:05:04	77	77	0
00:05:05	70	77	0
00:05:06	77	69	0
00:05:07	88	61	0
00:05:08	97	69	0
00:05:09	94	69	0
00:05:10	90	78	0
00:05:11	67	83	0
00:05:12	66	96	0
00:05:13	56	93	0
00:05:14	47	69	0
00:05:15	40	53	0
00:05:16	40	34	0
00:05:17	54	35	0
00:05:18	50	57	0
00:05:19	69	77	0
00:05:20	57	78	0
00:05:21	53	57	0
00:05:22	53	51	0
00:05:23	48	48	0
00:05:24	44	43	0
00:05:25	41	57	0
00:05:26	40	57	0
00:05:27	38	53	0
00:05:28	60	51	0
00:05:29	93	40	0
00:05:31	77	44	0
00:05:32	60	47	0
00:05:33	56	44	0
00:05:34	34	51	0
00:05:35	40	53	0
00:05:36	66	53	0
00:05:37	63	54	0
00:05:38	75	60	0
00:05:39	93	56	0
00:05:40	78	66	0
00:05:41	80	66	0
00:05:42	63	67	0
00:05:43	44	64	0
00:05:44	37	77	0
00:05:45	27	67	0
00:05:46	48	61	0
00:05:47	63	53	0
00:05:48	60	47	0
00:05:49	61	54	0
00:05:50	50	61	0
00:05:51	60	64	0
00:05:52	84	50	0
00:05:53	100	41	0
00:05:54	100	43	0
00:05:55	97	48	0
00:05:56	87	61	0
00:05:57	56	50	0
00:05:58	69	40	0
00:05:59	66	37	0
00:06:00	63	30	0
00:06:01	77	41	0
00:06:03	64	60	0
00:06:04	53	60	0
00:06:05	51	69	0
00:06:06	41	54	0
00:06:07	35	50	0
00:06:08	37	44	0
00:06:09	41	44	0
00:06:10	44	74	0
00:06:11	38	67	0
00:06:12	41	66	0
00:06:13	43	67	0
00:06:14	41	48	0
00:06:15	64	61	0
00:06:16	60	56	0
00:06:17	54	51	0
00:06:18	53	50	0
00:06:19	48	50	0
00:06:20	61	67	0
00:06:21	66	77	0
00:06:22	60	96	0
00:06:23	56	81	0
00:06:24	47	77	0
00:06:25	54	61	0
00:06:26	60	64	0
00:06:27	70	77	0
00:06:28	60	84	0
00:06:29	50	70	0
00:06:30	34	75	0
00:06:31	27	56	0
00:06:32	50	50	0
00:06:33	60	64	0
00:06:34	70	69	0
00:06:36	77	83	0
00:06:37	69	87	0
00:06:38	66	90	0
00:06:39	67	91	0
00:06:40	63	74	0
00:06:41	57	63	0
00:06:42	48	38	0
00:06:43	63	11	0
00:06:44	70	21	0
00:06:45	67	29	0
00:06:46	75	44	0
00:06:47	56	64	0
00:06:48	51	67	0
00:06:49	56	74	0
00:06:50	63	66	0
00:06:51	64	70	0
00:06:52	70	60	0
00:06:53	57	40	0
00:06:54	60	40	0
00:06:55	56	47	0
00:06:56	69	50	0
00:06:57	67	57	0
00:06:58	53	74	0
00:06:59	47	69	0
00:07:00	47	74	0
00:07:01	56	48	0
00:07:02	61	23	0
00:07:03	61	30	0
00:07:04	69	29	0
00:07:05	57	57	0
00:07:06	61	74	0
00:07:08	50	64	0
00:07:09	44	61	0
00:07:10	48	51	0
00:07:11	48	61	0
00:07:12	61	66	0
00:07:13	60	77	0
00:07:14	61	80	0
00:07:15	60	69	0
00:07:16	47	66	0
00:07:17	60	61	0
00:07:18	54	43	0
00:07:19	57	54	0
00:07:20	60	61	0
00:07:21	51	60	0
00:07:22	53	69	0
00:07:23	53	63	0
00:07:24	60	81	0
00:07:25	53	83	0
00:07:26	57	66	0
00:07:27	67	51	0
00:07:28	63	50	0
00:07:29	60	50	0
00:07:30	56	70	0
00:07:31	44	78	0
00:07:32	51	75	0
00:07:33	53	70	0
00:07:34	63	60	0
00:07:35	75	53	0
00:07:36	75	50	0
00:07:37	93	54	0
00:07:38	91	56	0
00:07:39	80	60	0
00:07:41	77	66	0
00:07:42	66	69	0
00:07:43	64	74	0
00:07:44	70	75	0
00:07:45	63	77	0
00:07:46	64	70	0
00:07:47	57	88	0
00:07:48	57	84	0
00:07:49	57	80	0
00:07:50	50	66	0
00:07:51	50	44	0
00:07:52	51	23	0
00:07:53	66	35	0
00:07:54	66	48	0
00:07:55	67	77	0
00:07:56	66	81	0
00:07:57	57	81	0
00:07:58	57	83	0
00:07:59	63	67	0
00:08:00	48	70	0
00:08:01	48	53	0
00:08:02	44	34	0
00:08:03	38	40	0
00:08:04	44	29	0
00:08:05	50	54	0
00:08:06	54	53	0
00:08:07	60	50	0
00:08:08	67	64	0
00:08:09	60	53	0
00:08:10	56	77	0
00:08:11	50	74	0
00:08:13	48	66	0
00:08:14	53	70	0
00:08:15	53	69	0
00:08:16	66	57	0
00:08:17	74	53	0
00:08:18	80	54	0
00:08:19	74	57	0
00:08:20	57	83	0
00:08:21	43	87	0
00:08:22	57	70	0
00:08:23	44	77	0
00:08:24	53	77	0
00:08:25	51	67	0
00:08:26	44	69	0
00:08:27	60	70	0
00:08:28	57	51	0
00:08:29	63	47	0
00:08:30	57	50	0
00:08:31	51	53	0
00:08:32	38	66	0
00:08:33	50	70	0
00:08:34	38	48	0
00:08:35	43	47	0
00:08:36	43	47	0
00:08:37	30	50	0
00:08:38	44	69	0
00:08:39	38	53	0
00:08:40	47	57	0
00:08:41	51	60	0
00:08:42	50	61	0
00:08:43	57	78	0
00:08:45	48	78	0
00:08:46	51	66	0
00:08:47	44	56	0
00:08:48	43	40	0
00:08:49	47	47	0
00:08:50	57	57	0
00:08:51	56	47	0
00:08:52	54	66	0
00:08:53	48	64	0
00:08:54	43	63	0
00:08:55	44	57	0
00:08:56	44	57	26
00:08:57	44	57	26
00:08:58	56	41	0
00:08:59	50	34	0
00:09:00	37	17	0
00:09:01	27	14	0
00:09:02	20	20	0
00:09:03	16	30	0
00:09:04	40	44	0
00:09:05	51	63	0
00:09:06	51	69	0
00:09:07	70	67	0
00:09:08	64	63	0
00:09:09	77	43	0
00:09:10	77	27	0
00:09:11	64	27	0
00:09:12	67	35	0
00:09:13	67	41	0
00:09:14	75	51	0
00:09:15	77	51	0
00:09:17	74	47	0
00:09:18	67	44	0
00:09:19	88	40	0
00:09:20	66	34	0
00:09:21	57	48	0
00:09:22	60	51	0
00:09:23	51	53	0
00:09:24	57	75	0
00:09:25	63	77	0
00:09:26	70	81	0
00:09:27	70	90	0
00:09:28	64	93	0
00:09:29	40	66	0
00:09:30	34	57	0
00:09:31	24	37	0
00:09:32	26	8	0
00:09:33	40	26	0
00:09:34	38	41	0
00:09:35	41	53	0
00:09:36	56	75	0
00:09:37	54	78	0
00:09:38	69	66	0
00:09:39	61	63	0
00:09:40	56	47	0
00:09:41	60	50	0
00:09:42	43	53	0
00:09:43	56	51	0
00:09:44	50	56	0
00:09:45	53	56	0
00:09:46	50	54	0
00:09:47	54	50	0
00:09:48	60	54	0
00:09:50	50	50	0
00:09:51	40	48	0
00:09:52	29	44	0
00:09:53	23	47	0
00:09:54	37	53	0
00:09:55	50	53	0
00:09:56	48	53	0
00:09:57	64	61	0
00:09:58	56	66	0
00:09:59	60	64	0
00:10:00	77	64	0
00:10:01	56	47	0
00:10:02	70	26	0
00:10:03	64	38	0
00:10:04	47	40	0
00:10:05	74	44	0
00:10:06	67	60	0
00:10:07	66	44	0
00:10:08	60	44	0
00:10:09	41	56	0
00:10:10	27	64	0
00:10:11	38	78	0
00:10:12	50	74	0
00:10:13	51	60	0
00:10:14	60	41	0
00:10:15	50	53	0
00:10:16	54	56	0
00:10:17	51	69	0
00:10:18	51	74	0
00:10:19	51	57	0
00:10:20	57	77	0
00:10:21	61	53	0
00:10:22	54	43	0
00:10:23	60	63	0
00:10:25	47	47	0
00:10:26	40	60	0
00:10:27	44	57	0
00:10:28	53	50	0
00:10:29	61	50	0
00:10:30	54	44	0
00:10:31	51	48	0
00:10:32	48	37	0
00:10:33	41	43	0
00:10:34	51	63	0
00:10:35	51	60	0
00:10:36	53	64	0
00:10:37	64	70	0
00:10:38	67	56	0
00:10:39	75	57	0
00:10:40	67	56	0
00:10:41	69	51	0
00:10:42	60	54	0
00:10:43	66	77	0
00:10:44	61	64	0
00:10:45	64	64	0
00:10:46	74	66	0
00:10:47	56	70	0
00:10:48	44	80	0
00:10:49	56	78	0
00:10:50	56	67	0
00:10:51	70	61	0
00:10:52	84	67	0
00:10:53	80	80	0
00:10:54	80	80	0
00:10:55	77	54	0
00:10:57	69	44	0
00:10:58	56	44	0
00:10:59	60	53	0
00:11:00	53	77	0
00:11:01	53	84	0
00:11:02	78	64	0
00:11:03	63	69	0
00:11:04	67	74	0
00:11:05	69	67	0
00:11:06	61	70	0
00:11:07	69	67	0
00:11:08	56	51	0
00:11:09	53	41	0
00:11:10	53	44	0
00:11:11	40	38	0
00:11:12	54	61	0
00:11:13	38	64	0
00:11:14	38	64	0
00:11:15	41	69	0
00:11:16	54	77	0
00:11:17	77	90	0
00:11:18	77	91	0
00:11:19	83	91	0
00:11:20	64	88	0
00:11:21	44	70	0
00:11:22	48	64	0
00:11:23	50	63	0
00:11:24	50	57	0
00:11:25	75	66	0
00:11:26	60	64	0
00:11:27	67	64	0
00:11:28	63	51	0
00:11:30	53	48	0
00:11:31	70	48	0
00:11:32	56	54	0
00:11:33	70	69	0
00:11:34	64	77	0
00:11:35	60	90	0
00:11:36	67	84	0
00:11:37	60	94	0
00:11:38	70	93	0
00:11:39	64	84	0
00:11:40	63	66	0
00:11:41	67	53	0
00:11:42	75	60	0
00:11:43	78	63	0
00:11:44	69	57	0
00:11:45	56	70	0
00:11:46	38	48	0
00:11:47	44	50	0
00:11:48	53	54	0
00:11:49	64	56	0
00:11:50	83	51	0
00:11:51	80	41	0
00:11:52	75	47	0
00:11:53	57	44	0
00:11:54	53	56	0
00:11:55	53	61	0
00:11:56	50	51	0
00:11:57	54	60	0
00:11:58	54	63	0
00:11:59	61	67	0
00:12:00	47	54	0
00:12:01	47	38	0
00:12:03	44	38	0
00:12:04	37	35	0
00:12:05	47	50	0
00:12:06	41	60	0
00:12:07	48	67	0
00:12:08	50	60	0
00:12:09	51	66	0
00:12:10	75	30	0
00:12:11	51	23	0
00:12:12	54	27	0
00:12:13	43	35	0
00:12:14	54	50	0
00:12:15	66	53	0
00:12:16	67	56	0
00:12:17	60	56	0
00:12:18	41	57	0
00:12:19	50	63	0
00:12:20	50	50	0
00:12:21	53	48	0
00:12:22	48	43	0
00:12:23	41	54	0
00:12:24	44	61	0
00:12:25	61	48	0
00:12:26	57	50	0
00:12:27	66	38	0
00:12:28	63	41	0
00:12:29	48	67	0
00:12:30	48	69	0
00:12:31	37	83	0
00:12:32	35	80	0
00:12:33	21	69	0
00:12:34	17	69	0
00:12:35	29	60	0
00:12:36	23	51	0
00:12:38	34	54	0
00:12:39	27	37	0
00:12:40	29	38	0
00:12:41	34	48	0
00:12:42	41	66	0
00:12:43	34	70	0
00:12:44	24	78	0
00:12:45	17	51	0
00:12:46	24	57	0
00:12:47	17	50	0
00:12:48	27	51	0
00:12:49	37	50	0
00:12:50	24	40	0
00:12:51	26	38	0
00:12:52	27	29	0
00:12:53	26	41	0
00:12:54	29	44	0
00:12:55	27	61	0
00:12:56	24	70	0
00:12:57	26	63	0
00:12:58	37	67	0
00:12:59	38	63	0
00:13:00	51	63	0
00:13:01	63	78	0
00:13:02	51	70	0
00:13:03	57	63	0
00:13:04	54	60	0
00:13:05	34	50	0
00:13:06	29	47	0
00:13:07	34	53	0
00:13:08	34	57	0
00:13:09	44	63	0
00:13:10	50	30	0
00:13:11	47	35	0
00:13:13	48	27	0
00:13:14	48	27	0
00:13:15	34	50	0
00:13:16	43	44	0
00:13:17	43	53	0
00:13:18	44	40	0
00:13:19	47	57	0
00:13:20	35	63	0
00:13:21	37	60	0
00:13:22	51	74	0
00:13:23	53	69	0
00:13:24	57	69	0
00:13:25	66	75	0
00:13:26	57	63	0
00:13:27	66	69	0
00:13:28	63	74	0
00:13:29	53	63	0
00:13:30	47	64	0
00:13:31	38	43	0
00:13:32	44	41	0
00:13:33	47	50	0
00:13:34	54	63	0
00:13:35	56	56	0
00:13:36	54	61	0
00:13:37	50	66	0
00:13:38	37	50	0
00:13:39	48	51	0
00:13:40	60	41	0
00:13:41	66	60	0
00:13:42	48	60	0
00:13:43	53	80	0
00:13:44	53	88	0
00:13:46	56	78	0
00:13:47	67	81	0
00:13:48	57	75	0
00:13:49	44	74	0
00:13:50	44	80	0
00:13:51	48	77	0
00:13:52	56	64	0
00:13:53	77	48	0
00:13:54	83	53	0
00:13:55	64	47	0
00:13:56	57	54	0
00:13:57	50	80	0
00:13:58	34	75	0
00:13:59	34	60	0
00:14:00	27	44	0
00:14:01	24	29	0
00:14:02	27	27	0
00:14:03	34	56	0
00:14:04	43	70	0
00:14:05	37	75	0
00:14:06	41	78	0
00:14:07	43	54	0
00:14:08	37	47	0
00:14:09	50	41	0
00:14:10	47	53	0
00:14:11	48	61	0
00:14:12	56	69	0
00:14:13	41	70	0
00:14:14	50	67	0
00:14:15	56	69	0
00:14:16	54	60	0
00:14:18	43	44	0
00:14:19	50	24	0
00:14:20	41	20	0
00:14:21	43	29	0
00:14:22	64	43	0
00:14:23	60	63	0
00:14:24	66	63	0
00:14:25	77	64	0
00:14:26	70	60	0
00:14:27	67	60	0
00:14:28	60	63	0
00:14:29	48	54	0
00:14:30	44	47	0
00:14:31	47	51	0
00:14:32	48	57	0
00:14:33	61	61	0
00:14:34	51	63	0
00:14:35	38	43	0
00:14:36	35	53	0
00:14:37	37	70	0
00:14:38	41	81	0
00:14:39	34	70	0
00:14:40	29	63	0
00:14:41	37	44	0
00:14:42	38	50	0
00:14:43	43	54	0
00:14:44	48	50	0
00:14:45	47	51	0
00:14:46	60	56	0
00:14:47	61	57	0
00:14:48	57	60	0
00:14:49	56	75	0
00:14:51	48	67	0
00:14:52	61	74	0
00:14:53	70	81	0
00:14:54	70	69	0
00:14:55	75	54	0
00:14:56	60	35	0
00:14:57	56	30	0
00:14:58	57	54	0
00:14:59	57	64	0
00:15:00	69	84	0
00:15:01	56	83	0
00:15:02	53	63	0
00:15:03	53	64	0
00:15:04	43	60	0
00:15:05	51	63	0
00:15:06	47	54	0
00:15:07	56	54	0
00:15:08	56	54	0
00:15:09	54	57	0
00:15:10	53	75	0
00:15:11	48	70	0
00:15:12	51	54	0
00:15:13	51	54	0
00:15:14	47	38	0
00:15:15	51	41	0
00:15:16	54	60	0
00:15:17	60	66	0
00:15:18	54	77	0
00:15:19	54	66	0
00:15:20	41	54	0
00:15:21	43	56	0
00:15:22	43	44	0
00:15:24	38	50	0
00:15:25	47	60	0
00:15:26	50	63	0
00:15:27	63	66	0
00:15:28	66	67	0
00:15:29	56	64	0
00:15:30	48	50	0
00:15:31	34	37	0
00:15:32	23	37	0
00:15:33	24	41	0
00:15:34	26	56	0
00:15:35	43	75	0
00:15:36	40	54	0
00:15:37	56	57	0
00:15:38	63	54	0
00:15:39	60	54	0
00:15:40	57	56	0
00:15:41	41	35	0
00:15:42	50	35	0
00:15:43	63	44	0
00:15:44	77	50	0
00:15:45	77	43	0
00:15:46	66	51	0
00:15:47	63	41	0
00:15:48	60	44	0
00:15:49	60	63	0
00:15:50	54	57	0
00:15:51	47	63	0
00:15:52	38	51	0
00:15:53	43	50	0
00:15:54	50	50	0
00:15:55	50	43	0
00:15:56	53	51	0
00:15:58	35	50	0
00:15:59	34	51	0
00:16:00	27	40	0
00:16:01	37	53	0
00:16:02	53	47	0
00:16:03	56	54	0
00:16:04	44	40	0
00:16:05	54	53	0
00:16:06	74	50	0
00:16:07	70	54	0
00:16:08	80	63	0
00:16:09	84	67	0
00:16:10	81	75	0
00:16:11	94	54	0
00:16:12	97	51	0
00:16:13	78	47	0
00:16:14	69	53	0
00:16:15	63	64	0
00:16:16	50	50	0
00:16:17	48	41	0
00:16:18	44	40	0
00:16:19	54	47	0
00:16:20	40	50	0
00:16:21	54	43	0
00:16:22	35	23	0
00:16:23	21	30	0
00:16:24	47	43	0
00:16:25	37	44	0
00:16:26	60	64	0
00:16:27	66	63	0
00:16:28	60	77	0
00:16:29	61	78	0
00:16:30	40	63	0
00:16:31	30	43	0
00:16:33	21	27	0
00:16:34	24	24	0
00:16:35	26	27	0
00:16:36	37	21	0
00:16:37	37	37	0
00:16:38	56	40	0
00:16:39	53	44	0
00:16:40	51	61	0
00:16:41	51	64	0
00:16:42	47	70	0
00:16:43	56	69	0
00:16:44	64	69	0
00:16:45	74	78	0
00:16:46	61	70	0
00:16:47	57	80	0
00:16:48	63	75	0
00:16:49	74	53	0
00:16:50	84	48	0
00:16:51	83	35	0
00:16:52	66	27	0
00:16:53	50	38	0
00:16:54	54	44	0
00:16:55	56	51	0
00:16:56	64	74	0
00:16:57	66	91	0
00:16:58	56	83	0
00:16:59	48	91	0
00:17:00	35	75	0
00:17:01	41	67	0
00:17:02	41	74	0
00:17:03	54	80	0
00:17:04	74	60	0
00:17:05	74	57	0
00:17:06	78	43	0
00:17:07	81	51	0
00:17:09	69	64	0
00:17:10	77	69	0
00:17:11	66	87	0
00:17:12	61	83	0
00:17:13	63	83	0
00:17:14	54	66	0
00:17:15	47	43	0
00:17:16	30	35	0
00:17:17	37	51	0
00:17:18	30	67	0
00:17:19	41	88	0
00:17:20	51	87	0
00:17:21	56	77	0
00:17:22	64	74	0
00:17:23	75	54	0
00:17:24	74	57	0
00:17:25	61	57	0
00:17:26	61	54	0
00:17:27	54	61	0
00:17:28	64	69	0
00:17:29	66	64	0
00:17:30	74	64	0
00:17:31	75	74	0
00:17:32	63	57	0
00:17:33	53	60	0
00:17:34	44	70	0
00:17:35	57	74	0
00:17:36	61	81	0
00:17:37	70	75	0
00:17:38	70	66	0
00:17:39	67	78	0
00:17:40	69	78	0
00:17:41	66	70	0
00:17:42	56	67	0
00:17:44	74	54	0
00:17:45	70	47	0
00:17:46	74	57	0
00:17:47	57	74	0
00:17:48	40	78	0
00:17:49	37	69	0
00:17:50	23	61	0
00:17:51	34	50	0
00:17:52	43	40	0
00:17:53	54	53	0
00:17:54	61	51	0
00:17:55	78	56	0
00:17:56	67	60	0
00:17:57	61	53	0
00:17:58	56	56	0
00:17:59	43	56	0
00:18:00	48	43	0
00:18:01	60	47	0
00:18:02	67	48	0
00:18:03	69	44	0
00:18:04	50	57	0
00:18:05	34	54	0
00:18:06	43	64	0
00:18:07	67	63	0
00:18:08	88	64	0
00:18:09	78	56	0
00:18:10	66	57	0
00:18:11	69	61	0
00:18:12	63	53	0
00:18:13	70	64	0
00:18:14	69	64	0
00:18:15	61	66	0
00:18:16	53	63	0
00:18:17	51	63	0
00:18:18	69	48	0
00:18:20	80	35	0
00:18:21	91	51	0
00:18:22	83	53	0
00:18:23	74	69	0
00:18:24	60	78	0
00:18:25	47	60	0
00:18:26	38	54	0
00:18:27	27	38	0
00:18:28	38	26	0
00:18:29	41	35	0
00:18:30	47	16	0
00:18:31	57	17	0
00:18:32	54	21	0
00:18:33	57	41	0
00:18:34	60	60	0
00:18:35	53	61	0
00:18:36	53	78	0
00:18:37	53	70	0
00:18:38	54	80	0
00:18:39	56	78	0
00:18:40	44	78	0
00:18:41	50	66	0
00:18:42	51	70	0
00:18:43	57	78	0
00:18:44	61	88	0
00:18:45	61	87	0
00:18:46	60	69	0
00:18:47	44	51	0
00:18:48	44	43	0
00:18:49	44	43	26
00:18:50	44	54	0
00:18:51	41	67	0
00:18:52	43	84	0
00:18:53	47	74	0
00:18:55	43	61	0
00:18:56	48	67	0
00:18:57	53	67	0
00:18:58	43	70	0
00:18:59	47	88	0
00:19:00	40	69	0
00:19:01	29	75	0
00:19:02	26	74	0
00:19:03	40	56	0
00:19:04	41	67	0
00:19:05	51	51	0
00:19:06	50	61	0
00:19:07	41	41	0
00:19:08	38	23	0
00:19:09	53	17	0
00:19:10	53	51	0
00:19:11	48	61	0
00:19:12	47	78	0
00:19:13	47	90	0
00:19:14	43	69	0
00:19:15	44	60	0
00:19:16	41	67	0
00:19:17	34	53	0
00:19:18	47	63	0
00:19:19	47	47	0
00:19:20	54	41	0
00:19:21	60	41	0
00:19:22	44	24	0
00:19:23	53	48	0
00:19:24	48	37	0
00:19:25	47	37	0
00:19:26	44	43	0
00:19:27	38	40	0
00:19:28	38	50	0
00:19:29	44	61	0
00:19:30	38	74	0
00:19:32	38	66	0
00:19:33	43	60	0
00:19:34	43	67	0
00:19:35	53	64	0
00:19:36	53	81	0
00:19:37	47	88	0
00:19:38	51	78	0
00:19:39	51	87	0
00:19:40	77	88	0
00:19:41	77	91	0
00:19:42	78	96	0
00:19:43	63	91	0
00:19:44	54	96	0
00:19:45	51	78	0
00:19:46	48	78	0
00:19:47	57	81	0
00:19:48	56	83	0
00:19:49	40	81	0
00:19:50	48	64	0
00:19:51	51	66	0
00:19:52	51	61	0
00:19:53	75	75	0
00:19:54	75	77	0
00:19:55	48	74	0
00:19:56	41	57	0
00:19:57	29	35	0
00:19:58	11	37	0
00:19:59	24	34	0
00:20:00	29	48	0
00:20:01	37	70	0
00:20:02	34	63	0
00:20:03	37	74	0
00:20:04	41	48	0
00:20:05	34	44	0
00:20:06	43	47	0
00:20:08	40	43	0
00:20:09	41	54	0
00:20:10	29	37	0
00:20:11	34	17	0
00:20:12	34	17	0
00:20:13	38	43	0
00:20:14	29	41	0
00:20:15	27	40	0
00:20:16	24	50	0
00:20:17	17	30	0
00:20:18	21	38	0
00:20:19	37	44	0
00:20:20	38	24	0
00:20:21	54	37	0
00:20:22	60	35	0
00:20:23	50	38	0
00:20:24	50	47	0
00:20:25	48	56	0
00:20:26	57	57	0
00:20:27	43	61	0
00:20:28	43	53	0
00:20:29	40	61	0
00:20:30	29	69	0
00:20:31	47	69	0
00:20:32	57	83	0
00:20:33	70	74	0
00:20:34	77	77	0
00:20:35	61	70	0
00:20:36	48	70	0
00:20:37	50	61	0
00:20:38	47	70	0
00:20:39	50	80	0
00:20:40	38	70	0
00:20:41	34	57	0
00:20:42	27	47	0
00:20:44	23	29	0
00:20:45	23	37	0
00:20:46	26	40	0
00:20:47	38	60	0
00:20:48	34	70	0
00:20:49	40	78	0
00:20:50	43	70	0
00:20:51	38	60	0
00:20:52	56	54	0
00:20:53	54	41	0
00:20:54	53	41	0
00:20:55	63	60	0
00:20:56	61	69	0
00:20:57	60	78	0
00:20:58	64	80	0
00:20:59	66	60	0
00:21:00	64	60	0
00:21:01	56	57	0
00:21:02	48	56	0
00:21:03	48	64	0
00:21:04	41	67	0
00:21:05	40	84	0
00:21:06	48	94	0
00:21:07	30	78	0
00:21:08	37	80	0
00:21:09	40	80	0
00:21:10	53	78	0
00:21:11	47	70	0
00:21:12	53	64	0
00:21:13	48	67	0
00:21:14	47	63	0
00:21:15	47	56	0
00:21:16	43	51	0
00:21:18	43	40	0
00:21:19	60	48	0
00:21:20	64	48	0
00:21:21	70	60	0
00:21:22	67	61	0
00:21:23	67	61	0
00:21:24	77	67	0
00:21:25	78	44	0
00:21:26	90	61	0
00:21:27	78	60	0
00:21:28	63	51	0
00:21:29	47	47	0
00:21:30	38	38	0
00:21:31	27	43	0
00:21:32	27	43	0
00:21:33	37	57	0
00:21:34	24	51	0
00:21:35	37	53	0
00:21:36	30	57	0
00:21:37	38	61	0
00:21:38	30	66	0
00:21:39	40	60	0
00:21:40	37	60	0
00:21:41	66	66	0
00:21:42	53	69	0
00:21:43	50	67	0
00:21:44	66	51	0
00:21:45	54	41	0
00:21:46	56	40	0
00:21:47	60	41	0
00:21:48	38	43	0
00:21:49	44	51	0
00:21:50	41	51	0
00:21:51	44	57	0
00:21:53	37	66	0
00:21:54	34	69	0
00:21:55	38	80	0
00:21:56	34	70	0
00:21:57	48	77	0
00:21:58	51	81	0
00:21:59	47	63	0
00:22:00	60	80	0
00:22:01	63	78	0
00:22:02	60	74	0
00:22:03	66	91	0
00:22:04	66	81	0
00:22:05	57	84	0
00:22:06	63	91	0
00:22:07	51	78	0
00:22:08	44	74	0
00:22:09	44	74	0
00:22:10	37	60	0
00:22:11	30	53	0
00:22:12	23	69	0
00:22:13	27	96	0
00:22:14	56	100	0
00:22:15	77	83	0
00:22:16	90	66	0
00:22:17	78	64	0
00:22:18	53	67	0
00:22:19	41	63	0
00:22:20	34	66	0
00:22:21	56	44	0
00:22:22	66	37	0
00:22:23	74	48	0
00:22:24	90	51	0
00:22:25	70	44	0
00:22:26	91	54	0
00:22:27	93	51	0
00:22:28	80	61	0
00:22:30	84	61	0
00:22:31	83	57	0
00:22:32	97	51	0
00:22:33	90	43	0
00:22:34	77	43	0
00:22:35	74	41	0
00:22:36	63	57	0
00:22:37	78	57	0
00:22:38	94	80	0
00:22:39	90	90	0
00:22:40	83	84	0
00:22:41	80	91	0
00:22:42	60	88	0
00:22:43	50	77	0
00:22:44	53	80	0
00:22:45	70	75	0
00:22:46	80	70	0
00:22:47	87	66	0
00:22:48	93	44	0
00:22:49	91	51	0
00:22:50	96	63	0
00:22:51	90	63	0
00:22:52	63	74	0
00:22:53	47	64	0
00:22:54	38	57	0
00:22:55	24	57	0
00:22:56	41	60	0
00:22:57	47	48	0
00:22:58	54	54	0
00:22:59	57	54	0
00:23:00	74	54	0
00:23:01	84	63	0
00:23:02	61	50	0
00:23:03	80	54	0
00:23:04	48	53	0
00:23:06	56	47	0
00:23:07	87	40	0
00:23:08	81	44	0
00:23:09	84	44	0
00:23:10	64	51	0
00:23:11	44	57	0
00:23:12	44	57	0
00:23:13	34	41	0
00:23:14	47	43	0
00:23:15	61	44	0
00:23:16	61	43	0
00:23:17	48	41	0
00:23:18	37	30	0
00:23:19	43	27	0
00:23:20	41	43	0
00:23:21	47	47	0
00:23:22	34	64	0
00:23:23	40	74	0
00:23:24	56	77	0
00:23:25	50	63	0
00:23:26	54	50	0
00:23:27	47	38	0
00:23:28	38	34	0
00:23:29	47	40	0
00:23:30	67	47	0
00:23:31	70	50	0
00:23:32	90	47	0
00:23:33	88	48	0
00:23:34	66	40	0
00:23:35	56	41	0
00:23:36	30	44	0
00:23:37	26	54	0
00:23:38	38	44	0
00:23:39	48	27	0
00:23:41	57	40	0
00:23:42	66	35	0
00:23:43	63	43	0
00:23:44	57	38	0
00:23:45	56	24	0
00:23:46	47	27	0
00:23:47	51	51	0
00:23:48	40	53	0
00:23:49	23	47	0
00:23:50	44	56	0
00:23:51	38	53	0
00:23:52	43	48	0
00:23:53	64	51	0
00:23:54	50	57	0
00:23:55	47	54	0
00:23:56	57	57	0
00:23:57	35	56	0
00:23:58	43	56	0
00:23:59	67	64	0
00:24:00	53	66	0
00:24:01	64	78	0
00:24:02	69	77	0
00:24:03	64	75	0
00:24:04	83	74	0
00:24:05	74	69	0
00:24:06	56	60	0
00:24:07	44	67	0
00:24:08	40	75	0
00:24:09	44	70	0
00:24:10	61	75	0
00:24:11	61	75	0
00:24:12	48	67	0
00:24:14	54	75	0
00:24:15	37	50	0
00:24:16	44	53	0
00:24:17	56	48	0
00:24:18	67	60	0
00:24:19	74	66	0
00:24:20	64	57	0
00:24:21	43	70	0
00:24:22	50	67	0
00:24:23	44	66	0
00:24:24	54	75	0
00:24:25	54	75	26
00:24:26	50	67	0
00:24:27	24	69	0
00:24:28	21	81	0
00:24:29	11	70	0
00:24:30	24	70	0
00:24:31	60	69	0
00:24:32	70	70	0
00:24:33	69	80	0
00:24:34	61	78	0
00:24:35	38	69	0
00:24:36	34	70	0
00:24:37	50	75	0
00:24:38	53	69	0
00:24:39	61	80	0
00:24:40	75	70	0
00:24:41	60	74	0
00:24:42	47	67	0
00:24:43	38	64	0
00:24:44	21	54	0
00:24:45	35	51	0
00:24:46	48	44	0
00:24:47	61	53	0
00:24:48	64	54	0
00:24:49	87	56	0
00:24:51	78	67	0
00:24:52	75	77	0
00:24:53	67	69	0
00:24:54	48	77	0
00:24:55	44	83	0
00:24:56	50	80	0
00:24:57	50	84	0
00:24:58	50	67	0
00:24:59	67	61	0
00:25:00	50	48	0
00:25:01	67	47	0
00:25:02	87	66	0
00:25:03	69	61	0
00:25:04	78	69	0
00:25:05	48	77	0
00:25:06	30	63	0
00:25:07	20	63	0
00:25:08	13	54	0
00:25:09	29	54	0
00:25:10	30	56	0
00:25:11	54	56	0
00:25:12	60	69	0
00:25:13	48	56	0
00:25:14	50	61	0
00:25:15	21	74	0
00:25:16	17	80	0
00:25:17	14	81	0
00:25:18	3	63	0
00:25:19	3	60	0
00:25:20	24	57	0
00:25:21	26	63	0
00:25:22	41	75	0
00:25:23	53	74	0
00:25:24	51	69	0
00:25:26	60	70	0
00:25:27	69	66	0
00:25:28	74	61	0
00:25:29	64	60	0
00:25:30	56	50	0
00:25:31	67	53	0
00:25:32	67	57	0
00:25:33	66	53	0
00:25:34	70	44	0
00:25:35	47	38	0
00:25:36	37	37	0
00:25:37	30	54	0
00:25:38	21	53	0
00:25:39	26	66	0
00:25:40	27	87	0
00:25:41	34	57	0
00:25:42	53	69	0
00:25:43	54	53	0
00:25:44	60	43	0
00:25:45	63	74	0
00:25:46	66	84	0
00:25:47	63	88	0
00:25:48	70	84	0
00:25:49	67	93	0
00:25:50	48	87	0
00:25:51	44	75	0
00:25:52	27	67	0
00:25:53	16	41	0
00:25:54	23	43	0
00:25:55	23	43	27
00:25:56	13	37	0
00:25:57	20	40	0
00:25:58	30	54	0
00:25:59	41	47	0
00:26:01	63	47	0
00:26:02	54	38	0
00:26:03	54	37	0
00:26:04	64	54	0
00:26:05	61	51	0
00:26:06	70	64	0
00:26:07	66	64	0
00:26:08	50	51	0
00:26:09	56	56	0
00:26:10	61	51	0
00:26:11	57	50	0
00:26:12	51	54	0
00:26:13	26	74	0
00:26:14	11	64	0
00:26:15	11	75	0
00:26:16	1	61	0
00:26:17	27	56	0
00:26:18	34	48	0
00:26:19	67	57	0
00:26:20	67	29	0
00:26:21	70	34	0
00:26:22	64	37	0
00:26:23	41	29	0
00:26:24	43	48	0
00:26:25	30	63	0
00:26:26	29	75	0
00:26:27	27	94	0
00:26:28	16	90	0
00:26:29	17	77	0
00:26:30	21	60	0
00:26:31	20	48	0
00:26:32	38	57	0
00:26:33	41	54	0
00:26:35	40	53	0
00:26:36	61	60	0
00:26:37	57	64	0
00:26:38	56	57	0
00:26:39	66	66	0
00:26:40	64	64	0
00:26:41	44	51	0
00:26:42	41	57	0
00:26:43	26	56	0
00:26:44	14	53	0
00:26:45	47	64	0
00:26:46	50	61	0
00:26:47	80	63	0
00:26:48	70	70	0
00:26:49	61	66	0
00:26:50	66	60	0
00:26:51	69	56	0
00:26:52	56	50	0
00:26:53	75	63	0
00:26:54	60	61	0
00:26:55	51	57	0
00:26:56	48	43	0
00:26:57	30	48	0
00:26:58	20	37	0
00:26:59	1	50	0
00:27:00	13	67	0
00:27:01	23	61	0
00:27:02	37	67	0
00:27:03	38	77	0
00:27:04	29	84	0
00:27:05	17	88	0
00:27:06	16	90	0
00:27:07	21	81	0
00:27:08	29	74	0
00:27:09	44	66	0
00:27:11	56	78	0
00:27:12	70	83	0
00:27:13	81	70	0
00:27:14	69	74	0
00:27:15	61	75	0
00:27:16	48	78	0
00:27:17	38	81	0
00:27:18	26	61	0
00:27:19	13	37	0
00:27:20	17	27	0
00:27:21	43	21	0
00:27:22	69	34	0
00:27:23	84	54	0
00:27:24	61	30	0
00:27:25	29	38	0
00:27:26	10	43	0
00:27:27	1	30	0
00:27:28	10	44	0
00:27:29	27	53	0
00:27:30	27	53	0
00:27:31	54	43	0
00:27:32	43	35	0
00:27:33	35	47	0
00:27:34	8	29	0
00:27:35	10	43	0
00:27:36	29	61	0
00:27:37	40	54	0
00:27:38	57	69	0
00:27:39	64	75	0
00:27:40	75	77	0
00:27:41	61	63	0
00:27:42	53	51	0
00:27:43	38	41	0
00:27:44	26	54	0
00:27:46	54	50	0
00:27:47	51	43	0
00:27:48	51	41	0
00:27:49	24	21	0
00:27:50	30	41	0
00:27:51	40	41	0
00:27:52	40	40	0
00:27:53	35	41	0
00:27:54	35	44	0
00:27:55	44	48	0
00:27:56	56	54	0
00:27:57	77	63	0
00:27:58	84	57	0
00:27:59	67	57	0
00:28:00	64	41	0
00:28:01	53	38	0
00:28:02	44	48	0
00:28:03	53	53	0
00:28:04	38	61	0
00:28:05	26	54	0
00:28:06	10	35	0
00:28:07	3	26	0
00:28:08	4	35	0
00:28:09	8	37	0
00:28:10	29	41	0
00:28:11	38	60	0
00:28:12	50	60	0
00:28:13	54	77	0
00:28:14	41	78	0
00:28:15	43	64	0
00:28:16	34	69	0
00:28:17	21	50	0
00:28:18	17	48	0
00:28:19	3	30	0
00:28:21	11	47	0
00:28:22	21	38	0
00:28:23	14	24	0
00:28:24	35	29	0
00:28:25	40	35	0
00:28:26	43	50	0
00:28:27	34	57	0
00:28:28	35	69	0
00:28:29	38	54	0
00:28:30	29	47	0
00:28:31	43	50	0
00:28:32	34	48	0
00:28:33	20	50	0
00:28:34	23	38	0
00:28:35	17	43	0
00:28:36	10	29	0
00:28:37	23	35	0
00:28:38	37	48	0
00:28:39	40	40	0
00:28:40	48	48	0
00:28:41	37	47	0
00:28:42	24	34	0
00:28:43	27	38	0
00:28:44	41	41	0
00:28:45	37	41	0
00:28:46	34	50	0
00:28:47	24	38	0
00:28:48	35	48	0
00:28:49	43	56	0
00:28:50	43	50	0
00:28:51	74	53	0
00:28:52	74	41	0
00:28:53	81	38	0
00:28:55	78	53	0
00:28:56	63	63	0
00:28:57	75	67	0
00:28:58	69	66	0
00:28:59	61	64	0
00:29:00	60	54	0
00:29:01	54	61	0
00:29:02	50	53	0
00:29:03	63	53	0
00:29:04	66	66	0
00:29:05	60	60	0
00:29:06	60	70	0
00:29:07	51	66	0
00:29:08	61	57	0
00:29:09	60	78	0
00:29:10	61	83	0
00:29:11	63	81	0
00:29:12	43	80	0
00:29:13	50	70	0
00:29:14	57	66	0
00:29:15	66	69	0
00:29:16	80	77	0
00:29:17	78	83	0
00:29:18	61	70	0
00:29:19	67	61	0
00:29:20	63	41	0
00:29:21	63	70	0
00:29:22	44	43	0
00:29:23	44	43	26
00:29:24	29	44	0
00:29:25	34	60	0
00:29:26	23	40	0
00:29:27	35	54	0
00:29:28	37	57	0
00:29:29	29	47	0
00:29:31	21	43	0
00:29:32	7	38	0
00:29:33	11	37	0
00:29:34	20	41	0
00:29:35	35	53	0
00:29:36	53	63	0
00:29:37	43	60	0
00:29:38	40	60	0
00:29:39	51	56	0
00:29:40	54	54	0
00:29:41	63	54	0
00:29:42	54	47	0
00:29:43	35	48	0
00:29:44	34	53	0
00:29:45	47	60	0
00:29:46	74	57	0
00:29:47	77	56	0
00:29:48	81	51	0
00:29:49	53	50	0
00:29:50	51	51	0
00:29:51	47	43	0
00:29:52	56	48	0
00:29:53	43	35	0
00:29:54	44	38	0
00:29:55	38	50	0
00:29:56	30	48	0
00:29:57	38	60	0
00:29:58	26	54	0
00:29:59	26	50	0
00:30:00	38	47	0
00:30:01	26	41	0
00:30:02	34	47	0
00:30:03	27	38	0
00:30:04	26	35	0
00:30:06	20	41	0
00:30:07	30	51	0
00:30:08	38	60	0
00:30:09	35	66	0
00:30:10	51	61	0
00:30:11	50	50	0
00:30:12	47	48	0
00:30:13	47	51	0
00:30:14	44	56	0
00:30:15	51	57	0
00:30:16	66	63	0
00:30:17	64	75	0
00:30:18	78	74	0
00:30:19	43	50	0
00:30:20	47	37	0
00:30:21	40	14	0
00:30:22	40	10	0
00:30:23	61	27	0
00:30:24	61	43	0
00:30:25	56	60	0
00:30:26	53	47	0
00:30:27	50	53	0
00:30:28	43	37	0
00:30:29	35	41	0
00:30:30	38	61	0
00:30:31	29	44	0
00:30:32	41	56	0
00:30:33	47	63	0
00:30:34	51	78	0
00:30:35	63	84	0
00:30:36	61	84	0
00:30:37	66	81	0
00:30:39	78	67	0
00:30:40	63	70	0
00:30:41	60	69	0
00:30:42	61	57	0
00:30:43	48	63	0
00:30:44	53	61	0
00:30:45	56	57	0
00:30:46	63	69	0
00:30:47	57	74	0
00:30:48	54	80	0
00:30:49	30	63	0
00:30:50	27	43	0
00:30:51	20	47	0
00:30:52	17	47	0
00:30:53	37	61	0
00:30:54	51	69	0
00:30:55	60	57	0
00:30:56	63	50	0
00:30:57	47	41	0
00:30:58	44	44	0
00:30:59	37	50	0
00:31:00	48	57	0
00:31:01	56	70	0
00:31:02	51	66	0
00:31:03	57	64	0
00:31:04	48	67	0
00:31:05	43	67	0
00:31:06	47	80	0
00:31:07	51	81	0
00:31:08	66	64	0
00:31:09	84	56	0
00:31:10	78	50	0
00:31:11	75	61	0
00:31:12	53	67	0
00:31:13	43	77	0
00:31:15	37	70	0
00:31:16	34	54	0
00:31:17	43	44	0
00:31:18	38	34	0
00:31:19	57	40	0
00:31:20	69	53	0
00:31:21	67	63	0
00:31:22	57	57	0
00:31:23	47	53	0
00:31:24	30	64	0
00:31:25	29	63	0
00:31:26	20	60	0
00:31:27	30	60	0
00:31:28	35	67	0
00:31:29	27	67	0
00:31:30	47	70	0
00:31:31	37	74	0
00:31:32	43	61	0
00:31:33	47	44	0
00:31:34	37	40	0
00:31:35	41	40	0
00:31:36	51	34	0
00:31:37	38	40	0
00:31:38	56	40	0
00:31:39	63	30	0
00:31:40	50	34	0
00:31:41	75	37	0
00:31:42	64	53	0
00:31:43	56	66	0
00:31:44	70	67	0
00:31:45	70	70	0
00:31:46	64	54	0
00:31:47	61	41	0
00:31:48	41	38	0
00:31:50	53	40	0
00:31:51	47	48	0
00:31:52	57	48	0
00:31:53	54	47	0
00:31:54	51	50	0
00:31:55	63	47	0
00:31:56	53	48	0
00:31:57	29	50	0
00:31:58	26	40	0
00:31:59	20	44	0
00:32:00	14	48	0
00:32:01	16	37	0
00:32:02	11	44	0
00:32:03	14	47	0
00:32:04	44	35	0
00:32:05	54	53	0
00:32:06	70	61	0
00:32:07	84	54	0
00:32:08	74	75	0
00:32:09	74	81	0
00:32:10	51	63	0
00:32:11	44	75	0
00:32:12	26	69	0
00:32:13	30	66	0
00:32:14	47	70	0
00:32:15	47	57	0
00:32:16	51	57	0
00:32:17	66	34	0
00:32:18	69	41	0
00:32:19	77	41	0
00:32:20	50	54	0
00:32:21	51	51	0
00:32:22	37	51	0
00:32:24	29	69	0
00:32:25	35	75	0
00:32:26	29	69	0
00:32:27	38	69	0
00:32:28	34	57	0
00:32:29	37	60	0
00:32:30	29	60	0
00:32:31	34	57	0
00:32:32	35	61	0
00:32:33	26	53	0
00:32:34	24	57	0
00:32:35	24	43	0
00:32:36	26	29	0
00:32:37	26	40	0
00:32:38	29	37	0
00:32:39	27	53	0
00:32:40	26	51	0
00:32:41	38	44	0
00:32:42	43	41	0
00:32:43	41	41	0
00:32:44	40	38	0
00:32:45	44	38	0
00:32:46	51	40	0
00:32:47	47	37	0
00:32:48	51	61	0
00:32:49	40	57	0
00:32:50	50	69	0
00:32:51	54	48	0
00:32:52	56	54	0
00:32:53	63	50	0
00:32:54	67	47	0
00:32:55	54	61	0
00:32:56	63	60	0
00:32:57	53	66	0
00:32:58	48	60	0
00:32:59	48	54	0
00:33:01	50	57	0
00:33:02	50	54	0
00:33:03	40	54	0
00:33:04	44	44	0
00:33:05	34	43	0
00:33:06	41	51	0
00:33:07	54	60	0
00:33:08	56	63	0
00:33:09	56	70	0
00:33:10	44	51	0
00:33:11	30	47	0
00:33:12	26	51	0
00:33:13	20	41	0
00:33:14	29	51	0
00:33:15	34	64	0
00:33:16	30	51	0
00:33:17	41	61	0
00:33:18	43	63	0
00:33:19	27	51	0
00:33:20	37	51	0
00:33:21	21	50	0
00:33:22	40	51	0
00:33:23	38	54	0
00:33:24	23	40	0
00:33:25	26	44	0
00:33:26	21	57	0
00:33:27	23	67	0
00:33:28	48	84	0
00:33:29	41	70	0
00:33:30	57	48	0
00:33:31	63	48	0
00:33:32	61	50	0
00:33:33	70	57	0
00:33:34	57	70	0
00:33:36	57	64	0
00:33:37	54	64	0
00:33:38	57	64	0
00:33:39	54	75	0
00:33:40	53	67	0
00:33:41	56	66	0
00:33:42	48	78	0
00:33:43	61	61	0
00:33:44	57	75	0
00:33:45	51	91	0
00:33:46	48	78	0
00:33:47	24	78	0
00:33:48	13	78	0
00:33:49	13	78	0
00:33:50	1	44	0
00:33:51	11	37	0
00:33:52	20	41	0
00:33:53	21	48	0
00:33:54	21	41	0
00:33:55	24	47	0
00:33:56	16	30	0
00:33:57	29	34	0
00:33:58	40	40	0
00:33:59	30	34	0
00:34:00	40	35	0
00:34:01	48	29	0
00:34:02	35	34	0
00:34:03	38	29	0
00:34:04	38	38	0
00:34:05	14	43	0
00:34:06	13	35	0
00:34:07	14	44	0
00:34:08	13	34	0
00:34:09	14	34	0
00:34:10	14	47	0
00:34:12	21	44	0
00:34:13	27	56	0
00:34:14	34	48	0
00:34:15	41	53	0
00:34:16	35	35	0
00:34:17	27	44	0
00:34:18	21	47	0
00:34:19	26	41	0
00:34:20	34	60	0
00:34:21	35	57	0
00:34:22	53	63	0
00:34:23	43	67	0
00:34:24	48	69	0
00:34:25	41	75	0
00:34:26	40	56	0
00:34:27	34	48	0
00:34:28	34	48	0
00:34:29	34	38	0
00:34:30	47	43	0
00:34:31	51	53	0
00:34:32	47	48	0
00:34:33	43	37	0
00:34:34	30	38	0
00:34:35	14	30	0
00:34:36	23	34	0
00:34:37	26	37	0
00:34:38	27	41	0
00:34:39	48	48	0
00:34:40	53	43	0
00:34:41	47	48	0
00:34:42	54	47	0
00:34:43	43	41	0
00:34:44	21	53	0
00:34:45	38	56	0
00:34:47	27	57	0
00:34:48	30	63	0
00:34:49	30	48	0
00:34:50	24	40	0
00:34:51	27	47	0
00:34:52	16	38	0
00:34:53	8	51	0
00:34:54	13	47	0
00:34:55	16	48	0
00:34:56	11	38	0
00:34:57	37	37	0
00:34:58	35	34	0
00:34:59	41	40	0
00:35:00	61	38	0
00:35:01	38	40	0
00:35:02	38	53	0
00:35:03	30	53	0
00:35:04	14	57	0
00:35:05	14	69	0
00:35:06	11	48	0
00:35:07	14	40	0
00:35:08	30	43	0
00:35:09	43	37	0
00:35:10	40	35	0
00:35:11	41	41	0
00:35:12	27	43	0
00:35:13	27	47	0
00:35:14	48	57	0
00:35:15	54	60	0
00:35:16	50	53	0
00:35:17	40	53	0
00:35:18	34	51	0
00:35:19	38	44	0
00:35:21	43	60	0
00:35:22	53	48	0
00:35:23	35	40	0
00:35:24	40	27	0
00:35:25	38	41	0
00:35:26	30	38	0
00:35:27	35	61	0
00:35:28	35	61	0
00:35:29	44	50	0
00:35:30	61	51	0
00:35:31	67	38	0
00:35:32	48	53	0
00:35:33	50	60	0
00:35:34	44	64	0
00:35:35	40	56	0
00:35:36	43	60	0
00:35:37	34	48	0
00:35:38	23	34	0
00:35:39	24	51	0
00:35:40	20	43	0
00:35:41	17	67	0
00:35:42	24	90	0
00:35:43	21	80	0
00:35:44	43	80	0
00:35:45	44	66	0
00:35:46	40	57	0
00:35:47	40	53	0
00:35:48	23	43	0
00:35:49	29	40	0
00:35:50	34	37	0
00:35:51	40	41	0
00:35:52	44	41	0
00:35:53	48	47	0
00:35:54	38	51	0
00:35:56	50	48	0
00:35:57	51	54	0
00:35:58	47	47	0
00:35:59	44	41	0
00:36:00	27	54	0
00:36:01	17	57	0
