00:00:00	50	47	0
00:00:01	35	30	0
00:00:02	40	53	0
00:00:03	40	57	0
00:00:04	61	60	0
00:00:06	77	61	0
00:00:07	93	63	0
00:00:08	93	63	0
00:00:09	100	50	0
00:00:10	100	53	0
00:00:11	100	48	0
00:00:12	100	57	0
00:00:13	96	61	0
00:00:14	100	51	0
00:00:15	100	66	0
00:00:16	80	63	0
00:00:17	80	67	0
00:00:18	83	75	0
00:00:19	91	64	0
00:00:20	100	60	0
00:00:21	94	70	0
00:00:22	77	63	0
00:00:23	67	64	0
00:00:24	74	60	0
00:00:25	84	30	0
00:00:26	88	38	0
00:00:27	87	37	0
00:00:28	74	30	0
00:00:29	57	34	0
00:00:30	66	35	0
00:00:31	54	29	0
00:00:32	60	53	0
00:00:33	67	53	0
00:00:34	74	60	0
00:00:35	77	51	0
00:00:36	80	74	0
00:00:37	81	75	0
00:00:38	96	70	0
00:00:39	100	57	0
00:00:40	96	47	0
00:00:41	81	41	0
00:00:43	69	44	0
00:00:44	54	63	0
00:00:45	50	57	0
00:00:46	53	54	0
00:00:47	47	48	0
00:00:48	56	41	0
00:00:49	75	54	0
00:00:50	96	57	0
00:00:51	100	57	0
00:00:52	100	67	0
00:00:53	100	66	0
00:00:54	100	61	0
00:00:55	69	64	0
00:00:56	78	53	0
00:00:57	81	56	0
00:00:58	83	57	0
00:00:59	97	78	0
00:01:00	93	84	0
00:01:01	90	80	0
00:01:02	70	70	0
00:01:03	75	54	0
00:01:04	66	51	0
00:01:05	67	63	0
00:01:06	80	57	0
00:01:07	93	57	0
00:01:08	84	35	0
00:01:09	94	26	0
00:01:10	78	29	0
00:01:11	66	34	0
00:01:12	87	40	0
00:01:13	80	47	0
00:01:14	90	43	0
00:01:15	100	23	0
00:01:16	90	41	0
00:01:17	83	38	0
00:01:19	75	47	0
00:01:20	69	60	0
00:01:21	54	44	0
00:01:22	75	40	0
00:01:23	78	27	0
00:01:24	56	20	0
00:01:25	70	27	0
00:01:26	63	38	0
00:01:27	66	43	0
00:01:28	94	43	0
00:01:29	88	38	0
00:01:30	91	38	0
00:01:31	75	38	0
00:01:32	70	53	0
00:01:33	78	51	0
00:01:34	84	51	0
00:01:35	100	48	0
00:01:36	81	44	0
00:01:37	69	40	0
00:01:38	69	38	0
00:01:39	96	43	0
00:01:40	100	44	0
00:01:41	100	41	0
00:01:42	100	40	0
00:01:43	83	41	0
00:01:44	63	61	0
00:01:45	50	78	0
00:01:46	43	91	0
00:01:47	56	81	0
00:01:48	75	64	0
00:01:49	77	74	0
00:01:50	84	67	0
00:01:51	81	70	0
00:01:52	74	74	0
00:01:53	70	66	0
00:01:55	64	69	0
00:01:56	56	74	0
00:01:57	57	67	0
00:01:58	51	56	0
00:01:59	38	48	0
00:02:00	38	34	0
00:02:01	38	30	0
00:02:02	47	34	0
00:02:03	64	35	0
00:02:04	69	38	0
00:02:05	57	51	0
00:02:06	63	60	0
00:02:07	60	67	0
00:02:08	63	53	0
00:02:09	64	47	0
00:02:10	77	30	0
00:02:11	96	27	0
00:02:12	100	29	0
00:02:13	100	27	0
00:02:14	100	27	0
00:02:15	87	27	0
00:02:16	78	35	0
00:02:17	75	30	0
00:02:18	77	40	0
00:02:19	93	50	0
00:02:20	88	41	0
00:02:21	81	51	0
00:02:22	78	50	0
00:02:23	77	44	0
00:02:24	81	48	0
00:02:25	91	44	0
00:02:26	100	43	0
00:02:27	100	37	0
00:02:28	94	40	0
00:02:29	77	35	0
00:02:31	69	35	0
00:02:32	61	44	0
00:02:33	66	40	0
00:02:34	80	48	0
00:02:35	75	50	0
00:02:36	81	50	0
00:02:37	64	53	0
00:02:38	64	41	0
00:02:39	64	29	0
00:02:40	81	34	0
00:02:41	75	38	0
00:02:42	63	40	0
00:02:43	54	41	0
00:02:44	53	37	0
00:02:45	53	24	0
00:02:46	67	30	0
00:02:47	81	26	0
00:02:48	66	26	0
00:02:49	67	34	0
00:02:50	69	24	0
00:02:51	54	30	0
00:02:52	63	48	0
00:02:53	66	53	0
00:02:54	61	54	0
00:02:55	78	48	0
00:02:56	70	35	0
00:02:57	77	35	0
00:02:58	78	40	0
00:02:59	64	37	0
00:03:00	75	44	0
00:03:01	78	40	0
00:03:02	69	40	0
00:03:03	70	44	0
00:03:04	69	35	0
00:03:05	69	26	0
00:03:06	84	21	0
00:03:08	84	21	0
00:03:09	93	27	0
00:03:10	91	35	0
00:03:11	96	43	0
00:03:12	100	34	0
00:03:13	100	29	0
00:03:14	100	27	0
00:03:15	100	29	0
00:03:16	96	30	0
00:03:17	90	29	0
00:03:18	88	24	0
00:03:19	74	20	0
00:03:20	67	24	0
00:03:21	75	34	0
00:03:22	70	43	0
00:03:23	74	51	0
00:03:24	74	44	0
00:03:25	64	38	0
00:03:26	51	38	0
00:03:27	54	29	0
00:03:28	57	38	0
00:03:29	64	44	0
00:03:30	78	40	0
00:03:31	75	40	0
00:03:32	67	38	0
00:03:33	60	34	0
00:03:34	57	41	0
00:03:35	50	30	0
00:03:36	54	34	0
00:03:37	53	23	0
00:03:38	57	21	0
00:03:39	81	29	0
00:03:40	67	21	0
00:03:41	74	27	0
00:03:42	48	34	0
00:03:44	43	37	0
00:03:45	38	44	0
00:03:46	48	53	0
00:03:47	41	37	0
00:03:48	50	43	0
00:03:49	66	38	0
00:03:50	70	34	0
00:03:51	70	30	0
00:03:52	81	35	0
00:03:53	70	41	0
00:03:54	50	47	0
00:03:55	61	50	0
00:03:56	69	37	0
00:03:57	64	27	0
00:03:58	84	27	0
00:03:59	88	40	0
00:04:00	90	44	0
00:04:01	100	47	0
00:04:02	100	47	0
00:04:03	100	47	0
00:04:04	90	47	0
00:04:05	83	44	0
00:04:06	83	37	0
00:04:07	83	37	0
00:04:08	88	24	0
00:04:09	77	29	0
00:04:10	51	30	0
00:04:11	40	38	0
00:04:12	24	26	0
00:04:13	61	26	0
00:04:14	67	23	0
00:04:15	96	29	0
00:04:16	94	24	0
00:04:17	96	34	0
00:04:18	91	26	0
00:04:19	81	30	0
00:04:21	74	41	0
00:04:22	63	41	0
00:04:23	74	50	0
00:04:24	64	56	0
00:04:25	60	30	0
00:04:26	54	41	0
00:04:27	54	44	0
00:04:28	64	40	0
00:04:29	81	57	0
00:04:30	87	47	0
00:04:31	90	43	0
00:04:32	69	53	0
00:04:33	48	37	0
00:04:34	60	35	0
00:04:35	43	41	0
00:04:36	53	35	0
00:04:37	64	44	0
00:04:38	54	48	0
00:04:39	81	40	0
00:04:40	93	40	0
00:04:41	100	40	0
00:04:42	100	24	0
00:04:43	100	26	0
00:04:44	100	21	0
00:04:45	100	41	0
00:04:46	97	40	0
00:04:47	91	43	0
00:04:48	94	35	0
00:04:49	78	48	0
00:04:50	90	40	0
00:04:51	84	47	0
00:04:52	84	50	0
00:04:53	91	44	0
00:04:54	83	50	0
00:04:55	90	44	0
00:04:57	90	40	0
00:04:58	81	51	0
00:04:59	63	69	0
00:05:00	48	87	0
00:05:01	37	100	0
00:05:02	47	96	0
00:05:03	48	91	0
00:05:04	53	81	0
00:05:05	53	81	0
00:05:06	47	78	0
00:05:07	54	70	0
00:05:08	48	57	0
00:05:09	51	48	0
00:05:10	57	50	0
00:05:11	70	43	0
00:05:12	83	51	0
00:05:13	83	35	0
00:05:14	78	48	0
00:05:15	53	70	0
00:05:16	44	87	0
00:05:17	54	69	0
00:05:18	67	53	0
00:05:19	80	30	0
00:05:20	78	48	0
00:05:21	67	60	0
00:05:22	67	60	0
00:05:23	57	69	0
00:05:24	69	54	0
00:05:25	69	51	0
00:05:26	56	41	0
00:05:27	69	38	0
00:05:28	61	35	0
00:05:29	53	26	0
00:05:30	50	37	0
00:05:31	23	50	0
00:05:33	13	50	0
00:05:34	20	56	0
00:05:35	24	56	0
00:05:36	37	50	0
00:05:37	63	50	0
00:05:38	56	41	0
00:05:39	60	41	0
00:05:40	61	38	0
00:05:41	40	35	0
00:05:42	38	40	0
00:05:43	38	27	0
00:05:44	24	27	0
00:05:45	37	40	0
00:05:46	54	47	0
00:05:47	64	53	0
00:05:48	64	47	0
00:05:49	64	51	0
00:05:50	57	48	0
00:05:51	40	35	0
00:05:52	34	37	0
00:05:53	20	16	0
00:05:54	20	23	0
00:05:55	37	24	0
00:05:56	34	40	0
00:05:57	35	67	0
00:05:58	35	60	0
00:05:59	34	63	0
00:06:00	41	37	0
00:06:01	34	14	0
00:06:02	48	13	0
00:06:03	44	11	0
00:06:04	40	17	0
00:06:05	54	20	0
00:06:06	47	29	0
00:06:08	57	27	0
00:06:09	56	38	0
00:06:10	47	63	0
00:06:11	51	57	0
00:06:12	53	60	0
00:06:13	56	53	0
00:06:14	61	41	0
00:06:15	53	54	0
00:06:16	48	78	0
00:06:17	56	81	0
00:06:18	69	64	0
00:06:19	77	51	0
00:06:20	66	61	0
00:06:21	50	35	0
00:06:22	29	51	0
00:06:23	30	34	0
00:06:24	41	17	0
00:06:25	64	38	0
00:06:26	74	27	0
00:06:27	74	43	0
00:06:28	44	37	0
00:06:29	34	26	0
00:06:30	35	35	0
00:06:31	21	37	0
00:06:32	37	64	0
00:06:33	38	70	0
00:06:34	35	60	0
00:06:35	56	57	0
00:06:36	74	38	0
00:06:37	75	40	0
00:06:38	80	47	0
00:06:39	70	43	0
00:06:40	63	51	0
00:06:41	63	67	0
00:06:42	67	64	0
00:06:44	57	61	0
00:06:45	69	54	0
00:06:46	77	30	0
00:06:47	69	40	0
00:06:48	66	38	0
00:06:49	69	50	0
00:06:50	77	37	0
00:06:51	100	27	0
00:06:52	91	38	0
00:06:53	81	27	0
00:06:54	80	27	0
00:06:55	69	38	0
00:06:56	78	34	0
00:06:57	67	40	0
00:06:58	61	44	0
00:06:59	54	51	0
00:07:00	50	54	0
00:07:01	70	53	0
00:07:02	60	51	0
00:07:03	69	47	0
00:07:04	56	53	0
00:07:05	30	40	0
00:07:06	38	37	0
00:07:07	35	37	0
00:07:08	35	34	0
00:07:09	41	51	0
00:07:10	41	48	0
00:07:11	35	53	0
00:07:12	44	64	0
00:07:13	57	64	0
00:07:14	61	75	0
00:07:15	61	61	0
00:07:16	53	54	0
00:07:17	34	51	0
00:07:18	43	40	0
00:07:20	63	24	0
00:07:21	69	26	0
00:07:22	66	29	0
00:07:23	66	23	0
00:07:24	56	35	0
00:07:25	61	35	0
00:07:26	60	48	0
00:07:27	56	57	0
00:07:28	51	61	0
00:07:29	57	57	0
00:07:30	66	48	0
00:07:31	63	53	0
00:07:32	70	41	0
00:07:33	69	40	0
00:07:34	66	40	0
00:07:35	66	24	0
00:07:36	54	23	0
00:07:37	57	29	0
00:07:38	57	37	0
00:07:39	51	57	0
00:07:40	50	70	0
00:07:41	41	64	0
00:07:42	48	64	0
00:07:43	38	51	0
00:07:44	54	43	0
00:07:45	66	34	0
00:07:46	66	34	0
00:07:47	57	24	0
00:07:48	50	21	0
00:07:49	41	27	0
00:07:50	50	44	0
00:07:51	61	43	0
00:07:52	57	43	0
00:07:53	67	43	0
00:07:55	75	30	0
00:07:56	60	24	0
00:07:57	66	24	0
00:07:58	57	29	0
00:07:59	54	41	0
00:08:00	50	48	0
00:08:01	43	43	0
00:08:02	57	47	0
00:08:03	60	47	0
00:08:04	60	50	0
00:08:05	69	54	0
00:08:06	60	43	0
00:08:07	50	34	0
00:08:08	66	23	0
00:08:09	57	13	0
00:08:10	69	7	0
00:08:11	84	14	0
00:08:12	80	26	0
00:08:13	83	40	0
00:08:14	75	64	0
00:08:15	69	63	0
00:08:16	67	64	0
00:08:17	57	67	0
00:08:18	50	54	0
00:08:19	50	56	0
00:08:20	50	21	0
00:08:21	77	13	0
00:08:22	87	11	0
00:08:23	87	20	0
00:08:24	96	29	0
00:08:25	83	35	0
00:08:26	83	34	0
00:08:27	70	30	0
00:08:28	69	37	0
00:08:29	69	38	0
00:08:31	67	37	0
00:08:32	91	41	0
00:08:33	80	23	0
00:08:34	81	24	0
00:08:35	75	23	0
00:08:36	51	21	0
00:08:37	56	35	0
00:08:38	47	27	0
00:08:39	43	41	0
00:08:40	53	27	0
00:08:41	53	23	0
00:08:42	63	17	0
00:08:43	60	21	0
00:08:44	61	34	0
00:08:45	77	34	0
00:08:46	66	60	0
00:08:47	57	47	0
00:08:48	61	38	0
00:08:49	44	38	0
00:08:50	44	23	0
00:08:51	61	47	0
00:08:52	64	53	0
00:08:53	74	57	0
00:08:54	61	53	0
00:08:55	54	56	0
00:08:56	64	53	0
00:08:57	74	44	0
00:08:58	90	41	0
00:08:59	87	47	0
00:09:00	75	56	0
00:09:01	51	66	0
00:09:02	37	70	0
00:09:03	44	67	0
00:09:04	48	61	0
00:09:05	67	47	0
00:09:06	83	40	0
00:09:08	75	29	0
00:09:09	75	34	0
00:09:10	75	41	0
00:09:11	80	43	0
00:09:12	75	51	0
00:09:13	74	53	0
00:09:14	50	41	0
00:09:15	40	27	0
00:09:16	63	14	0
00:09:17	80	1	0
00:09:18	100	8	0
00:09:19	91	23	0
00:09:20	78	26	0
00:09:21	60	44	0
00:09:22	60	43	0
00:09:23	88	37	0
00:09:24	93	29	0
00:09:25	83	26	0
00:09:26	57	53	0
00:09:27	50	56	0
00:09:28	54	60	0
00:09:29	66	63	0
00:09:30	78	38	0
00:09:31	74	30	0
00:09:32	74	26	0
00:09:33	41	21	0
00:09:34	35	23	0
00:09:35	47	23	0
00:09:36	44	23	0
00:09:37	67	37	0
00:09:38	81	38	0
00:09:39	66	38	0
00:09:40	66	40	0
00:09:41	69	29	0
00:09:42	57	21	0
00:09:44	61	23	0
00:09:45	77	13	0
00:09:46	75	30	0
00:09:47	96	30	0
00:09:48	100	23	0
00:09:49	100	35	0
00:09:50	100	26	0
00:09:51	88	34	0
00:09:52	74	44	0
00:09:53	53	30	0
00:09:54	57	37	0
00:09:55	60	35	0
00:09:56	83	35	0
00:09:57	81	27	0
00:09:58	74	40	0
00:09:59	61	30	0
00:10:00	47	43	0
00:10:01	30	41	0
00:10:02	27	30	0
00:10:03	40	40	0
00:10:04	51	34	0
00:10:05	77	27	0
00:10:06	93	13	0
00:10:07	100	11	0
00:10:08	91	8	0
00:10:09	80	14	0
00:10:10	61	34	0
00:10:11	53	38	0
00:10:12	47	38	0
00:10:13	54	37	0
00:10:14	61	35	0
00:10:15	66	37	0
00:10:16	63	51	0
00:10:17	69	47	0
00:10:18	81	35	0
00:10:20	91	24	0
00:10:21	100	1	0
00:10:22	100	7	0
00:10:23	96	13	0
00:10:24	88	16	0
00:10:25	75	24	0
00:10:26	70	24	0
00:10:27	60	27	0
00:10:28	38	30	0
00:10:29	50	23	0
00:10:30	54	11	0
00:10:31	60	20	0
00:10:32	77	24	0
00:10:33	84	23	0
00:10:34	60	37	0
00:10:35	69	13	0
00:10:36	81	16	0
00:10:37	74	14	0
00:10:38	77	7	0
00:10:39	66	21	0
00:10:40	57	21	0
00:10:41	56	35	0
00:10:42	74	47	0
00:10:43	77	43	0
00:10:44	81	40	0
00:10:45	77	38	0
00:10:46	69	38	0
00:10:47	74	29	0
00:10:48	70	14	0
00:10:49	80	14	0
00:10:50	70	14	0
00:10:51	67	16	0
00:10:52	60	27	0
00:10:53	56	24	0
00:10:54	56	35	0
00:10:56	57	40	0
00:10:57	84	24	0
00:10:58	97	11	0
00:10:59	81	10	0
00:11:00	64	13	0
00:11:01	53	26	0
00:11:02	47	35	0
00:11:03	61	40	0
00:11:04	57	37	0
00:11:05	57	37	0
00:11:06	66	23	0
00:11:07	74	20	0
00:11:08	80	21	0
00:11:09	84	34	0
00:11:10	78	34	0
00:11:11	66	27	0
00:11:12	74	20	0
00:11:13	78	8	0
00:11:14	61	11	0
00:11:15	66	20	0
00:11:16	50	17	0
00:11:17	35	27	0
00:11:18	48	26	0
00:11:19	37	16	0
00:11:20	57	24	0
00:11:21	78	14	0
00:11:22	87	16	0
00:11:23	87	21	0
00:11:24	88	21	0
00:11:25	88	23	0
00:11:26	78	29	0
00:11:27	81	37	0
00:11:28	69	37	0
00:11:29	61	38	0
00:11:30	44	37	0
00:11:32	34	38	0
00:11:33	43	35	0
00:11:34	56	24	0
00:11:35	75	30	0
00:11:36	81	40	0
00:11:37	74	50	0
00:11:38	64	63	0
00:11:39	60	64	0
00:11:40	63	57	0
00:11:41	54	66	0
00:11:42	60	51	0
00:11:43	67	40	0
00:11:44	64	34	0
00:11:45	83	23	0
00:11:46	84	29	0
00:11:47	78	29	0
00:11:48	70	40	0
00:11:49	54	38	0
00:11:50	47	50	0
00:11:51	41	69	0
00:11:52	47	67	0
00:11:53	54	77	0
00:11:54	43	56	0
00:11:55	50	38	0
00:11:56	53	37	0
00:11:57	51	34	0
00:11:58	66	35	0
00:11:59	60	38	0
00:12:00	56	30	0
00:12:01	38	30	0
00:12:02	40	20	0
00:12:03	24	38	0
00:12:04	24	38	0
00:12:05	26	40	0
00:12:06	21	41	0
00:12:07	27	29	0
00:12:09	35	23	0
00:12:10	47	30	0
00:12:11	56	30	0
00:12:12	50	27	0
00:12:13	43	30	0
00:12:14	40	27	0
00:12:15	34	23	0
00:12:16	24	16	0
00:12:17	24	24	0
00:12:18	11	24	0
00:12:19	30	26	0
00:12:20	43	43	0
00:12:21	51	38	0
00:12:22	69	40	0
00:12:23	61	44	0
00:12:24	54	47	0
00:12:25	63	43	0
00:12:26	61	48	0
00:12:27	60	47	0
00:12:28	51	27	0
00:12:29	50	17	0
00:12:30	61	21	0
00:12:31	77	27	0
00:12:32	66	35	0
00:12:33	43	27	0
00:12:34	50	23	0
00:12:35	44	34	0
00:12:36	56	37	0
00:12:37	67	40	0
00:12:38	51	56	0
00:12:39	56	53	0
00:12:40	60	43	0
00:12:41	63	43	0
00:12:42	53	17	0
00:12:44	56	20	0
00:12:45	34	20	0
00:12:46	24	24	0
00:12:47	48	38	0
00:12:48	56	24	0
00:12:49	64	41	0
00:12:50	69	41	0
00:12:51	60	47	0
00:12:52	54	56	0
00:12:53	60	44	0
00:12:54	70	35	0
00:12:55	74	30	0
00:12:56	67	23	0
00:12:57	60	37	0
00:12:58	60	35	0
00:12:59	61	37	0
00:13:00	60	37	0
00:13:01	41	47	0
00:13:02	29	38	0
00:13:03	16	44	0
00:13:04	38	35	0
00:13:05	44	35	0
00:13:06	50	41	0
00:13:07	41	24	0
00:13:08	17	17	0
00:13:09	21	10	0
00:13:10	16	1	0
00:13:11	26	7	0
00:13:12	24	11	0
00:13:13	27	13	0
00:13:14	44	10	0
00:13:15	40	13	0
00:13:16	60	21	0
00:13:17	54	14	0
00:13:18	57	23	0
00:13:20	54	20	0
00:13:21	48	23	0
00:13:22	50	37	0
00:13:23	44	38	0
00:13:24	50	41	0
00:13:25	50	41	0
00:13:26	66	21	0
00:13:27	63	14	0
00:13:28	84	8	0
00:13:29	94	4	0
00:13:30	74	11	0
00:13:31	61	35	0
00:13:32	51	53	0
00:13:33	47	53	0
00:13:34	47	66	0
00:13:35	47	60	0
00:13:36	47	61	0
00:13:37	60	69	0
00:13:38	60	66	0
00:13:39	47	70	0
00:13:40	38	60	0
00:13:41	37	63	0
00:13:42	35	60	0
00:13:43	27	50	0
00:13:44	43	48	0
00:13:45	48	35	0
00:13:46	60	27	0
00:13:47	64	27	0
00:13:48	56	29	0
00:13:49	51	35	0
00:13:50	41	30	0
00:13:51	53	30	0
00:13:52	57	29	0
00:13:54	54	38	0
00:13:55	64	47	0
00:13:56	64	48	0
00:13:57	60	53	0
00:13:58	57	41	0
00:13:59	41	26	0
00:14:00	37	29	0
00:14:01	29	29	0
00:14:02	37	23	0
00:14:03	35	14	0
00:14:04	35	14	0
00:14:05	40	7	0
00:14:06	41	3	0
00:14:07	48	23	0
00:14:08	48	37	0
00:14:09	53	35	0
00:14:10	54	44	0
00:14:11	44	35	0
00:14:12	38	21	0
00:14:13	41	23	0
00:14:14	63	13	0
00:14:15	61	4	0
00:14:16	56	10	0
00:14:17	47	8	0
00:14:18	24	23	0
00:14:19	40	26	0
00:14:20	43	24	0
00:14:21	50	24	0
00:14:22	53	26	0
00:14:23	38	20	0
00:14:24	51	20	0
00:14:25	47	30	0
00:14:26	50	23	0
00:14:27	53	38	0
00:14:28	57	30	0
00:14:30	50	23	0
00:14:31	56	27	0
00:14:32	57	24	0
00:14:33	50	29	0
00:14:34	30	16	0
00:14:35	26	30	0
00:14:36	24	35	0
00:14:37	23	43	0
00:14:38	27	44	0
00:14:39	40	38	0
00:14:40	47	50	0
00:14:41	40	29	0
00:14:42	50	38	0
00:14:43	47	20	0
00:14:44	51	13	0
00:14:45	54	26	0
00:14:46	44	17	0
00:14:47	41	37	0
00:14:48	43	35	0
00:14:49	37	29	0
00:14:50	35	35	0
00:14:51	41	37	0
00:14:52	24	35	0
00:14:53	26	27	0
00:14:54	29	27	0
00:14:55	24	23	0
00:14:56	38	23	0
00:14:57	57	24	0
00:14:58	60	30	0
00:14:59	69	27	0
00:15:00	77	27	0
00:15:01	74	40	0
00:15:02	74	13	0
00:15:03	69	23	0
00:15:04	44	27	0
00:15:06	27	34	0
00:15:07	27	41	0
00:15:08	10	29	0
00:15:09	14	27	0
00:15:10	11	17	0
00:15:11	20	14	0
00:15:12	27	23	0
00:15:13	47	14	0
00:15:14	53	35	0
00:15:15	60	35	0
00:15:16	61	43	0
00:15:17	44	47	0
00:15:18	53	47	0
00:15:19	57	51	0
00:15:20	64	44	0
00:15:21	74	40	0
00:15:22	50	34	0
00:15:23	35	29	0
00:15:24	35	29	0
00:15:25	24	48	0
00:15:26	47	43	0
00:15:27	48	44	0
00:15:28	44	17	0
00:15:29	44	10	0
00:15:30	43	23	0
00:15:31	47	27	0
00:15:32	53	40	0
00:15:33	63	43	0
00:15:34	56	37	0
00:15:35	56	43	0
00:15:36	57	48	0
00:15:37	47	41	0
00:15:38	48	48	0
00:15:39	53	41	0
00:15:41	51	48	0
00:15:42	57	61	0
00:15:43	60	51	0
00:15:44	50	56	0
00:15:45	43	50	0
00:15:46	37	43	0
00:15:47	30	54	0
00:15:48	29	37	0
00:15:49	35	27	0
00:15:50	35	24	0
00:15:51	30	14	0
00:15:52	29	34	0
00:15:53	37	37	0
00:15:54	38	50	0
00:15:55	57	48	0
00:15:56	63	48	0
00:15:57	56	38	0
00:15:58	50	23	0
00:15:59	29	24	0
00:16:00	16	16	0
00:16:01	17	35	0
00:16:02	13	38	0
00:16:03	26	43	0
00:16:04	23	37	0
00:16:05	35	43	0
00:16:06	27	47	0
00:16:07	38	43	0
00:16:08	47	41	0
00:16:09	41	38	0
00:16:10	43	23	0
00:16:11	43	27	0
00:16:12	43	35	0
00:16:13	50	30	0
00:16:14	43	27	0
00:16:16	47	24	0
00:16:17	34	23	0
00:16:18	38	16	0
00:16:19	44	26	0
00:16:20	51	30	0
00:16:21	66	30	0
00:16:22	60	37	0
00:16:23	70	41	0
00:16:24	60	41	0
00:16:25	56	40	0
00:16:26	56	47	0
00:16:27	37	47	0
00:16:28	35	43	0
00:16:29	37	53	0
00:16:30	34	56	0
00:16:31	38	63	0
00:16:32	27	56	0
00:16:33	35	40	0
00:16:34	47	16	0
00:16:35	47	23	0
00:16:36	40	37	0
00:16:37	27	54	0
00:16:38	30	60	0
00:16:39	29	50	0
00:16:40	37	51	0
00:16:41	41	51	0
00:16:42	51	37	0
00:16:43	60	37	0
00:16:44	41	35	0
00:16:45	40	29	0
00:16:46	29	34	0
00:16:47	26	35	0
00:16:48	40	34	0
00:16:49	41	43	0
00:16:50	35	37	0
00:16:51	35	57	0
00:16:53	34	41	0
00:16:54	29	40	0
00:16:55	24	53	0
00:16:56	16	41	0
00:16:57	8	53	0
00:16:58	4	48	0
00:16:59	10	40	0
00:17:00	21	29	0
00:17:01	24	38	0
00:17:02	26	38	0
00:17:03	29	43	0
00:17:04	17	48	0
00:17:05	13	51	0
00:17:06	10	50	0
00:17:07	14	51	0
00:17:08	26	53	0
00:17:09	23	53	0
00:17:10	27	54	0
00:17:11	40	50	0
00:17:12	34	48	0
00:17:13	24	41	0
00:17:14	30	38	0
00:17:15	24	37	0
00:17:16	30	35	0
00:17:17	50	43	0
00:17:18	56	51	0
00:17:19	63	64	0
00:17:20	48	56	0
00:17:21	35	44	0
00:17:22	24	41	0
00:17:23	21	30	0
00:17:24	26	34	0
00:17:25	30	37	0
00:17:26	27	41	0
00:17:27	16	48	0
00:17:29	16	57	0
00:17:30	3	54	0
00:17:31	3	60	0
00:17:32	10	51	0
00:17:33	3	35	0
00:17:34	10	37	0
00:17:35	4	35	0
00:17:36	1	27	0
00:17:37	10	26	0
00:17:38	11	24	0
00:17:39	21	38	0
00:17:40	17	51	0
00:17:41	14	56	0
00:17:42	14	51	0
00:17:43	11	48	0
00:17:44	17	44	0
00:17:45	34	37	0
00:17:46	29	38	0
00:17:47	34	41	0
00:17:48	29	44	0
00:17:49	11	48	0
00:17:50	8	40	0
00:17:51	7	30	0
00:17:52	16	27	0
00:17:53	35	26	0
00:17:54	40	23	0
00:17:55	51	37	0
00:17:56	41	43	0
00:17:57	27	56	0
00:17:58	47	63	0
00:17:59	43	64	0
00:18:00	51	57	0
00:18:01	41	53	0
00:18:02	29	60	0
00:18:03	34	53	0
00:18:05	21	51	0
00:18:06	29	57	0
00:18:07	30	48	0
00:18:08	29	38	0
00:18:09	21	11	0
00:18:10	11	11	0
00:18:11	4	10	0
00:18:12	23	23	0
00:18:13	27	26	0
00:18:14	23	21	0
00:18:15	16	24	0
00:18:16	7	21	0
00:18:17	13	30	0
00:18:18	24	48	0
00:18:19	23	56	0
00:18:20	16	64	0
00:18:21	17	64	0
00:18:22	23	69	0
00:18:23	34	74	0
00:18:24	50	61	0
00:18:25	29	51	0
00:18:26	29	37	0
00:18:27	37	35	0
00:18:28	34	26	0
00:18:29	44	40	0
00:18:30	23	40	0
00:18:31	17	37	0
00:18:32	21	50	0
00:18:33	30	47	0
00:18:34	44	51	0
00:18:35	43	60	0
00:18:36	27	47	0
00:18:37	34	43	0
00:18:38	35	41	0
00:18:39	44	57	0
00:18:41	29	64	0
00:18:42	24	53	0
00:18:43	20	54	0
00:18:44	17	50	0
00:18:45	30	57	0
00:18:46	37	74	0
00:18:47	50	67	0
00:18:48	37	56	0
00:18:49	26	53	0
00:18:50	24	53	0
00:18:51	26	53	0
00:18:52	24	51	0
00:18:53	17	44	0
00:18:54	27	35	0
00:18:55	8	17	0
00:18:56	17	27	0
00:18:57	29	27	0
00:18:58	21	30	0
00:18:59	23	44	0
00:19:00	26	41	0
00:19:01	26	44	0
00:19:02	26	43	0
00:19:03	35	40	0
00:19:04	23	37	0
00:19:05	10	27	0
00:19:06	11	37	0
00:19:07	16	44	0
00:19:08	24	53	0
00:19:09	26	50	0
00:19:10	24	53	0
00:19:11	26	51	0
00:19:12	34	51	0
00:19:13	23	43	0
00:19:14	16	30	0
00:19:16	8	30	0
00:19:17	14	37	0
00:19:18	14	56	0
00:19:19	10	51	0
00:19:20	20	54	0
00:19:21	20	53	0
00:19:22	40	51	0
00:19:23	47	56	0
00:19:24	51	50	0
00:19:25	60	50	0
00:19:26	50	43	0
00:19:27	57	43	0
00:19:28	47	43	0
00:19:29	35	38	0
00:19:30	29	23	0
00:19:31	7	14	0
00:19:32	10	14	0
00:19:33	16	17	0
00:19:34	27	16	0
00:19:35	43	27	0
00:19:36	37	30	0
00:19:37	37	35	0
00:19:38	37	54	0
00:19:39	37	44	0
00:19:40	44	44	0
00:19:41	56	40	0
00:19:42	56	54	0
00:19:43	50	66	0
00:19:44	43	77	0
00:19:45	30	64	0
00:19:46	44	61	0
00:19:47	57	51	0
00:19:48	57	48	0
00:19:49	70	54	0
00:19:50	64	54	0
00:19:51	64	51	0
00:19:53	44	35	0
00:19:54	35	23	0
00:19:55	27	20	0
00:19:56	24	27	0
00:19:57	35	38	0
00:19:58	48	50	0
00:19:59	50	50	0
00:20:00	44	37	0
00:20:01	44	37	0
00:20:02	27	40	0
00:20:03	27	40	0
00:20:04	47	44	0
00:20:05	64	43	0
00:20:06	64	43	0
00:20:07	50	35	0
00:20:08	37	51	0
00:20:09	20	57	0
00:20:10	23	38	0
00:20:11	30	40	0
00:20:12	24	17	0
00:20:13	26	27	0
00:20:14	29	24	0
00:20:15	47	27	0
00:20:16	44	21	0
00:20:17	50	24	0
00:20:18	34	26	0
00:20:19	26	30	0
00:20:20	38	38	0
00:20:21	43	47	0
00:20:22	47	41	0
00:20:23	44	50	0
00:20:24	30	44	0
00:20:25	26	40	0
00:20:26	37	38	0
00:20:27	40	37	0
00:20:29	50	44	0
00:20:30	54	51	0
00:20:31	48	54	0
00:20:32	35	53	0
00:20:33	41	51	0
00:20:34	27	47	0
00:20:35	27	44	0
00:20:36	30	43	0
00:20:37	16	34	0
00:20:38	24	26	0
00:20:39	35	37	0
00:20:40	47	43	0
00:20:41	64	50	0
00:20:42	64	51	0
00:20:43	60	54	0
00:20:44	50	60	0
00:20:45	50	56	0
00:20:46	51	44	0
00:20:47	44	51	0
00:20:48	34	38	0
00:20:49	53	35	0
00:20:50	47	40	0
00:20:51	51	38	0
00:20:52	53	44	0
00:20:53	37	63	0
00:20:54	44	67	0
00:20:55	43	48	0
00:20:56	40	48	0
00:20:57	38	34	0
00:20:58	40	34	0
00:20:59	48	35	0
00:21:00	60	35	0
00:21:01	64	27	0
00:21:02	56	26	0
00:21:04	51	37	0
00:21:05	44	27	0
00:21:06	50	35	0
00:21:07	50	41	0
00:21:08	47	51	0
00:21:09	38	70	0
00:21:10	30	83	0
00:21:11	30	90	0
00:21:12	23	77	0
00:21:13	40	60	0
00:21:14	43	40	0
00:21:15	53	38	0
00:21:16	50	34	0
00:21:17	50	37	0
00:21:18	53	37	0
00:21:19	60	44	0
00:21:20	56	56	0
00:21:21	57	63	0
00:21:22	54	64	0
00:21:23	54	57	0
00:21:24	54	47	0
00:21:25	54	35	0
00:21:26	53	34	0
00:21:27	47	37	0
00:21:28	54	41	0
00:21:29	47	34	0
00:21:30	47	41	0
00:21:31	53	47	0
00:21:32	30	37	0
00:21:33	37	54	0
00:21:34	41	50	0
00:21:35	35	56	0
00:21:36	40	69	0
00:21:37	48	54	0
00:21:38	48	54	26
00:21:40	48	53	0
00:21:41	50	43	0
00:21:42	57	41	0
00:21:43	50	60	0
00:21:44	40	53	0
00:21:45	44	47	0
00:21:46	47	41	0
00:21:47	53	43	0
00:21:48	29	37	0
00:21:49	40	44	0
00:21:50	37	51	0
00:21:51	34	66	0
00:21:52	35	66	0
00:21:53	26	56	0
00:21:54	29	44	0
00:21:55	26	50	0
00:21:56	30	60	0
00:21:57	29	64	0
00:21:58	35	64	0
00:21:59	23	44	0
00:22:00	24	38	0
00:22:01	35	38	0
00:22:02	20	29	0
00:22:03	41	37	0
00:22:04	53	37	0
00:22:05	37	30	0
00:22:06	47	44	0
00:22:07	40	44	0
00:22:08	38	51	0
00:22:09	56	61	0
00:22:10	56	44	0
00:22:11	60	40	0
00:22:12	50	35	0
00:22:13	43	23	0
00:22:14	40	41	0
00:22:16	29	48	0
00:22:17	37	61	0
00:22:18	47	50	0
00:22:19	47	60	0
00:22:20	50	61	0
00:22:21	53	53	0
00:22:22	53	53	0
00:22:23	48	50	0
00:22:24	50	60	0
00:22:25	37	64	0
00:22:26	48	61	0
00:22:27	41	51	0
00:22:28	48	44	0
00:22:29	61	38	0
00:22:30	54	35	0
00:22:31	63	43	0
00:22:32	53	41	0
00:22:33	50	43	0
00:22:34	43	54	0
00:22:35	40	41	0
00:22:36	40	37	0
00:22:37	34	47	0
00:22:38	35	54	0
00:22:39	48	56	0
00:22:40	54	63	0
00:22:41	56	66	0
00:22:42	51	51	0
00:22:43	43	60	0
00:22:44	53	48	0
00:22:45	63	47	0
00:22:46	44	50	0
00:22:47	41	60	0
00:22:48	17	70	0
00:22:49	35	87	0
00:22:50	34	87	0
00:22:51	34	88	0
00:22:53	34	87	0
00:22:54	37	90	0
00:22:55	38	69	0
00:22:56	37	54	0
00:22:57	40	61	0
00:22:58	40	54	0
00:22:59	37	61	0
00:23:00	44	77	0
00:23:01	50	75	0
00:23:02	50	70	0
00:23:03	56	61	0
00:23:04	53	50	0
00:23:05	48	50	0
00:23:06	56	47	0
00:23:07	64	56	0
00:23:08	63	63	0
00:23:09	67	50	0
00:23:10	54	54	0
00:23:11	47	48	0
00:23:12	50	38	0
00:23:13	40	38	0
00:23:14	40	37	0
00:23:15	40	50	0
00:23:16	35	56	0
00:23:17	43	56	0
00:23:18	53	48	0
00:23:19	51	44	0
00:23:20	48	56	0
00:23:21	48	56	0
00:23:22	48	70	0
00:23:23	37	61	0
00:23:24	41	61	0
00:23:25	43	53	0
00:23:26	47	54	0
00:23:27	56	60	0
00:23:28	48	54	0
00:23:30	41	66	0
00:23:31	40	78	0
00:23:32	34	77	0
00:23:33	43	77	0
00:23:34	54	69	0
00:23:35	51	54	0
00:23:36	41	54	0
00:23:37	34	60	0
00:23:38	14	47	0
00:23:39	11	53	0
00:23:40	20	69	0
00:23:41	20	64	0
00:23:42	20	74	0
00:23:43	38	61	0
00:23:44	43	47	0
00:23:45	41	44	0
00:23:46	54	56	0
00:23:47	37	67	0
00:23:48	23	64	0
00:23:49	26	64	0
00:23:50	29	37	0
00:23:51	34	40	0
00:23:52	43	43	0
00:23:53	48	54	0
00:23:54	60	61	0
00:23:55	69	67	0
00:23:56	61	64	0
00:23:57	64	56	0
00:23:58	53	60	0
00:23:59	53	60	0
00:24:00	51	54	0
00:24:01	53	54	0
00:24:02	60	60	0
00:24:03	54	44	0
00:24:05	70	47	0
00:24:06	64	47	0
00:24:07	57	47	0
00:24:08	60	57	0
00:24:09	50	61	0
00:24:10	50	60	0
00:24:11	54	51	0
00:24:12	54	48	0
00:24:13	47	51	0
00:24:14	35	54	0
00:24:15	37	54	0
00:24:16	34	48	0
00:24:17	41	30	0
00:24:18	61	29	0
00:24:19	48	30	0
00:24:20	57	37	0
00:24:21	50	48	0
00:24:22	47	66	0
00:24:23	43	57	0
00:24:24	47	51	0
00:24:25	44	40	0
00:24:26	47	43	0
00:24:27	50	30	0
00:24:28	53	37	0
00:24:29	47	47	0
00:24:30	57	34	0
00:24:31	69	47	0
00:24:32	77	44	0
00:24:33	61	14	0
00:24:34	53	10	0
00:24:35	40	23	0
00:24:36	24	30	0
00:24:37	51	57	0
00:24:38	61	66	0
00:24:39	66	70	0
00:24:40	74	74	0
00:24:42	64	67	0
00:24:43	43	69	0
00:24:44	35	70	0
00:24:45	38	70	0
00:24:46	41	80	0
00:24:47	54	88	0
00:24:48	60	80	0
00:24:49	57	81	0
00:24:50	60	74	0
00:24:51	61	77	0
00:24:52	61	84	0
00:24:53	56	77	0
00:24:54	60	74	0
00:24:55	64	67	0
00:24:56	77	63	0
00:24:57	78	66	0
00:24:58	67	67	0
00:24:59	66	70	0
00:25:00	54	87	0
00:25:01	63	80	0
00:25:02	69	66	0
00:25:03	64	60	0
00:25:04	74	50	0
00:25:05	64	56	0
00:25:06	53	64	0
00:25:07	51	66	0
00:25:08	50	67	0
00:25:09	43	61	0
00:25:10	54	69	0
00:25:11	50	78	0
00:25:12	40	77	0
00:25:13	41	78	0
00:25:14	48	77	0
00:25:15	34	57	0
00:25:16	27	54	0
00:25:17	24	60	0
00:25:19	11	61	0
00:25:20	29	75	0
00:25:21	37	81	0
00:25:22	37	81	0
00:25:23	47	90	0
00:25:24	57	87	0
00:25:25	60	80	0
00:25:26	60	75	0
00:25:27	74	63	0
00:25:28	69	69	0
00:25:29	75	66	0
00:25:30	81	69	0
00:25:31	69	83	0
00:25:32	56	61	0
00:25:33	50	57	0
00:25:34	51	53	0
00:25:35	53	47	0
00:25:36	47	51	0
00:25:37	35	56	0
00:25:38	26	64	0
00:25:39	35	66	0
00:25:40	48	75	0
00:25:41	57	64	0
00:25:42	56	66	0
00:25:43	43	77	0
00:25:44	54	81	0
00:25:45	51	93	0
00:25:46	48	88	0
00:25:47	53	69	0
00:25:48	35	75	0
00:25:49	26	70	0
00:25:50	24	70	0
00:25:51	23	74	0
00:25:52	20	63	0
00:25:54	21	53	0
00:25:55	38	56	0
00:25:56	53	56	0
00:25:57	60	57	0
00:25:58	83	61	0
00:25:59	75	56	0
00:26:00	66	56	0
00:26:01	74	60	0
00:26:02	64	61	0
00:26:03	66	61	0
00:26:04	66	66	0
00:26:05	70	63	0
00:26:06	70	61	0
00:26:07	69	63	0
00:26:08	57	57	0
00:26:09	54	56	0
00:26:10	56	63	0
00:26:11	50	61	0
00:26:12	47	54	0
00:26:13	48	53	0
00:26:14	34	47	0
00:26:15	34	43	0
00:26:16	43	54	0
00:26:17	38	64	0
00:26:18	48	67	0
00:26:19	57	74	0
00:26:20	64	70	0
00:26:21	56	51	0
00:26:22	43	47	0
00:26:23	37	53	0
00:26:24	27	63	0
00:26:25	51	80	0
00:26:26	43	70	0
00:26:27	44	69	0
00:26:28	40	54	0
00:26:30	34	64	0
00:26:31	38	64	0
00:26:32	26	53	0
00:26:33	41	69	0
00:26:34	54	61	0
00:26:35	53	60	0
00:26:36	70	57	0
00:26:37	63	51	0
00:26:38	53	53	0
00:26:39	53	53	0
00:26:40	44	67	0
00:26:41	44	67	0
00:26:42	53	81	0
00:26:43	63	80	0
00:26:44	66	77	0
00:26:45	60	83	0
00:26:46	63	70	0
00:26:47	51	74	0
00:26:48	56	64	0
00:26:49	57	51	0
00:26:50	54	54	0
00:26:51	57	60	0
00:26:52	57	64	0
00:26:53	54	83	0
00:26:54	54	77	0
00:26:55	60	69	0
00:26:56	53	70	0
00:26:57	57	74	0
00:26:58	51	63	0
00:26:59	54	54	0
00:27:00	63	48	0
00:27:01	47	23	0
00:27:02	51	35	0
00:27:03	51	40	0
00:27:04	44	40	0
00:27:06	67	60	0
00:27:07	77	61	0
00:27:08	80	56	0
00:27:09	78	63	0
00:27:10	66	57	0
00:27:11	67	61	0
00:27:12	57	77	0
00:27:13	63	75	0
00:27:14	61	78	0
00:27:15	50	80	0
00:27:16	51	66	0
00:27:17	51	66	0
00:27:18	37	51	0
00:27:19	47	40	0
00:27:20	51	40	0
00:27:21	54	37	0
00:27:22	66	56	0
00:27:23	50	51	0
00:27:24	48	43	0
00:27:25	47	44	0
00:27:26	41	44	0
00:27:27	61	57	0
00:27:28	54	60	0
00:27:29	67	60	0
00:27:30	53	64	0
00:27:31	64	78	0
00:27:32	63	80	0
00:27:33	60	75	0
00:27:34	67	74	0
00:27:35	80	63	0
00:27:36	84	61	0
00:27:37	69	50	0
00:27:38	70	47	0
00:27:39	61	56	0
00:27:40	61	56	0
00:27:41	60	74	0
00:27:43	54	87	0
00:27:44	53	90	0
00:27:45	57	96	0
00:27:46	54	77	0
00:27:47	63	69	0
00:27:48	54	66	0
00:27:49	38	60	0
00:27:50	35	74	0
00:27:51	27	64	0
00:27:52	24	61	0
00:27:53	27	57	0
00:27:54	47	57	0
00:27:55	51	64	0
00:27:56	50	66	0
00:27:57	70	63	0
00:27:58	61	57	0
00:27:59	60	60	0
00:28:00	43	64	0
00:28:01	48	74	0
00:28:02	43	69	0
00:28:03	67	74	0
00:28:04	77	64	0
00:28:05	66	63	0
00:28:06	66	63	0
00:28:07	50	60	0
00:28:08	35	53	0
00:28:09	30	56	0
00:28:10	30	54	0
00:28:11	40	64	0
00:28:12	54	67	0
00:28:13	66	63	0
00:28:14	75	61	0
00:28:15	67	66	0
00:28:16	56	66	0
00:28:17	47	57	0
00:28:19	27	63	0
00:28:20	21	60	0
00:28:21	24	64	0
00:28:22	30	74	0
00:28:23	40	67	0
00:28:24	44	69	0
00:28:25	51	63	0
00:28:26	61	57	0
00:28:27	56	54	0
00:28:28	57	56	0
00:28:29	40	50	0
00:28:30	37	54	0
00:28:31	30	44	0
00:28:32	24	47	0
00:28:33	29	61	0
00:28:34	51	63	0
00:28:35	66	63	0
00:28:36	63	81	0
00:28:37	64	70	0
00:28:38	56	69	0
00:28:39	38	66	0
00:28:40	50	56	0
00:28:41	64	63	0
00:28:42	54	69	0
00:28:43	60	81	0
00:28:44	50	81	0
00:28:45	37	91	0
00:28:46	53	78	0
00:28:47	69	67	0
00:28:48	67	54	0
00:28:49	66	43	0
00:28:50	53	56	0
00:28:51	30	56	0
00:28:53	30	63	0
00:28:54	41	61	0
00:28:55	44	53	0
00:28:56	56	53	0
00:28:57	64	51	0
00:28:58	57	56	0
00:28:59	50	44	0
00:29:00	44	43	0
00:29:01	40	34	0
00:29:02	30	43	0
00:29:03	43	56	0
00:29:04	29	57	0
00:29:05	29	57	51
00:29:06	26	70	0
00:29:07	43	80	0
00:29:08	40	77	0
00:29:09	40	77	51
00:29:10	40	77	25
00:29:11	40	77	25
00:29:12	40	77	25
00:29:13	37	80	0
00:29:14	47	69	0
00:29:15	37	61	0
00:29:16	26	51	0
00:29:17	24	53	0
00:29:18	20	50	0
00:29:19	16	50	0
00:29:20	21	50	0
00:29:21	27	47	0
00:29:22	34	51	0
00:29:23	35	48	0
00:29:24	34	61	0
00:29:25	26	53	0
00:29:26	27	60	0
00:29:27	44	66	0
00:29:29	51	64	0
00:29:30	53	75	0
00:29:31	53	54	0
00:29:32	40	48	0
00:29:33	53	51	0
00:29:34	57	63	0
00:29:35	60	57	0
00:29:36	54	57	0
00:29:37	40	54	0
00:29:38	23	47	0
00:29:39	20	51	0
00:29:40	27	61	0
00:29:41	27	61	51
00:29:42	27	61	25
00:29:43	29	67	0
00:29:44	40	74	0
00:29:45	40	66	0
00:29:46	51	54	0
00:29:47	54	47	0
00:29:48	57	54	0
00:29:49	77	53	0
00:29:50	78	60	0
00:29:51	70	64	0
00:29:52	69	66	0
00:29:53	37	69	0
00:29:54	24	78	0
00:29:55	26	75	0
00:29:56	30	66	0
00:29:57	56	78	0
00:29:58	67	74	0
00:29:59	67	69	0
00:30:00	67	69	0
00:30:01	50	63	0
00:30:02	53	56	0
00:30:03	48	60	0
00:30:04	51	64	0
00:30:06	48	74	0
00:30:07	74	74	0
00:30:08	83	66	0
00:30:09	80	56	0
00:30:10	75	56	0
00:30:11	56	60	0
00:30:12	60	64	0
00:30:13	61	74	0
00:30:14	67	77	0
00:30:15	90	64	0
00:30:16	70	66	0
00:30:17	66	69	0
00:30:18	69	66	0
00:30:19	66	81	0
00:30:20	87	67	0
00:30:21	100	60	0
00:30:22	96	60	0
00:30:23	91	63	0
00:30:24	87	69	0
00:30:25	87	64	0
00:30:26	90	53	0
00:30:27	88	41	0
00:30:28	91	44	0
00:30:29	94	54	0
00:30:30	93	57	0
00:30:31	88	64	0
00:30:32	83	56	0
00:30:33	74	64	0
00:30:34	83	51	0
00:30:35	93	48	0
00:30:36	100	40	0
00:30:37	100	47	0
00:30:38	93	53	0
00:30:39	87	54	0
00:30:40	91	47	0
00:30:42	93	44	0
00:30:43	97	41	0
00:30:44	97	44	0
00:30:45	83	57	0
00:30:46	84	60	0
00:30:47	97	51	0
00:30:48	91	53	0
00:30:49	100	43	0
00:30:50	91	54	0
00:30:51	74	63	0
00:30:52	77	60	0
00:30:53	61	61	0
00:30:54	78	47	0
00:30:55	74	43	0
00:30:56	60	51	0
00:30:57	80	48	0
00:30:58	77	56	0
00:30:59	69	56	0
00:31:00	80	54	0
00:31:01	60	63	0
00:31:02	63	50	0
00:31:03	81	54	0
00:31:04	84	54	0
00:31:05	100	48	0
00:31:06	100	44	0
00:31:07	100	34	0
00:31:08	100	26	0
00:31:09	100	21	0
00:31:10	84	29	0
00:31:11	66	43	0
00:31:12	78	44	0
00:31:13	75	61	0
00:31:14	78	56	0
00:31:15	66	50	0
00:31:16	48	61	0
00:31:17	30	56	0
00:31:19	26	60	0
00:31:20	30	67	0
00:31:21	29	61	0
00:31:22	47	63	0
00:31:23	41	60	0
00:31:24	54	51	0
00:31:25	57	50	0
00:31:26	57	50	0
00:31:27	64	40	0
00:31:28	53	48	0
00:31:29	50	54	0
00:31:30	37	51	0
00:31:31	30	64	0
00:31:32	29	66	0
00:31:33	26	64	0
00:31:34	44	56	0
00:31:35	53	50	0
00:31:36	64	41	0
00:31:37	80	48	0
00:31:38	78	44	0
00:31:39	78	44	0
00:31:40	51	50	0
00:31:41	40	50	0
00:31:42	40	41	0
00:31:43	53	47	0
00:31:44	51	51	0
00:31:45	48	56	0
00:31:46	38	57	0
00:31:47	30	63	0
00:31:48	38	56	0
00:31:49	34	56	0
00:31:50	38	74	0
00:31:51	34	61	0
00:31:52	41	64	0
00:31:53	63	64	0
00:31:55	70	61	0
00:31:56	67	77	0
00:31:57	51	75	0
00:31:58	35	75	0
00:31:59	29	69	0
00:32:00	29	69	0
00:32:01	60	57	0
00:32:02	69	56	0
00:32:03	80	54	0
00:32:04	77	40	0
00:32:05	74	41	0
00:32:06	70	41	0
00:32:07	77	43	0
00:32:08	75	44	0
00:32:09	75	51	0
00:32:10	67	60	0
00:32:11	75	61	0
00:32:12	74	60	0
00:32:13	67	51	0
00:32:14	67	47	0
00:32:15	57	38	0
00:32:16	63	41	0
00:32:17	78	43	0
00:32:18	74	40	0
00:32:19	67	56	0
00:32:20	56	64	0
00:32:21	41	74	0
00:32:22	51	74	0
00:32:23	53	69	0
00:32:24	54	56	0
00:32:25	53	48	0
00:32:26	48	50	0
00:32:27	53	50	0
00:32:29	51	57	0
00:32:30	44	50	0
00:32:31	44	41	0
00:32:32	57	38	0
00:32:33	64	29	0
00:32:34	61	30	0
00:32:35	50	30	0
00:32:36	43	34	0
00:32:37	40	38	0
00:32:38	48	57	0
00:32:39	41	61	0
00:32:40	48	53	0
00:32:41	63	40	0
00:32:42	88	47	0
00:32:43	90	48	0
00:32:44	84	54	0
00:32:45	80	64	0
00:32:46	70	69	0
00:32:47	70	70	0
00:32:48	60	66	0
00:32:49	69	47	0
00:32:50	75	38	0
00:32:51	83	27	0
00:32:52	100	29	0
00:32:53	100	37	0
00:32:54	93	41	0
00:32:55	78	47	0
00:32:56	78	48	0
00:32:57	47	51	0
00:32:58	38	41	0
00:32:59	38	41	0
00:33:00	38	38	0
00:33:01	60	48	0
00:33:02	75	54	0
00:33:03	57	60	0
00:33:05	60	67	0
00:33:06	50	61	0
00:33:07	51	66	0
00:33:08	66	61	0
00:33:09	70	64	0
00:33:10	70	57	0
00:33:11	78	51	0
00:33:12	74	60	0
00:33:13	80	51	0
00:33:14	80	51	0
00:33:15	83	44	0
00:33:16	87	38	0
00:33:17	88	34	0
00:33:18	88	35	0
00:33:19	74	30	0
00:33:20	69	48	0
00:33:21	60	41	0
00:33:22	44	40	0
00:33:23	50	54	0
00:33:24	53	48	0
00:33:25	67	54	0
00:33:26	80	47	0
00:33:27	83	47	0
00:33:28	75	35	0
00:33:29	57	37	0
00:33:30	50	53	0
00:33:31	51	41	0
00:33:32	51	44	0
00:33:33	70	37	0
00:33:34	81	24	0
00:33:35	66	23	0
00:33:36	77	29	0
00:33:37	66	47	0
00:33:38	48	37	0
00:33:39	51	61	0
00:33:41	40	48	0
00:33:42	66	57	0
00:33:43	57	41	0
00:33:44	41	50	0
00:33:45	34	60	0
00:33:46	1	56	0
00:33:47	1	56	51
00:33:48	1	56	26
00:33:49	4	66	0
00:33:50	8	60	0
00:33:51	11	54	0
00:33:52	16	54	0
00:33:53	13	56	0
00:33:54	16	63	0
00:33:55	16	61	0
00:33:56	23	70	0
00:33:57	26	64	0
00:33:58	27	66	0
00:33:59	27	66	0
00:34:00	37	69	0
00:34:01	37	69	51
00:34:02	37	69	51
00:34:03	41	66	0
00:34:04	41	66	51
00:34:05	37	61	0
00:34:06	37	61	25
00:34:07	37	61	51
00:34:08	14	56	0
00:34:09	14	56	25
00:34:10	17	48	0
00:34:11	38	38	0
00:34:12	61	38	0
00:34:13	64	44	0
00:34:14	66	51	0
00:34:15	67	51	0
00:34:16	47	43	0
00:34:18	37	38	0
00:34:19	43	30	0
00:34:20	43	35	0
00:34:21	61	51	0
00:34:22	75	47	0
00:34:23	84	47	0
00:34:24	78	50	0
00:34:25	60	48	0
00:34:26	64	57	0
00:34:27	61	56	0
00:34:28	50	47	0
00:34:29	57	44	0
00:34:30	53	43	0
00:34:31	51	51	0
00:34:32	64	66	0
00:34:33	77	60	0
00:34:34	83	50	0
00:34:35	83	48	0
00:34:36	75	48	0
00:34:37	66	41	0
00:34:38	56	48	0
00:34:39	56	48	0
00:34:40	74	43	0
00:34:41	78	44	0
00:34:42	78	44	0
00:34:43	75	37	0
00:34:44	63	44	0
00:34:45	60	48	0
00:34:46	57	40	0
00:34:47	56	44	0
00:34:48	78	38	0
00:34:49	81	23	0
00:34:50	90	34	0
00:34:51	94	35	0
00:34:52	83	47	0
00:34:54	83	50	0
00:34:55	63	48	0
00:34:56	47	57	0
00:34:57	47	54	0
00:34:58	50	60	0
00:34:59	56	57	0
00:35:00	61	50	0
00:35:01	60	41	0
00:35:02	51	44	0
00:35:03	60	43	0
00:35:04	54	30	0
00:35:05	53	48	0
00:35:06	60	50	0
00:35:07	56	51	0
00:35:08	47	47	0
00:35:09	51	41	0
00:35:10	50	38	0
00:35:11	34	48	0
00:35:12	34	57	0
00:35:13	20	70	0
00:35:14	24	81	0
00:35:15	17	78	0
00:35:16	17	80	0
00:35:17	16	56	0
00:35:18	37	30	0
00:35:19	50	40	0
00:35:20	43	21	0
00:35:21	44	44	0
00:35:22	37	50	0
00:35:23	24	48	0
00:35:24	40	63	0
00:35:25	43	48	0
00:35:26	44	50	0
00:35:27	57	50	0
00:35:29	47	44	0
00:35:30	48	51	0
00:35:31	50	44	0
00:35:32	47	47	0
00:35:33	56	40	0
00:35:34	50	35	0
00:35:35	60	27	0
00:35:36	63	26	0
00:35:37	75	38	0
00:35:38	84	47	0
00:35:39	69	56	0
00:35:40	53	44	0
00:35:41	47	35	0
00:35:42	48	34	0
00:35:43	43	38	0
00:35:44	41	56	0
00:35:45	47	57	0
00:35:46	61	61	0
00:35:47	83	64	0
00:35:48	84	63	0
00:35:49	81	60	0
00:35:50	63	54	0
00:35:51	69	41	0
00:35:52	64	47	0
00:35:53	70	48	0
00:35:54	70	66	0
00:35:55	51	74	0
00:35:56	50	78	0
00:35:57	30	74	0
00:35:58	43	53	0
00:35:59	48	48	0
00:36:00	50	37	0
00:36:01	48	41	0
