Apr 18, 2014 17:25:39	50	47	0
Apr 18, 2014 17:25:40	35	30	0
Apr 18, 2014 17:25:41	40	53	0
Apr 18, 2014 17:25:42	40	57	0
Apr 18, 2014 17:25:43	61	60	0
Apr 18, 2014 17:25:45	77	61	0
Apr 18, 2014 17:25:46	93	63	0
Apr 18, 2014 17:25:47	93	63	0
Apr 18, 2014 17:25:48	100	50	0
Apr 18, 2014 17:25:49	100	53	0
Apr 18, 2014 17:25:50	100	48	0
Apr 18, 2014 17:25:51	100	57	0
Apr 18, 2014 17:25:52	96	61	0
Apr 18, 2014 17:25:53	100	51	0
Apr 18, 2014 17:25:54	100	66	0
Apr 18, 2014 17:25:55	80	63	0
Apr 18, 2014 17:25:56	80	67	0
Apr 18, 2014 17:25:57	83	75	0
Apr 18, 2014 17:25:58	91	64	0
Apr 18, 2014 17:25:59	100	60	0
Apr 18, 2014 17:26:00	94	70	0
Apr 18, 2014 17:26:01	77	63	0
Apr 18, 2014 17:26:02	67	64	0
Apr 18, 2014 17:26:03	74	60	0
Apr 18, 2014 17:26:04	84	30	0
Apr 18, 2014 17:26:05	88	38	0
Apr 18, 2014 17:26:06	87	37	0
Apr 18, 2014 17:26:07	74	30	0
Apr 18, 2014 17:26:08	57	34	0
Apr 18, 2014 17:26:09	66	35	0
Apr 18, 2014 17:26:10	54	29	0
Apr 18, 2014 17:26:11	60	53	0
Apr 18, 2014 17:26:12	67	53	0
Apr 18, 2014 17:26:13	74	60	0
Apr 18, 2014 17:26:14	77	51	0
Apr 18, 2014 17:26:15	80	74	0
Apr 18, 2014 17:26:16	81	75	0
Apr 18, 2014 17:26:17	96	70	0
Apr 18, 2014 17:26:18	100	57	0
Apr 18, 2014 17:26:19	96	47	0
Apr 18, 2014 17:26:20	81	41	0
Apr 18, 2014 17:26:22	69	44	0
Apr 18, 2014 17:26:23	54	63	0
Apr 18, 2014 17:26:24	50	57	0
Apr 18, 2014 17:26:25	53	54	0
Apr 18, 2014 17:26:26	47	48	0
Apr 18, 2014 17:26:27	56	41	0
Apr 18, 2014 17:26:28	75	54	0
Apr 18, 2014 17:26:29	96	57	0
Apr 18, 2014 17:26:30	100	57	0
Apr 18, 2014 17:26:31	100	67	0
Apr 18, 2014 17:26:32	100	66	0
Apr 18, 2014 17:26:33	100	61	0
Apr 18, 2014 17:26:34	69	64	0
Apr 18, 2014 17:26:35	78	53	0
Apr 18, 2014 17:26:36	81	56	0
Apr 18, 2014 17:26:37	83	57	0
Apr 18, 2014 17:26:38	97	78	0
Apr 18, 2014 17:26:39	93	84	0
Apr 18, 2014 17:26:40	90	80	0
Apr 18, 2014 17:26:41	70	70	0
Apr 18, 2014 17:26:42	75	54	0
Apr 18, 2014 17:26:43	66	51	0
Apr 18, 2014 17:26:44	67	63	0
Apr 18, 2014 17:26:45	80	57	0
Apr 18, 2014 17:26:46	93	57	0
Apr 18, 2014 17:26:47	84	35	0
Apr 18, 2014 17:26:48	94	26	0
Apr 18, 2014 17:26:49	78	29	0
Apr 18, 2014 17:26:50	66	34	0
Apr 18, 2014 17:26:51	87	40	0
Apr 18, 2014 17:26:52	80	47	0
Apr 18, 2014 17:26:53	90	43	0
Apr 18, 2014 17:26:54	100	23	0
Apr 18, 2014 17:26:55	90	41	0
Apr 18, 2014 17:26:56	83	38	0
Apr 18, 2014 17:26:58	75	47	0
Apr 18, 2014 17:26:59	69	60	0
Apr 18, 2014 17:27:00	54	44	0
Apr 18, 2014 17:27:01	75	40	0
Apr 18, 2014 17:27:02	78	27	0
Apr 18, 2014 17:27:03	56	20	0
Apr 18, 2014 17:27:04	70	27	0
Apr 18, 2014 17:27:05	63	38	0
Apr 18, 2014 17:27:06	66	43	0
Apr 18, 2014 17:27:07	94	43	0
Apr 18, 2014 17:27:08	88	38	0
Apr 18, 2014 17:27:09	91	38	0
Apr 18, 2014 17:27:10	75	38	0
Apr 18, 2014 17:27:11	70	53	0
Apr 18, 2014 17:27:12	78	51	0
Apr 18, 2014 17:27:13	84	51	0
Apr 18, 2014 17:27:14	100	48	0
Apr 18, 2014 17:27:15	81	44	0
Apr 18, 2014 17:27:16	69	40	0
Apr 18, 2014 17:27:17	69	38	0
Apr 18, 2014 17:27:18	96	43	0
Apr 18, 2014 17:27:19	100	44	0
Apr 18, 2014 17:27:20	100	41	0
Apr 18, 2014 17:27:21	100	40	0
Apr 18, 2014 17:27:22	83	41	0
Apr 18, 2014 17:27:23	63	61	0
Apr 18, 2014 17:27:24	50	78	0
Apr 18, 2014 17:27:25	43	91	0
Apr 18, 2014 17:27:26	56	81	0
Apr 18, 2014 17:27:27	75	64	0
Apr 18, 2014 17:27:28	77	74	0
Apr 18, 2014 17:27:29	84	67	0
Apr 18, 2014 17:27:30	81	70	0
Apr 18, 2014 17:27:31	74	74	0
Apr 18, 2014 17:27:32	70	66	0
Apr 18, 2014 17:27:34	64	69	0
Apr 18, 2014 17:27:35	56	74	0
Apr 18, 2014 17:27:36	57	67	0
Apr 18, 2014 17:27:37	51	56	0
Apr 18, 2014 17:27:38	38	48	0
Apr 18, 2014 17:27:39	38	34	0
Apr 18, 2014 17:27:40	38	30	0
Apr 18, 2014 17:27:41	47	34	0
Apr 18, 2014 17:27:42	64	35	0
Apr 18, 2014 17:27:43	69	38	0
Apr 18, 2014 17:27:44	57	51	0
Apr 18, 2014 17:27:45	63	60	0
Apr 18, 2014 17:27:46	60	67	0
Apr 18, 2014 17:27:47	63	53	0
Apr 18, 2014 17:27:48	64	47	0
Apr 18, 2014 17:27:49	77	30	0
Apr 18, 2014 17:27:50	96	27	0
Apr 18, 2014 17:27:51	100	29	0
Apr 18, 2014 17:27:52	100	27	0
Apr 18, 2014 17:27:53	100	27	0
Apr 18, 2014 17:27:54	87	27	0
Apr 18, 2014 17:27:55	78	35	0
Apr 18, 2014 17:27:56	75	30	0
Apr 18, 2014 17:27:57	77	40	0
Apr 18, 2014 17:27:58	93	50	0
Apr 18, 2014 17:27:59	88	41	0
Apr 18, 2014 17:28:00	81	51	0
Apr 18, 2014 17:28:01	78	50	0
Apr 18, 2014 17:28:02	77	44	0
Apr 18, 2014 17:28:03	81	48	0
Apr 18, 2014 17:28:04	91	44	0
Apr 18, 2014 17:28:05	100	43	0
Apr 18, 2014 17:28:06	100	37	0
Apr 18, 2014 17:28:07	94	40	0
Apr 18, 2014 17:28:08	77	35	0
Apr 18, 2014 17:28:10	69	35	0
Apr 18, 2014 17:28:11	61	44	0
Apr 18, 2014 17:28:12	66	40	0
Apr 18, 2014 17:28:13	80	48	0
Apr 18, 2014 17:28:14	75	50	0
Apr 18, 2014 17:28:15	81	50	0
Apr 18, 2014 17:28:16	64	53	0
Apr 18, 2014 17:28:17	64	41	0
Apr 18, 2014 17:28:18	64	29	0
Apr 18, 2014 17:28:19	81	34	0
Apr 18, 2014 17:28:20	75	38	0
Apr 18, 2014 17:28:21	63	40	0
Apr 18, 2014 17:28:22	54	41	0
Apr 18, 2014 17:28:23	53	37	0
Apr 18, 2014 17:28:24	53	24	0
Apr 18, 2014 17:28:25	67	30	0
Apr 18, 2014 17:28:26	81	26	0
Apr 18, 2014 17:28:27	66	26	0
Apr 18, 2014 17:28:28	67	34	0
Apr 18, 2014 17:28:29	69	24	0
Apr 18, 2014 17:28:30	54	30	0
Apr 18, 2014 17:28:31	63	48	0
Apr 18, 2014 17:28:32	66	53	0
Apr 18, 2014 17:28:33	61	54	0
Apr 18, 2014 17:28:34	78	48	0
Apr 18, 2014 17:28:35	70	35	0
Apr 18, 2014 17:28:36	77	35	0
Apr 18, 2014 17:28:37	78	40	0
Apr 18, 2014 17:28:38	64	37	0
Apr 18, 2014 17:28:39	75	44	0
Apr 18, 2014 17:28:40	78	40	0
Apr 18, 2014 17:28:41	69	40	0
Apr 18, 2014 17:28:42	70	44	0
Apr 18, 2014 17:28:43	69	35	0
Apr 18, 2014 17:28:44	69	26	0
Apr 18, 2014 17:28:45	84	21	0
Apr 18, 2014 17:28:47	84	21	0
Apr 18, 2014 17:28:48	93	27	0
Apr 18, 2014 17:28:49	91	35	0
Apr 18, 2014 17:28:50	96	43	0
Apr 18, 2014 17:28:51	100	34	0
Apr 18, 2014 17:28:52	100	29	0
Apr 18, 2014 17:28:53	100	27	0
Apr 18, 2014 17:28:54	100	29	0
Apr 18, 2014 17:28:55	96	30	0
Apr 18, 2014 17:28:56	90	29	0
Apr 18, 2014 17:28:57	88	24	0
Apr 18, 2014 17:28:58	74	20	0
Apr 18, 2014 17:28:59	67	24	0
Apr 18, 2014 17:29:00	75	34	0
Apr 18, 2014 17:29:01	70	43	0
Apr 18, 2014 17:29:02	74	51	0
Apr 18, 2014 17:29:03	74	44	0
Apr 18, 2014 17:29:04	64	38	0
Apr 18, 2014 17:29:05	51	38	0
Apr 18, 2014 17:29:06	54	29	0
Apr 18, 2014 17:29:07	57	38	0
Apr 18, 2014 17:29:08	64	44	0
Apr 18, 2014 17:29:09	78	40	0
Apr 18, 2014 17:29:10	75	40	0
Apr 18, 2014 17:29:11	67	38	0
Apr 18, 2014 17:29:12	60	34	0
Apr 18, 2014 17:29:13	57	41	0
Apr 18, 2014 17:29:14	50	30	0
Apr 18, 2014 17:29:15	54	34	0
Apr 18, 2014 17:29:16	53	23	0
Apr 18, 2014 17:29:17	57	21	0
Apr 18, 2014 17:29:18	81	29	0
Apr 18, 2014 17:29:19	67	21	0
Apr 18, 2014 17:29:20	74	27	0
Apr 18, 2014 17:29:21	48	34	0
Apr 18, 2014 17:29:23	43	37	0
Apr 18, 2014 17:29:24	38	44	0
Apr 18, 2014 17:29:25	48	53	0
Apr 18, 2014 17:29:26	41	37	0
Apr 18, 2014 17:29:27	50	43	0
Apr 18, 2014 17:29:28	66	38	0
Apr 18, 2014 17:29:29	70	34	0
Apr 18, 2014 17:29:30	70	30	0
Apr 18, 2014 17:29:31	81	35	0
Apr 18, 2014 17:29:32	70	41	0
Apr 18, 2014 17:29:33	50	47	0
Apr 18, 2014 17:29:34	61	50	0
Apr 18, 2014 17:29:35	69	37	0
Apr 18, 2014 17:29:36	64	27	0
Apr 18, 2014 17:29:37	84	27	0
Apr 18, 2014 17:29:38	88	40	0
Apr 18, 2014 17:29:39	90	44	0
Apr 18, 2014 17:29:40	100	47	0
Apr 18, 2014 17:29:41	100	47	0
Apr 18, 2014 17:29:42	100	47	0
Apr 18, 2014 17:29:43	90	47	0
Apr 18, 2014 17:29:44	83	44	0
Apr 18, 2014 17:29:45	83	37	0
Apr 18, 2014 17:29:46	83	37	0
Apr 18, 2014 17:29:47	88	24	0
Apr 18, 2014 17:29:48	77	29	0
Apr 18, 2014 17:29:49	51	30	0
Apr 18, 2014 17:29:50	40	38	0
Apr 18, 2014 17:29:51	24	26	0
Apr 18, 2014 17:29:52	61	26	0
Apr 18, 2014 17:29:53	67	23	0
Apr 18, 2014 17:29:54	96	29	0
Apr 18, 2014 17:29:55	94	24	0
Apr 18, 2014 17:29:56	96	34	0
Apr 18, 2014 17:29:57	91	26	0
Apr 18, 2014 17:29:58	81	30	0
Apr 18, 2014 17:30:00	74	41	0
Apr 18, 2014 17:30:01	63	41	0
Apr 18, 2014 17:30:02	74	50	0
Apr 18, 2014 17:30:03	64	56	0
Apr 18, 2014 17:30:04	60	30	0
Apr 18, 2014 17:30:05	54	41	0
Apr 18, 2014 17:30:06	54	44	0
Apr 18, 2014 17:30:07	64	40	0
Apr 18, 2014 17:30:08	81	57	0
Apr 18, 2014 17:30:09	87	47	0
Apr 18, 2014 17:30:10	90	43	0
Apr 18, 2014 17:30:11	69	53	0
Apr 18, 2014 17:30:12	48	37	0
Apr 18, 2014 17:30:13	60	35	0
Apr 18, 2014 17:30:14	43	41	0
Apr 18, 2014 17:30:15	53	35	0
Apr 18, 2014 17:30:16	64	44	0
Apr 18, 2014 17:30:17	54	48	0
Apr 18, 2014 17:30:18	81	40	0
Apr 18, 2014 17:30:19	93	40	0
Apr 18, 2014 17:30:20	100	40	0
Apr 18, 2014 17:30:21	100	24	0
Apr 18, 2014 17:30:22	100	26	0
Apr 18, 2014 17:30:23	100	21	0
Apr 18, 2014 17:30:24	100	41	0
Apr 18, 2014 17:30:25	97	40	0
Apr 18, 2014 17:30:26	91	43	0
Apr 18, 2014 17:30:27	94	35	0
Apr 18, 2014 17:30:28	78	48	0
Apr 18, 2014 17:30:29	90	40	0
Apr 18, 2014 17:30:30	84	47	0
Apr 18, 2014 17:30:31	84	50	0
Apr 18, 2014 17:30:32	91	44	0
Apr 18, 2014 17:30:33	83	50	0
Apr 18, 2014 17:30:34	90	44	0
Apr 18, 2014 17:30:36	90	40	0
Apr 18, 2014 17:30:37	81	51	0
Apr 18, 2014 17:30:38	63	69	0
Apr 18, 2014 17:30:39	48	87	0
Apr 18, 2014 17:30:40	37	100	0
Apr 18, 2014 17:30:41	47	96	0
Apr 18, 2014 17:30:42	48	91	0
Apr 18, 2014 17:30:43	53	81	0
Apr 18, 2014 17:30:44	53	81	0
Apr 18, 2014 17:30:45	47	78	0
Apr 18, 2014 17:30:46	54	70	0
Apr 18, 2014 17:30:47	48	57	0
Apr 18, 2014 17:30:48	51	48	0
Apr 18, 2014 17:30:49	57	50	0
Apr 18, 2014 17:30:50	70	43	0
Apr 18, 2014 17:30:51	83	51	0
Apr 18, 2014 17:30:52	83	35	0
Apr 18, 2014 17:30:53	78	48	0
Apr 18, 2014 17:30:54	53	70	0
Apr 18, 2014 17:30:55	44	87	0
Apr 18, 2014 17:30:56	54	69	0
Apr 18, 2014 17:30:57	67	53	0
Apr 18, 2014 17:30:58	80	30	0
Apr 18, 2014 17:30:59	78	48	0
Apr 18, 2014 17:31:00	67	60	0
Apr 18, 2014 17:31:01	67	60	0
Apr 18, 2014 17:31:02	57	69	0
Apr 18, 2014 17:31:03	69	54	0
Apr 18, 2014 17:31:04	69	51	0
Apr 18, 2014 17:31:05	56	41	0
Apr 18, 2014 17:31:06	69	38	0
Apr 18, 2014 17:31:07	61	35	0
Apr 18, 2014 17:31:08	53	26	0
Apr 18, 2014 17:31:09	50	37	0
Apr 18, 2014 17:31:10	23	50	0
Apr 18, 2014 17:31:12	13	50	0
Apr 18, 2014 17:31:13	20	56	0
Apr 18, 2014 17:31:14	24	56	0
Apr 18, 2014 17:31:15	37	50	0
Apr 18, 2014 17:31:16	63	50	0
Apr 18, 2014 17:31:17	56	41	0
Apr 18, 2014 17:31:18	60	41	0
Apr 18, 2014 17:31:19	61	38	0
Apr 18, 2014 17:31:20	40	35	0
Apr 18, 2014 17:31:21	38	40	0
Apr 18, 2014 17:31:22	38	27	0
Apr 18, 2014 17:31:23	24	27	0
Apr 18, 2014 17:31:24	37	40	0
Apr 18, 2014 17:31:25	54	47	0
Apr 18, 2014 17:31:26	64	53	0
Apr 18, 2014 17:31:27	64	47	0
Apr 18, 2014 17:31:28	64	51	0
Apr 18, 2014 17:31:29	57	48	0
Apr 18, 2014 17:31:30	40	35	0
Apr 18, 2014 17:31:31	34	37	0
Apr 18, 2014 17:31:32	20	16	0
Apr 18, 2014 17:31:33	20	23	0
Apr 18, 2014 17:31:34	37	24	0
Apr 18, 2014 17:31:35	34	40	0
Apr 18, 2014 17:31:36	35	67	0
Apr 18, 2014 17:31:37	35	60	0
Apr 18, 2014 17:31:38	34	63	0
Apr 18, 2014 17:31:39	41	37	0
Apr 18, 2014 17:31:40	34	14	0
Apr 18, 2014 17:31:41	48	13	0
Apr 18, 2014 17:31:42	44	11	0
Apr 18, 2014 17:31:43	40	17	0
Apr 18, 2014 17:31:44	54	20	0
Apr 18, 2014 17:31:45	47	29	0
Apr 18, 2014 17:31:47	57	27	0
Apr 18, 2014 17:31:48	56	38	0
Apr 18, 2014 17:31:49	47	63	0
Apr 18, 2014 17:31:50	51	57	0
Apr 18, 2014 17:31:51	53	60	0
Apr 18, 2014 17:31:52	56	53	0
Apr 18, 2014 17:31:53	61	41	0
Apr 18, 2014 17:31:54	53	54	0
Apr 18, 2014 17:31:55	48	78	0
Apr 18, 2014 17:31:56	56	81	0
Apr 18, 2014 17:31:57	69	64	0
Apr 18, 2014 17:31:58	77	51	0
Apr 18, 2014 17:31:59	66	61	0
Apr 18, 2014 17:32:00	50	35	0
Apr 18, 2014 17:32:01	29	51	0
Apr 18, 2014 17:32:02	30	34	0
Apr 18, 2014 17:32:03	41	17	0
Apr 18, 2014 17:32:04	64	38	0
Apr 18, 2014 17:32:05	74	27	0
Apr 18, 2014 17:32:06	74	43	0
Apr 18, 2014 17:32:07	44	37	0
Apr 18, 2014 17:32:08	34	26	0
Apr 18, 2014 17:32:09	35	35	0
Apr 18, 2014 17:32:10	21	37	0
Apr 18, 2014 17:32:11	37	64	0
Apr 18, 2014 17:32:12	38	70	0
Apr 18, 2014 17:32:13	35	60	0
Apr 18, 2014 17:32:14	56	57	0
Apr 18, 2014 17:32:15	74	38	0
Apr 18, 2014 17:32:16	75	40	0
Apr 18, 2014 17:32:17	80	47	0
Apr 18, 2014 17:32:18	70	43	0
Apr 18, 2014 17:32:19	63	51	0
Apr 18, 2014 17:32:20	63	67	0
Apr 18, 2014 17:32:21	67	64	0
Apr 18, 2014 17:32:23	57	61	0
Apr 18, 2014 17:32:24	69	54	0
Apr 18, 2014 17:32:25	77	30	0
Apr 18, 2014 17:32:26	69	40	0
Apr 18, 2014 17:32:27	66	38	0
Apr 18, 2014 17:32:28	69	50	0
Apr 18, 2014 17:32:29	77	37	0
Apr 18, 2014 17:32:30	100	27	0
Apr 18, 2014 17:32:31	91	38	0
Apr 18, 2014 17:32:32	81	27	0
Apr 18, 2014 17:32:33	80	27	0
Apr 18, 2014 17:32:34	69	38	0
Apr 18, 2014 17:32:35	78	34	0
Apr 18, 2014 17:32:36	67	40	0
Apr 18, 2014 17:32:37	61	44	0
Apr 18, 2014 17:32:38	54	51	0
Apr 18, 2014 17:32:39	50	54	0
Apr 18, 2014 17:32:40	70	53	0
Apr 18, 2014 17:32:41	60	51	0
Apr 18, 2014 17:32:42	69	47	0
Apr 18, 2014 17:32:43	56	53	0
Apr 18, 2014 17:32:44	30	40	0
Apr 18, 2014 17:32:45	38	37	0
Apr 18, 2014 17:32:46	35	37	0
Apr 18, 2014 17:32:47	35	34	0
Apr 18, 2014 17:32:48	41	51	0
Apr 18, 2014 17:32:49	41	48	0
Apr 18, 2014 17:32:50	35	53	0
Apr 18, 2014 17:32:51	44	64	0
Apr 18, 2014 17:32:52	57	64	0
Apr 18, 2014 17:32:53	61	75	0
Apr 18, 2014 17:32:54	61	61	0
Apr 18, 2014 17:32:55	53	54	0
Apr 18, 2014 17:32:56	34	51	0
Apr 18, 2014 17:32:57	43	40	0
Apr 18, 2014 17:32:59	63	24	0
Apr 18, 2014 17:33:00	69	26	0
Apr 18, 2014 17:33:01	66	29	0
Apr 18, 2014 17:33:02	66	23	0
Apr 18, 2014 17:33:03	56	35	0
Apr 18, 2014 17:33:04	61	35	0
Apr 18, 2014 17:33:05	60	48	0
Apr 18, 2014 17:33:06	56	57	0
Apr 18, 2014 17:33:07	51	61	0
Apr 18, 2014 17:33:08	57	57	0
Apr 18, 2014 17:33:09	66	48	0
Apr 18, 2014 17:33:10	63	53	0
Apr 18, 2014 17:33:11	70	41	0
Apr 18, 2014 17:33:12	69	40	0
Apr 18, 2014 17:33:13	66	40	0
Apr 18, 2014 17:33:14	66	24	0
Apr 18, 2014 17:33:15	54	23	0
Apr 18, 2014 17:33:16	57	29	0
Apr 18, 2014 17:33:17	57	37	0
Apr 18, 2014 17:33:18	51	57	0
Apr 18, 2014 17:33:19	50	70	0
Apr 18, 2014 17:33:20	41	64	0
Apr 18, 2014 17:33:21	48	64	0
Apr 18, 2014 17:33:22	38	51	0
Apr 18, 2014 17:33:23	54	43	0
Apr 18, 2014 17:33:24	66	34	0
Apr 18, 2014 17:33:25	66	34	0
Apr 18, 2014 17:33:26	57	24	0
Apr 18, 2014 17:33:27	50	21	0
Apr 18, 2014 17:33:28	41	27	0
Apr 18, 2014 17:33:29	50	44	0
Apr 18, 2014 17:33:30	61	43	0
Apr 18, 2014 17:33:31	57	43	0
Apr 18, 2014 17:33:32	67	43	0
Apr 18, 2014 17:33:34	75	30	0
Apr 18, 2014 17:33:35	60	24	0
Apr 18, 2014 17:33:36	66	24	0
Apr 18, 2014 17:33:37	57	29	0
Apr 18, 2014 17:33:38	54	41	0
Apr 18, 2014 17:33:39	50	48	0
Apr 18, 2014 17:33:40	43	43	0
Apr 18, 2014 17:33:41	57	47	0
Apr 18, 2014 17:33:42	60	47	0
Apr 18, 2014 17:33:43	60	50	0
Apr 18, 2014 17:33:44	69	54	0
Apr 18, 2014 17:33:45	60	43	0
Apr 18, 2014 17:33:46	50	34	0
Apr 18, 2014 17:33:47	66	23	0
Apr 18, 2014 17:33:48	57	13	0
Apr 18, 2014 17:33:49	69	7	0
Apr 18, 2014 17:33:50	84	14	0
Apr 18, 2014 17:33:51	80	26	0
Apr 18, 2014 17:33:52	83	40	0
Apr 18, 2014 17:33:53	75	64	0
Apr 18, 2014 17:33:54	69	63	0
Apr 18, 2014 17:33:55	67	64	0
Apr 18, 2014 17:33:56	57	67	0
Apr 18, 2014 17:33:57	50	54	0
Apr 18, 2014 17:33:58	50	56	0
Apr 18, 2014 17:33:59	50	21	0
Apr 18, 2014 17:34:00	77	13	0
Apr 18, 2014 17:34:01	87	11	0
Apr 18, 2014 17:34:02	87	20	0
Apr 18, 2014 17:34:03	96	29	0
Apr 18, 2014 17:34:04	83	35	0
Apr 18, 2014 17:34:05	83	34	0
Apr 18, 2014 17:34:06	70	30	0
Apr 18, 2014 17:34:07	69	37	0
Apr 18, 2014 17:34:08	69	38	0
Apr 18, 2014 17:34:10	67	37	0
Apr 18, 2014 17:34:11	91	41	0
Apr 18, 2014 17:34:12	80	23	0
Apr 18, 2014 17:34:13	81	24	0
Apr 18, 2014 17:34:14	75	23	0
Apr 18, 2014 17:34:15	51	21	0
Apr 18, 2014 17:34:16	56	35	0
Apr 18, 2014 17:34:17	47	27	0
Apr 18, 2014 17:34:18	43	41	0
Apr 18, 2014 17:34:19	53	27	0
Apr 18, 2014 17:34:20	53	23	0
Apr 18, 2014 17:34:21	63	17	0
Apr 18, 2014 17:34:22	60	21	0
Apr 18, 2014 17:34:23	61	34	0
Apr 18, 2014 17:34:24	77	34	0
Apr 18, 2014 17:34:25	66	60	0
Apr 18, 2014 17:34:26	57	47	0
Apr 18, 2014 17:34:27	61	38	0
Apr 18, 2014 17:34:28	44	38	0
Apr 18, 2014 17:34:29	44	23	0
Apr 18, 2014 17:34:30	61	47	0
Apr 18, 2014 17:34:31	64	53	0
Apr 18, 2014 17:34:32	74	57	0
Apr 18, 2014 17:34:33	61	53	0
Apr 18, 2014 17:34:34	54	56	0
Apr 18, 2014 17:34:35	64	53	0
Apr 18, 2014 17:34:36	74	44	0
Apr 18, 2014 17:34:37	90	41	0
Apr 18, 2014 17:34:38	87	47	0
Apr 18, 2014 17:34:39	75	56	0
Apr 18, 2014 17:34:40	51	66	0
Apr 18, 2014 17:34:41	37	70	0
Apr 18, 2014 17:34:42	44	67	0
Apr 18, 2014 17:34:43	48	61	0
Apr 18, 2014 17:34:44	67	47	0
Apr 18, 2014 17:34:45	83	40	0
Apr 18, 2014 17:34:47	75	29	0
Apr 18, 2014 17:34:48	75	34	0
Apr 18, 2014 17:34:49	75	41	0
Apr 18, 2014 17:34:50	80	43	0
Apr 18, 2014 17:34:51	75	51	0
Apr 18, 2014 17:34:52	74	53	0
Apr 18, 2014 17:34:53	50	41	0
Apr 18, 2014 17:34:54	40	27	0
Apr 18, 2014 17:34:55	63	14	0
Apr 18, 2014 17:34:56	80	1	0
Apr 18, 2014 17:34:57	100	8	0
Apr 18, 2014 17:34:58	91	23	0
Apr 18, 2014 17:34:59	78	26	0
Apr 18, 2014 17:35:00	60	44	0
Apr 18, 2014 17:35:01	60	43	0
Apr 18, 2014 17:35:02	88	37	0
Apr 18, 2014 17:35:03	93	29	0
Apr 18, 2014 17:35:04	83	26	0
Apr 18, 2014 17:35:05	57	53	0
Apr 18, 2014 17:35:06	50	56	0
Apr 18, 2014 17:35:07	54	60	0
Apr 18, 2014 17:35:08	66	63	0
Apr 18, 2014 17:35:09	78	38	0
Apr 18, 2014 17:35:10	74	30	0
Apr 18, 2014 17:35:11	74	26	0
Apr 18, 2014 17:35:12	41	21	0
Apr 18, 2014 17:35:13	35	23	0
Apr 18, 2014 17:35:14	47	23	0
Apr 18, 2014 17:35:15	44	23	0
Apr 18, 2014 17:35:16	67	37	0
Apr 18, 2014 17:35:17	81	38	0
Apr 18, 2014 17:35:18	66	38	0
Apr 18, 2014 17:35:19	66	40	0
Apr 18, 2014 17:35:20	69	29	0
Apr 18, 2014 17:35:21	57	21	0
Apr 18, 2014 17:35:23	61	23	0
Apr 18, 2014 17:35:24	77	13	0
Apr 18, 2014 17:35:25	75	30	0
Apr 18, 2014 17:35:26	96	30	0
Apr 18, 2014 17:35:27	100	23	0
Apr 18, 2014 17:35:28	100	35	0
Apr 18, 2014 17:35:29	100	26	0
Apr 18, 2014 17:35:30	88	34	0
Apr 18, 2014 17:35:31	74	44	0
Apr 18, 2014 17:35:32	53	30	0
Apr 18, 2014 17:35:33	57	37	0
Apr 18, 2014 17:35:34	60	35	0
Apr 18, 2014 17:35:35	83	35	0
Apr 18, 2014 17:35:36	81	27	0
Apr 18, 2014 17:35:37	74	40	0
Apr 18, 2014 17:35:38	61	30	0
Apr 18, 2014 17:35:39	47	43	0
Apr 18, 2014 17:35:40	30	41	0
Apr 18, 2014 17:35:41	27	30	0
Apr 18, 2014 17:35:42	40	40	0
Apr 18, 2014 17:35:43	51	34	0
Apr 18, 2014 17:35:44	77	27	0
Apr 18, 2014 17:35:45	93	13	0
Apr 18, 2014 17:35:46	100	11	0
Apr 18, 2014 17:35:47	91	8	0
Apr 18, 2014 17:35:48	80	14	0
Apr 18, 2014 17:35:49	61	34	0
Apr 18, 2014 17:35:50	53	38	0
Apr 18, 2014 17:35:51	47	38	0
Apr 18, 2014 17:35:52	54	37	0
Apr 18, 2014 17:35:53	61	35	0
Apr 18, 2014 17:35:54	66	37	0
Apr 18, 2014 17:35:55	63	51	0
Apr 18, 2014 17:35:56	69	47	0
Apr 18, 2014 17:35:57	81	35	0
Apr 18, 2014 17:35:59	91	24	0
Apr 18, 2014 17:36:00	100	1	0
Apr 18, 2014 17:36:01	100	7	0
Apr 18, 2014 17:36:02	96	13	0
Apr 18, 2014 17:36:03	88	16	0
Apr 18, 2014 17:36:04	75	24	0
Apr 18, 2014 17:36:05	70	24	0
Apr 18, 2014 17:36:06	60	27	0
Apr 18, 2014 17:36:07	38	30	0
Apr 18, 2014 17:36:08	50	23	0
Apr 18, 2014 17:36:09	54	11	0
Apr 18, 2014 17:36:10	60	20	0
Apr 18, 2014 17:36:11	77	24	0
Apr 18, 2014 17:36:12	84	23	0
Apr 18, 2014 17:36:13	60	37	0
Apr 18, 2014 17:36:14	69	13	0
Apr 18, 2014 17:36:15	81	16	0
Apr 18, 2014 17:36:16	74	14	0
Apr 18, 2014 17:36:17	77	7	0
Apr 18, 2014 17:36:18	66	21	0
Apr 18, 2014 17:36:19	57	21	0
Apr 18, 2014 17:36:20	56	35	0
Apr 18, 2014 17:36:21	74	47	0
Apr 18, 2014 17:36:22	77	43	0
Apr 18, 2014 17:36:23	81	40	0
Apr 18, 2014 17:36:24	77	38	0
Apr 18, 2014 17:36:25	69	38	0
Apr 18, 2014 17:36:26	74	29	0
Apr 18, 2014 17:36:27	70	14	0
Apr 18, 2014 17:36:28	80	14	0
Apr 18, 2014 17:36:29	70	14	0
Apr 18, 2014 17:36:30	67	16	0
Apr 18, 2014 17:36:31	60	27	0
Apr 18, 2014 17:36:32	56	24	0
Apr 18, 2014 17:36:33	56	35	0
Apr 18, 2014 17:36:35	57	40	0
Apr 18, 2014 17:36:36	84	24	0
Apr 18, 2014 17:36:37	97	11	0
Apr 18, 2014 17:36:38	81	10	0
Apr 18, 2014 17:36:39	64	13	0
Apr 18, 2014 17:36:40	53	26	0
Apr 18, 2014 17:36:41	47	35	0
Apr 18, 2014 17:36:42	61	40	0
Apr 18, 2014 17:36:43	57	37	0
Apr 18, 2014 17:36:44	57	37	0
Apr 18, 2014 17:36:45	66	23	0
Apr 18, 2014 17:36:46	74	20	0
Apr 18, 2014 17:36:47	80	21	0
Apr 18, 2014 17:36:48	84	34	0
Apr 18, 2014 17:36:49	78	34	0
Apr 18, 2014 17:36:50	66	27	0
Apr 18, 2014 17:36:51	74	20	0
Apr 18, 2014 17:36:52	78	8	0
Apr 18, 2014 17:36:53	61	11	0
Apr 18, 2014 17:36:54	66	20	0
Apr 18, 2014 17:36:55	50	17	0
Apr 18, 2014 17:36:56	35	27	0
Apr 18, 2014 17:36:57	48	26	0
Apr 18, 2014 17:36:58	37	16	0
Apr 18, 2014 17:36:59	57	24	0
Apr 18, 2014 17:37:00	78	14	0
Apr 18, 2014 17:37:01	87	16	0
Apr 18, 2014 17:37:02	87	21	0
Apr 18, 2014 17:37:03	88	21	0
Apr 18, 2014 17:37:04	88	23	0
Apr 18, 2014 17:37:05	78	29	0
Apr 18, 2014 17:37:06	81	37	0
Apr 18, 2014 17:37:07	69	37	0
Apr 18, 2014 17:37:08	61	38	0
Apr 18, 2014 17:37:09	44	37	0
Apr 18, 2014 17:37:11	34	38	0
Apr 18, 2014 17:37:12	43	35	0
Apr 18, 2014 17:37:13	56	24	0
Apr 18, 2014 17:37:14	75	30	0
Apr 18, 2014 17:37:15	81	40	0
Apr 18, 2014 17:37:16	74	50	0
Apr 18, 2014 17:37:17	64	63	0
Apr 18, 2014 17:37:18	60	64	0
Apr 18, 2014 17:37:19	63	57	0
Apr 18, 2014 17:37:20	54	66	0
Apr 18, 2014 17:37:21	60	51	0
Apr 18, 2014 17:37:22	67	40	0
Apr 18, 2014 17:37:23	64	34	0
Apr 18, 2014 17:37:24	83	23	0
Apr 18, 2014 17:37:25	84	29	0
Apr 18, 2014 17:37:26	78	29	0
Apr 18, 2014 17:37:27	70	40	0
Apr 18, 2014 17:37:28	54	38	0
Apr 18, 2014 17:37:29	47	50	0
Apr 18, 2014 17:37:30	41	69	0
Apr 18, 2014 17:37:31	47	67	0
Apr 18, 2014 17:37:32	54	77	0
Apr 18, 2014 17:37:33	43	56	0
Apr 18, 2014 17:37:34	50	38	0
Apr 18, 2014 17:37:35	53	37	0
Apr 18, 2014 17:37:36	51	34	0
Apr 18, 2014 17:37:37	66	35	0
Apr 18, 2014 17:37:38	60	38	0
Apr 18, 2014 17:37:39	56	30	0
Apr 18, 2014 17:37:40	38	30	0
Apr 18, 2014 17:37:41	40	20	0
Apr 18, 2014 17:37:42	24	38	0
Apr 18, 2014 17:37:43	24	38	0
Apr 18, 2014 17:37:44	26	40	0
Apr 18, 2014 17:37:45	21	41	0
Apr 18, 2014 17:37:46	27	29	0
Apr 18, 2014 17:37:48	35	23	0
Apr 18, 2014 17:37:49	47	30	0
Apr 18, 2014 17:37:50	56	30	0
Apr 18, 2014 17:37:51	50	27	0
Apr 18, 2014 17:37:52	43	30	0
Apr 18, 2014 17:37:53	40	27	0
Apr 18, 2014 17:37:54	34	23	0
Apr 18, 2014 17:37:55	24	16	0
Apr 18, 2014 17:37:56	24	24	0
Apr 18, 2014 17:37:57	11	24	0
Apr 18, 2014 17:37:58	30	26	0
Apr 18, 2014 17:37:59	43	43	0
Apr 18, 2014 17:38:00	51	38	0
Apr 18, 2014 17:38:01	69	40	0
Apr 18, 2014 17:38:02	61	44	0
Apr 18, 2014 17:38:03	54	47	0
Apr 18, 2014 17:38:04	63	43	0
Apr 18, 2014 17:38:05	61	48	0
Apr 18, 2014 17:38:06	60	47	0
Apr 18, 2014 17:38:07	51	27	0
Apr 18, 2014 17:38:08	50	17	0
Apr 18, 2014 17:38:09	61	21	0
Apr 18, 2014 17:38:10	77	27	0
Apr 18, 2014 17:38:11	66	35	0
Apr 18, 2014 17:38:12	43	27	0
Apr 18, 2014 17:38:13	50	23	0
Apr 18, 2014 17:38:14	44	34	0
Apr 18, 2014 17:38:15	56	37	0
Apr 18, 2014 17:38:16	67	40	0
Apr 18, 2014 17:38:17	51	56	0
Apr 18, 2014 17:38:18	56	53	0
Apr 18, 2014 17:38:19	60	43	0
Apr 18, 2014 17:38:20	63	43	0
Apr 18, 2014 17:38:21	53	17	0
Apr 18, 2014 17:38:23	56	20	0
Apr 18, 2014 17:38:24	34	20	0
Apr 18, 2014 17:38:25	24	24	0
Apr 18, 2014 17:38:26	48	38	0
Apr 18, 2014 17:38:27	56	24	0
Apr 18, 2014 17:38:28	64	41	0
Apr 18, 2014 17:38:29	69	41	0
Apr 18, 2014 17:38:30	60	47	0
Apr 18, 2014 17:38:31	54	56	0
Apr 18, 2014 17:38:32	60	44	0
Apr 18, 2014 17:38:33	70	35	0
Apr 18, 2014 17:38:34	74	30	0
Apr 18, 2014 17:38:35	67	23	0
Apr 18, 2014 17:38:36	60	37	0
Apr 18, 2014 17:38:37	60	35	0
Apr 18, 2014 17:38:38	61	37	0
Apr 18, 2014 17:38:39	60	37	0
Apr 18, 2014 17:38:40	41	47	0
Apr 18, 2014 17:38:41	29	38	0
Apr 18, 2014 17:38:42	16	44	0
Apr 18, 2014 17:38:43	38	35	0
Apr 18, 2014 17:38:44	44	35	0
Apr 18, 2014 17:38:45	50	41	0
Apr 18, 2014 17:38:46	41	24	0
Apr 18, 2014 17:38:47	17	17	0
Apr 18, 2014 17:38:48	21	10	0
Apr 18, 2014 17:38:49	16	1	0
Apr 18, 2014 17:38:50	26	7	0
Apr 18, 2014 17:38:51	24	11	0
Apr 18, 2014 17:38:52	27	13	0
Apr 18, 2014 17:38:53	44	10	0
Apr 18, 2014 17:38:54	40	13	0
Apr 18, 2014 17:38:55	60	21	0
Apr 18, 2014 17:38:56	54	14	0
Apr 18, 2014 17:38:57	57	23	0
Apr 18, 2014 17:38:59	54	20	0
Apr 18, 2014 17:39:00	48	23	0
Apr 18, 2014 17:39:01	50	37	0
Apr 18, 2014 17:39:02	44	38	0
Apr 18, 2014 17:39:03	50	41	0
Apr 18, 2014 17:39:04	50	41	0
Apr 18, 2014 17:39:05	66	21	0
Apr 18, 2014 17:39:06	63	14	0
Apr 18, 2014 17:39:07	84	8	0
Apr 18, 2014 17:39:08	94	4	0
Apr 18, 2014 17:39:09	74	11	0
Apr 18, 2014 17:39:10	61	35	0
Apr 18, 2014 17:39:11	51	53	0
Apr 18, 2014 17:39:12	47	53	0
Apr 18, 2014 17:39:13	47	66	0
Apr 18, 2014 17:39:14	47	60	0
Apr 18, 2014 17:39:15	47	61	0
Apr 18, 2014 17:39:16	60	69	0
Apr 18, 2014 17:39:17	60	66	0
Apr 18, 2014 17:39:18	47	70	0
Apr 18, 2014 17:39:19	38	60	0
Apr 18, 2014 17:39:20	37	63	0
Apr 18, 2014 17:39:21	35	60	0
Apr 18, 2014 17:39:22	27	50	0
Apr 18, 2014 17:39:23	43	48	0
Apr 18, 2014 17:39:24	48	35	0
Apr 18, 2014 17:39:25	60	27	0
Apr 18, 2014 17:39:26	64	27	0
Apr 18, 2014 17:39:27	56	29	0
Apr 18, 2014 17:39:28	51	35	0
Apr 18, 2014 17:39:29	41	30	0
Apr 18, 2014 17:39:30	53	30	0
Apr 18, 2014 17:39:31	57	29	0
Apr 18, 2014 17:39:33	54	38	0
Apr 18, 2014 17:39:34	64	47	0
Apr 18, 2014 17:39:35	64	48	0
Apr 18, 2014 17:39:36	60	53	0
Apr 18, 2014 17:39:37	57	41	0
Apr 18, 2014 17:39:38	41	26	0
Apr 18, 2014 17:39:39	37	29	0
Apr 18, 2014 17:39:40	29	29	0
Apr 18, 2014 17:39:41	37	23	0
Apr 18, 2014 17:39:42	35	14	0
Apr 18, 2014 17:39:43	35	14	0
Apr 18, 2014 17:39:44	40	7	0
Apr 18, 2014 17:39:45	41	3	0
Apr 18, 2014 17:39:46	48	23	0
Apr 18, 2014 17:39:47	48	37	0
Apr 18, 2014 17:39:48	53	35	0
Apr 18, 2014 17:39:49	54	44	0
Apr 18, 2014 17:39:50	44	35	0
Apr 18, 2014 17:39:51	38	21	0
Apr 18, 2014 17:39:52	41	23	0
Apr 18, 2014 17:39:53	63	13	0
Apr 18, 2014 17:39:54	61	4	0
Apr 18, 2014 17:39:55	56	10	0
Apr 18, 2014 17:39:56	47	8	0
Apr 18, 2014 17:39:57	24	23	0
Apr 18, 2014 17:39:58	40	26	0
Apr 18, 2014 17:39:59	43	24	0
Apr 18, 2014 17:40:00	50	24	0
Apr 18, 2014 17:40:01	53	26	0
Apr 18, 2014 17:40:02	38	20	0
Apr 18, 2014 17:40:03	51	20	0
Apr 18, 2014 17:40:04	47	30	0
Apr 18, 2014 17:40:05	50	23	0
Apr 18, 2014 17:40:06	53	38	0
Apr 18, 2014 17:40:07	57	30	0
Apr 18, 2014 17:40:09	50	23	0
Apr 18, 2014 17:40:10	56	27	0
Apr 18, 2014 17:40:11	57	24	0
Apr 18, 2014 17:40:12	50	29	0
Apr 18, 2014 17:40:13	30	16	0
Apr 18, 2014 17:40:14	26	30	0
Apr 18, 2014 17:40:15	24	35	0
Apr 18, 2014 17:40:16	23	43	0
Apr 18, 2014 17:40:17	27	44	0
Apr 18, 2014 17:40:18	40	38	0
Apr 18, 2014 17:40:19	47	50	0
Apr 18, 2014 17:40:20	40	29	0
Apr 18, 2014 17:40:21	50	38	0
Apr 18, 2014 17:40:22	47	20	0
Apr 18, 2014 17:40:23	51	13	0
Apr 18, 2014 17:40:24	54	26	0
Apr 18, 2014 17:40:25	44	17	0
Apr 18, 2014 17:40:26	41	37	0
Apr 18, 2014 17:40:27	43	35	0
Apr 18, 2014 17:40:28	37	29	0
Apr 18, 2014 17:40:29	35	35	0
Apr 18, 2014 17:40:30	41	37	0
Apr 18, 2014 17:40:31	24	35	0
Apr 18, 2014 17:40:32	26	27	0
Apr 18, 2014 17:40:33	29	27	0
Apr 18, 2014 17:40:34	24	23	0
Apr 18, 2014 17:40:35	38	23	0
Apr 18, 2014 17:40:36	57	24	0
Apr 18, 2014 17:40:37	60	30	0
Apr 18, 2014 17:40:38	69	27	0
Apr 18, 2014 17:40:39	77	27	0
Apr 18, 2014 17:40:40	74	40	0
Apr 18, 2014 17:40:41	74	13	0
Apr 18, 2014 17:40:42	69	23	0
Apr 18, 2014 17:40:43	44	27	0
Apr 18, 2014 17:40:45	27	34	0
Apr 18, 2014 17:40:46	27	41	0
Apr 18, 2014 17:40:47	10	29	0
Apr 18, 2014 17:40:48	14	27	0
Apr 18, 2014 17:40:49	11	17	0
Apr 18, 2014 17:40:50	20	14	0
Apr 18, 2014 17:40:51	27	23	0
Apr 18, 2014 17:40:52	47	14	0
Apr 18, 2014 17:40:53	53	35	0
Apr 18, 2014 17:40:54	60	35	0
Apr 18, 2014 17:40:55	61	43	0
Apr 18, 2014 17:40:56	44	47	0
Apr 18, 2014 17:40:57	53	47	0
Apr 18, 2014 17:40:58	57	51	0
Apr 18, 2014 17:40:59	64	44	0
Apr 18, 2014 17:41:00	74	40	0
Apr 18, 2014 17:41:01	50	34	0
Apr 18, 2014 17:41:02	35	29	0
Apr 18, 2014 17:41:03	35	29	0
Apr 18, 2014 17:41:04	24	48	0
Apr 18, 2014 17:41:05	47	43	0
Apr 18, 2014 17:41:06	48	44	0
Apr 18, 2014 17:41:07	44	17	0
Apr 18, 2014 17:41:08	44	10	0
Apr 18, 2014 17:41:09	43	23	0
Apr 18, 2014 17:41:10	47	27	0
Apr 18, 2014 17:41:11	53	40	0
Apr 18, 2014 17:41:12	63	43	0
Apr 18, 2014 17:41:13	56	37	0
Apr 18, 2014 17:41:14	56	43	0
Apr 18, 2014 17:41:15	57	48	0
Apr 18, 2014 17:41:16	47	41	0
Apr 18, 2014 17:41:17	48	48	0
Apr 18, 2014 17:41:18	53	41	0
Apr 18, 2014 17:41:20	51	48	0
Apr 18, 2014 17:41:21	57	61	0
Apr 18, 2014 17:41:22	60	51	0
Apr 18, 2014 17:41:23	50	56	0
Apr 18, 2014 17:41:24	43	50	0
Apr 18, 2014 17:41:25	37	43	0
Apr 18, 2014 17:41:26	30	54	0
Apr 18, 2014 17:41:27	29	37	0
Apr 18, 2014 17:41:28	35	27	0
Apr 18, 2014 17:41:29	35	24	0
Apr 18, 2014 17:41:30	30	14	0
Apr 18, 2014 17:41:31	29	34	0
Apr 18, 2014 17:41:32	37	37	0
Apr 18, 2014 17:41:33	38	50	0
Apr 18, 2014 17:41:34	57	48	0
Apr 18, 2014 17:41:35	63	48	0
Apr 18, 2014 17:41:36	56	38	0
Apr 18, 2014 17:41:37	50	23	0
Apr 18, 2014 17:41:38	29	24	0
Apr 18, 2014 17:41:39	16	16	0
Apr 18, 2014 17:41:40	17	35	0
Apr 18, 2014 17:41:41	13	38	0
Apr 18, 2014 17:41:42	26	43	0
Apr 18, 2014 17:41:43	23	37	0
Apr 18, 2014 17:41:44	35	43	0
Apr 18, 2014 17:41:45	27	47	0
Apr 18, 2014 17:41:46	38	43	0
Apr 18, 2014 17:41:47	47	41	0
Apr 18, 2014 17:41:48	41	38	0
Apr 18, 2014 17:41:49	43	23	0
Apr 18, 2014 17:41:50	43	27	0
Apr 18, 2014 17:41:51	43	35	0
Apr 18, 2014 17:41:52	50	30	0
Apr 18, 2014 17:41:53	43	27	0
Apr 18, 2014 17:41:55	47	24	0
Apr 18, 2014 17:41:56	34	23	0
Apr 18, 2014 17:41:57	38	16	0
Apr 18, 2014 17:41:58	44	26	0
Apr 18, 2014 17:41:59	51	30	0
Apr 18, 2014 17:42:00	66	30	0
Apr 18, 2014 17:42:01	60	37	0
Apr 18, 2014 17:42:02	70	41	0
Apr 18, 2014 17:42:03	60	41	0
Apr 18, 2014 17:42:04	56	40	0
Apr 18, 2014 17:42:05	56	47	0
Apr 18, 2014 17:42:06	37	47	0
Apr 18, 2014 17:42:07	35	43	0
Apr 18, 2014 17:42:08	37	53	0
Apr 18, 2014 17:42:09	34	56	0
Apr 18, 2014 17:42:10	38	63	0
Apr 18, 2014 17:42:11	27	56	0
Apr 18, 2014 17:42:12	35	40	0
Apr 18, 2014 17:42:13	47	16	0
Apr 18, 2014 17:42:14	47	23	0
Apr 18, 2014 17:42:15	40	37	0
Apr 18, 2014 17:42:16	27	54	0
Apr 18, 2014 17:42:17	30	60	0
Apr 18, 2014 17:42:18	29	50	0
Apr 18, 2014 17:42:19	37	51	0
Apr 18, 2014 17:42:20	41	51	0
Apr 18, 2014 17:42:21	51	37	0
Apr 18, 2014 17:42:22	60	37	0
Apr 18, 2014 17:42:23	41	35	0
Apr 18, 2014 17:42:24	40	29	0
Apr 18, 2014 17:42:25	29	34	0
Apr 18, 2014 17:42:26	26	35	0
Apr 18, 2014 17:42:27	40	34	0
Apr 18, 2014 17:42:28	41	43	0
Apr 18, 2014 17:42:29	35	37	0
Apr 18, 2014 17:42:30	35	57	0
Apr 18, 2014 17:42:32	34	41	0
Apr 18, 2014 17:42:33	29	40	0
Apr 18, 2014 17:42:34	24	53	0
Apr 18, 2014 17:42:35	16	41	0
Apr 18, 2014 17:42:36	8	53	0
Apr 18, 2014 17:42:37	4	48	0
Apr 18, 2014 17:42:38	10	40	0
Apr 18, 2014 17:42:39	21	29	0
Apr 18, 2014 17:42:40	24	38	0
Apr 18, 2014 17:42:41	26	38	0
Apr 18, 2014 17:42:42	29	43	0
Apr 18, 2014 17:42:43	17	48	0
Apr 18, 2014 17:42:44	13	51	0
Apr 18, 2014 17:42:45	10	50	0
Apr 18, 2014 17:42:46	14	51	0
Apr 18, 2014 17:42:47	26	53	0
Apr 18, 2014 17:42:48	23	53	0
Apr 18, 2014 17:42:49	27	54	0
Apr 18, 2014 17:42:50	40	50	0
Apr 18, 2014 17:42:51	34	48	0
Apr 18, 2014 17:42:52	24	41	0
Apr 18, 2014 17:42:53	30	38	0
Apr 18, 2014 17:42:54	24	37	0
Apr 18, 2014 17:42:55	30	35	0
Apr 18, 2014 17:42:56	50	43	0
Apr 18, 2014 17:42:57	56	51	0
Apr 18, 2014 17:42:58	63	64	0
Apr 18, 2014 17:42:59	48	56	0
Apr 18, 2014 17:43:00	35	44	0
Apr 18, 2014 17:43:01	24	41	0
Apr 18, 2014 17:43:02	21	30	0
Apr 18, 2014 17:43:03	26	34	0
Apr 18, 2014 17:43:04	30	37	0
Apr 18, 2014 17:43:05	27	41	0
Apr 18, 2014 17:43:06	16	48	0
Apr 18, 2014 17:43:08	16	57	0
Apr 18, 2014 17:43:09	3	54	0
Apr 18, 2014 17:43:10	3	60	0
Apr 18, 2014 17:43:11	10	51	0
Apr 18, 2014 17:43:12	3	35	0
Apr 18, 2014 17:43:13	10	37	0
Apr 18, 2014 17:43:14	4	35	0
Apr 18, 2014 17:43:15	1	27	0
Apr 18, 2014 17:43:16	10	26	0
Apr 18, 2014 17:43:17	11	24	0
Apr 18, 2014 17:43:18	21	38	0
Apr 18, 2014 17:43:19	17	51	0
Apr 18, 2014 17:43:20	14	56	0
Apr 18, 2014 17:43:21	14	51	0
Apr 18, 2014 17:43:22	11	48	0
Apr 18, 2014 17:43:23	17	44	0
Apr 18, 2014 17:43:24	34	37	0
Apr 18, 2014 17:43:25	29	38	0
Apr 18, 2014 17:43:26	34	41	0
Apr 18, 2014 17:43:27	29	44	0
Apr 18, 2014 17:43:28	11	48	0
Apr 18, 2014 17:43:29	8	40	0
Apr 18, 2014 17:43:30	7	30	0
Apr 18, 2014 17:43:31	16	27	0
Apr 18, 2014 17:43:32	35	26	0
Apr 18, 2014 17:43:33	40	23	0
Apr 18, 2014 17:43:34	51	37	0
Apr 18, 2014 17:43:35	41	43	0
Apr 18, 2014 17:43:36	27	56	0
Apr 18, 2014 17:43:37	47	63	0
Apr 18, 2014 17:43:38	43	64	0
Apr 18, 2014 17:43:39	51	57	0
Apr 18, 2014 17:43:40	41	53	0
Apr 18, 2014 17:43:41	29	60	0
Apr 18, 2014 17:43:42	34	53	0
Apr 18, 2014 17:43:44	21	51	0
Apr 18, 2014 17:43:45	29	57	0
Apr 18, 2014 17:43:46	30	48	0
Apr 18, 2014 17:43:47	29	38	0
Apr 18, 2014 17:43:48	21	11	0
Apr 18, 2014 17:43:49	11	11	0
Apr 18, 2014 17:43:50	4	10	0
Apr 18, 2014 17:43:51	23	23	0
Apr 18, 2014 17:43:52	27	26	0
Apr 18, 2014 17:43:53	23	21	0
Apr 18, 2014 17:43:54	16	24	0
Apr 18, 2014 17:43:55	7	21	0
Apr 18, 2014 17:43:56	13	30	0
Apr 18, 2014 17:43:57	24	48	0
Apr 18, 2014 17:43:58	23	56	0
Apr 18, 2014 17:43:59	16	64	0
Apr 18, 2014 17:44:00	17	64	0
Apr 18, 2014 17:44:01	23	69	0
Apr 18, 2014 17:44:02	34	74	0
Apr 18, 2014 17:44:03	50	61	0
Apr 18, 2014 17:44:04	29	51	0
Apr 18, 2014 17:44:05	29	37	0
Apr 18, 2014 17:44:06	37	35	0
Apr 18, 2014 17:44:07	34	26	0
Apr 18, 2014 17:44:08	44	40	0
Apr 18, 2014 17:44:09	23	40	0
Apr 18, 2014 17:44:10	17	37	0
Apr 18, 2014 17:44:11	21	50	0
Apr 18, 2014 17:44:12	30	47	0
Apr 18, 2014 17:44:13	44	51	0
Apr 18, 2014 17:44:14	43	60	0
Apr 18, 2014 17:44:15	27	47	0
Apr 18, 2014 17:44:16	34	43	0
Apr 18, 2014 17:44:17	35	41	0
Apr 18, 2014 17:44:18	44	57	0
Apr 18, 2014 17:44:20	29	64	0
Apr 18, 2014 17:44:21	24	53	0
Apr 18, 2014 17:44:22	20	54	0
Apr 18, 2014 17:44:23	17	50	0
Apr 18, 2014 17:44:24	30	57	0
Apr 18, 2014 17:44:25	37	74	0
Apr 18, 2014 17:44:26	50	67	0
Apr 18, 2014 17:44:27	37	56	0
Apr 18, 2014 17:44:28	26	53	0
Apr 18, 2014 17:44:29	24	53	0
Apr 18, 2014 17:44:30	26	53	0
Apr 18, 2014 17:44:31	24	51	0
Apr 18, 2014 17:44:32	17	44	0
Apr 18, 2014 17:44:33	27	35	0
Apr 18, 2014 17:44:34	8	17	0
Apr 18, 2014 17:44:35	17	27	0
Apr 18, 2014 17:44:36	29	27	0
Apr 18, 2014 17:44:37	21	30	0
Apr 18, 2014 17:44:38	23	44	0
Apr 18, 2014 17:44:39	26	41	0
Apr 18, 2014 17:44:40	26	44	0
Apr 18, 2014 17:44:41	26	43	0
Apr 18, 2014 17:44:42	35	40	0
Apr 18, 2014 17:44:43	23	37	0
Apr 18, 2014 17:44:44	10	27	0
Apr 18, 2014 17:44:45	11	37	0
Apr 18, 2014 17:44:46	16	44	0
Apr 18, 2014 17:44:47	24	53	0
Apr 18, 2014 17:44:48	26	50	0
Apr 18, 2014 17:44:49	24	53	0
Apr 18, 2014 17:44:50	26	51	0
Apr 18, 2014 17:44:51	34	51	0
Apr 18, 2014 17:44:52	23	43	0
Apr 18, 2014 17:44:53	16	30	0
Apr 18, 2014 17:44:55	8	30	0
Apr 18, 2014 17:44:56	14	37	0
Apr 18, 2014 17:44:57	14	56	0
Apr 18, 2014 17:44:58	10	51	0
Apr 18, 2014 17:44:59	20	54	0
Apr 18, 2014 17:45:00	20	53	0
Apr 18, 2014 17:45:01	40	51	0
Apr 18, 2014 17:45:02	47	56	0
Apr 18, 2014 17:45:03	51	50	0
Apr 18, 2014 17:45:04	60	50	0
Apr 18, 2014 17:45:05	50	43	0
Apr 18, 2014 17:45:06	57	43	0
Apr 18, 2014 17:45:07	47	43	0
Apr 18, 2014 17:45:08	35	38	0
Apr 18, 2014 17:45:09	29	23	0
Apr 18, 2014 17:45:10	7	14	0
Apr 18, 2014 17:45:11	10	14	0
Apr 18, 2014 17:45:12	16	17	0
Apr 18, 2014 17:45:13	27	16	0
Apr 18, 2014 17:45:14	43	27	0
Apr 18, 2014 17:45:15	37	30	0
Apr 18, 2014 17:45:16	37	35	0
Apr 18, 2014 17:45:17	37	54	0
Apr 18, 2014 17:45:18	37	44	0
Apr 18, 2014 17:45:19	44	44	0
Apr 18, 2014 17:45:20	56	40	0
Apr 18, 2014 17:45:21	56	54	0
Apr 18, 2014 17:45:22	50	66	0
Apr 18, 2014 17:45:23	43	77	0
Apr 18, 2014 17:45:24	30	64	0
Apr 18, 2014 17:45:25	44	61	0
Apr 18, 2014 17:45:26	57	51	0
Apr 18, 2014 17:45:27	57	48	0
Apr 18, 2014 17:45:28	70	54	0
Apr 18, 2014 17:45:29	64	54	0
Apr 18, 2014 17:45:30	64	51	0
Apr 18, 2014 17:45:32	44	35	0
Apr 18, 2014 17:45:33	35	23	0
Apr 18, 2014 17:45:34	27	20	0
Apr 18, 2014 17:45:35	24	27	0
Apr 18, 2014 17:45:36	35	38	0
Apr 18, 2014 17:45:37	48	50	0
Apr 18, 2014 17:45:38	50	50	0
Apr 18, 2014 17:45:39	44	37	0
Apr 18, 2014 17:45:40	44	37	0
Apr 18, 2014 17:45:41	27	40	0
Apr 18, 2014 17:45:42	27	40	0
Apr 18, 2014 17:45:43	47	44	0
Apr 18, 2014 17:45:44	64	43	0
Apr 18, 2014 17:45:45	64	43	0
Apr 18, 2014 17:45:46	50	35	0
Apr 18, 2014 17:45:47	37	51	0
Apr 18, 2014 17:45:48	20	57	0
Apr 18, 2014 17:45:49	23	38	0
Apr 18, 2014 17:45:50	30	40	0
Apr 18, 2014 17:45:51	24	17	0
Apr 18, 2014 17:45:52	26	27	0
Apr 18, 2014 17:45:53	29	24	0
Apr 18, 2014 17:45:54	47	27	0
Apr 18, 2014 17:45:55	44	21	0
Apr 18, 2014 17:45:56	50	24	0
Apr 18, 2014 17:45:57	34	26	0
Apr 18, 2014 17:45:58	26	30	0
Apr 18, 2014 17:45:59	38	38	0
Apr 18, 2014 17:46:00	43	47	0
Apr 18, 2014 17:46:01	47	41	0
Apr 18, 2014 17:46:02	44	50	0
Apr 18, 2014 17:46:03	30	44	0
Apr 18, 2014 17:46:04	26	40	0
Apr 18, 2014 17:46:05	37	38	0
Apr 18, 2014 17:46:06	40	37	0
Apr 18, 2014 17:46:08	50	44	0
Apr 18, 2014 17:46:09	54	51	0
Apr 18, 2014 17:46:10	48	54	0
Apr 18, 2014 17:46:11	35	53	0
Apr 18, 2014 17:46:12	41	51	0
Apr 18, 2014 17:46:13	27	47	0
Apr 18, 2014 17:46:14	27	44	0
Apr 18, 2014 17:46:15	30	43	0
Apr 18, 2014 17:46:16	16	34	0
Apr 18, 2014 17:46:17	24	26	0
Apr 18, 2014 17:46:18	35	37	0
Apr 18, 2014 17:46:19	47	43	0
Apr 18, 2014 17:46:20	64	50	0
Apr 18, 2014 17:46:21	64	51	0
Apr 18, 2014 17:46:22	60	54	0
Apr 18, 2014 17:46:23	50	60	0
Apr 18, 2014 17:46:24	50	56	0
Apr 18, 2014 17:46:25	51	44	0
Apr 18, 2014 17:46:26	44	51	0
Apr 18, 2014 17:46:27	34	38	0
Apr 18, 2014 17:46:28	53	35	0
Apr 18, 2014 17:46:29	47	40	0
Apr 18, 2014 17:46:30	51	38	0
Apr 18, 2014 17:46:31	53	44	0
Apr 18, 2014 17:46:32	37	63	0
Apr 18, 2014 17:46:33	44	67	0
Apr 18, 2014 17:46:34	43	48	0
Apr 18, 2014 17:46:35	40	48	0
Apr 18, 2014 17:46:36	38	34	0
Apr 18, 2014 17:46:37	40	34	0
Apr 18, 2014 17:46:38	48	35	0
Apr 18, 2014 17:46:39	60	35	0
Apr 18, 2014 17:46:40	64	27	0
Apr 18, 2014 17:46:41	56	26	0
Apr 18, 2014 17:46:43	51	37	0
Apr 18, 2014 17:46:44	44	27	0
Apr 18, 2014 17:46:45	50	35	0
Apr 18, 2014 17:46:46	50	41	0
Apr 18, 2014 17:46:47	47	51	0
Apr 18, 2014 17:46:48	38	70	0
Apr 18, 2014 17:46:49	30	83	0
Apr 18, 2014 17:46:50	30	90	0
Apr 18, 2014 17:46:51	23	77	0
Apr 18, 2014 17:46:52	40	60	0
Apr 18, 2014 17:46:53	43	40	0
Apr 18, 2014 17:46:54	53	38	0
Apr 18, 2014 17:46:55	50	34	0
Apr 18, 2014 17:46:56	50	37	0
Apr 18, 2014 17:46:57	53	37	0
Apr 18, 2014 17:46:58	60	44	0
Apr 18, 2014 17:46:59	56	56	0
Apr 18, 2014 17:47:00	57	63	0
Apr 18, 2014 17:47:01	54	64	0
Apr 18, 2014 17:47:02	54	57	0
Apr 18, 2014 17:47:03	54	47	0
Apr 18, 2014 17:47:04	54	35	0
Apr 18, 2014 17:47:05	53	34	0
Apr 18, 2014 17:47:06	47	37	0
Apr 18, 2014 17:47:07	54	41	0
Apr 18, 2014 17:47:08	47	34	0
Apr 18, 2014 17:47:09	47	41	0
Apr 18, 2014 17:47:10	53	47	0
Apr 18, 2014 17:47:11	30	37	0
Apr 18, 2014 17:47:12	37	54	0
Apr 18, 2014 17:47:13	41	50	0
Apr 18, 2014 17:47:14	35	56	0
Apr 18, 2014 17:47:15	40	69	0
Apr 18, 2014 17:47:16	48	54	0
Apr 18, 2014 17:47:17	48	54	26
Apr 18, 2014 17:47:19	48	53	0
Apr 18, 2014 17:47:20	50	43	0
Apr 18, 2014 17:47:21	57	41	0
Apr 18, 2014 17:47:22	50	60	0
Apr 18, 2014 17:47:23	40	53	0
Apr 18, 2014 17:47:24	44	47	0
Apr 18, 2014 17:47:25	47	41	0
Apr 18, 2014 17:47:26	53	43	0
Apr 18, 2014 17:47:27	29	37	0
Apr 18, 2014 17:47:28	40	44	0
Apr 18, 2014 17:47:29	37	51	0
Apr 18, 2014 17:47:30	34	66	0
Apr 18, 2014 17:47:31	35	66	0
Apr 18, 2014 17:47:32	26	56	0
Apr 18, 2014 17:47:33	29	44	0
Apr 18, 2014 17:47:34	26	50	0
Apr 18, 2014 17:47:35	30	60	0
Apr 18, 2014 17:47:36	29	64	0
Apr 18, 2014 17:47:37	35	64	0
Apr 18, 2014 17:47:38	23	44	0
Apr 18, 2014 17:47:39	24	38	0
Apr 18, 2014 17:47:40	35	38	0
Apr 18, 2014 17:47:41	20	29	0
Apr 18, 2014 17:47:42	41	37	0
Apr 18, 2014 17:47:43	53	37	0
Apr 18, 2014 17:47:44	37	30	0
Apr 18, 2014 17:47:45	47	44	0
Apr 18, 2014 17:47:46	40	44	0
Apr 18, 2014 17:47:47	38	51	0
Apr 18, 2014 17:47:48	56	61	0
Apr 18, 2014 17:47:49	56	44	0
Apr 18, 2014 17:47:50	60	40	0
Apr 18, 2014 17:47:51	50	35	0
Apr 18, 2014 17:47:52	43	23	0
Apr 18, 2014 17:47:53	40	41	0
Apr 18, 2014 17:47:55	29	48	0
Apr 18, 2014 17:47:56	37	61	0
Apr 18, 2014 17:47:57	47	50	0
Apr 18, 2014 17:47:58	47	60	0
Apr 18, 2014 17:47:59	50	61	0
Apr 18, 2014 17:48:00	53	53	0
Apr 18, 2014 17:48:01	53	53	0
Apr 18, 2014 17:48:02	48	50	0
Apr 18, 2014 17:48:03	50	60	0
Apr 18, 2014 17:48:04	37	64	0
Apr 18, 2014 17:48:05	48	61	0
Apr 18, 2014 17:48:06	41	51	0
Apr 18, 2014 17:48:07	48	44	0
Apr 18, 2014 17:48:08	61	38	0
Apr 18, 2014 17:48:09	54	35	0
Apr 18, 2014 17:48:10	63	43	0
Apr 18, 2014 17:48:11	53	41	0
Apr 18, 2014 17:48:12	50	43	0
Apr 18, 2014 17:48:13	43	54	0
Apr 18, 2014 17:48:14	40	41	0
Apr 18, 2014 17:48:15	40	37	0
Apr 18, 2014 17:48:16	34	47	0
Apr 18, 2014 17:48:17	35	54	0
Apr 18, 2014 17:48:18	48	56	0
Apr 18, 2014 17:48:19	54	63	0
Apr 18, 2014 17:48:20	56	66	0
Apr 18, 2014 17:48:21	51	51	0
Apr 18, 2014 17:48:22	43	60	0
Apr 18, 2014 17:48:23	53	48	0
Apr 18, 2014 17:48:24	63	47	0
Apr 18, 2014 17:48:25	44	50	0
Apr 18, 2014 17:48:26	41	60	0
Apr 18, 2014 17:48:27	17	70	0
Apr 18, 2014 17:48:28	35	87	0
Apr 18, 2014 17:48:29	34	87	0
Apr 18, 2014 17:48:30	34	88	0
Apr 18, 2014 17:48:32	34	87	0
Apr 18, 2014 17:48:33	37	90	0
Apr 18, 2014 17:48:34	38	69	0
Apr 18, 2014 17:48:35	37	54	0
Apr 18, 2014 17:48:36	40	61	0
Apr 18, 2014 17:48:37	40	54	0
Apr 18, 2014 17:48:38	37	61	0
Apr 18, 2014 17:48:39	44	77	0
Apr 18, 2014 17:48:40	50	75	0
Apr 18, 2014 17:48:41	50	70	0
Apr 18, 2014 17:48:42	56	61	0
Apr 18, 2014 17:48:43	53	50	0
Apr 18, 2014 17:48:44	48	50	0
Apr 18, 2014 17:48:45	56	47	0
Apr 18, 2014 17:48:46	64	56	0
Apr 18, 2014 17:48:47	63	63	0
Apr 18, 2014 17:48:48	67	50	0
Apr 18, 2014 17:48:49	54	54	0
Apr 18, 2014 17:48:50	47	48	0
Apr 18, 2014 17:48:51	50	38	0
Apr 18, 2014 17:48:52	40	38	0
Apr 18, 2014 17:48:53	40	37	0
Apr 18, 2014 17:48:54	40	50	0
Apr 18, 2014 17:48:55	35	56	0
Apr 18, 2014 17:48:56	43	56	0
Apr 18, 2014 17:48:57	53	48	0
Apr 18, 2014 17:48:58	51	44	0
Apr 18, 2014 17:48:59	48	56	0
Apr 18, 2014 17:49:00	48	56	0
Apr 18, 2014 17:49:01	48	70	0
Apr 18, 2014 17:49:02	37	61	0
Apr 18, 2014 17:49:03	41	61	0
Apr 18, 2014 17:49:04	43	53	0
Apr 18, 2014 17:49:05	47	54	0
Apr 18, 2014 17:49:06	56	60	0
Apr 18, 2014 17:49:07	48	54	0
Apr 18, 2014 17:49:09	41	66	0
Apr 18, 2014 17:49:10	40	78	0
Apr 18, 2014 17:49:11	34	77	0
Apr 18, 2014 17:49:12	43	77	0
Apr 18, 2014 17:49:13	54	69	0
Apr 18, 2014 17:49:14	51	54	0
Apr 18, 2014 17:49:15	41	54	0
Apr 18, 2014 17:49:16	34	60	0
Apr 18, 2014 17:49:17	14	47	0
Apr 18, 2014 17:49:18	11	53	0
Apr 18, 2014 17:49:19	20	69	0
Apr 18, 2014 17:49:20	20	64	0
Apr 18, 2014 17:49:21	20	74	0
Apr 18, 2014 17:49:22	38	61	0
Apr 18, 2014 17:49:23	43	47	0
Apr 18, 2014 17:49:24	41	44	0
Apr 18, 2014 17:49:25	54	56	0
Apr 18, 2014 17:49:26	37	67	0
Apr 18, 2014 17:49:27	23	64	0
Apr 18, 2014 17:49:28	26	64	0
Apr 18, 2014 17:49:29	29	37	0
Apr 18, 2014 17:49:30	34	40	0
Apr 18, 2014 17:49:31	43	43	0
Apr 18, 2014 17:49:32	48	54	0
Apr 18, 2014 17:49:33	60	61	0
Apr 18, 2014 17:49:34	69	67	0
Apr 18, 2014 17:49:35	61	64	0
Apr 18, 2014 17:49:36	64	56	0
Apr 18, 2014 17:49:37	53	60	0
Apr 18, 2014 17:49:38	53	60	0
Apr 18, 2014 17:49:39	51	54	0
Apr 18, 2014 17:49:40	53	54	0
Apr 18, 2014 17:49:41	60	60	0
Apr 18, 2014 17:49:42	54	44	0
Apr 18, 2014 17:49:44	70	47	0
Apr 18, 2014 17:49:45	64	47	0
Apr 18, 2014 17:49:46	57	47	0
Apr 18, 2014 17:49:47	60	57	0
Apr 18, 2014 17:49:48	50	61	0
Apr 18, 2014 17:49:49	50	60	0
Apr 18, 2014 17:49:50	54	51	0
Apr 18, 2014 17:49:51	54	48	0
Apr 18, 2014 17:49:52	47	51	0
Apr 18, 2014 17:49:53	35	54	0
Apr 18, 2014 17:49:54	37	54	0
Apr 18, 2014 17:49:55	34	48	0
Apr 18, 2014 17:49:56	41	30	0
Apr 18, 2014 17:49:57	61	29	0
Apr 18, 2014 17:49:58	48	30	0
Apr 18, 2014 17:49:59	57	37	0
Apr 18, 2014 17:50:00	50	48	0
Apr 18, 2014 17:50:01	47	66	0
Apr 18, 2014 17:50:02	43	57	0
Apr 18, 2014 17:50:03	47	51	0
Apr 18, 2014 17:50:04	44	40	0
Apr 18, 2014 17:50:05	47	43	0
Apr 18, 2014 17:50:06	50	30	0
Apr 18, 2014 17:50:07	53	37	0
Apr 18, 2014 17:50:08	47	47	0
Apr 18, 2014 17:50:09	57	34	0
Apr 18, 2014 17:50:10	69	47	0
Apr 18, 2014 17:50:11	77	44	0
Apr 18, 2014 17:50:12	61	14	0
Apr 18, 2014 17:50:13	53	10	0
Apr 18, 2014 17:50:14	40	23	0
Apr 18, 2014 17:50:15	24	30	0
Apr 18, 2014 17:50:16	51	57	0
Apr 18, 2014 17:50:17	61	66	0
Apr 18, 2014 17:50:18	66	70	0
Apr 18, 2014 17:50:19	74	74	0
Apr 18, 2014 17:50:21	64	67	0
Apr 18, 2014 17:50:22	43	69	0
Apr 18, 2014 17:50:23	35	70	0
Apr 18, 2014 17:50:24	38	70	0
Apr 18, 2014 17:50:25	41	80	0
Apr 18, 2014 17:50:26	54	88	0
Apr 18, 2014 17:50:27	60	80	0
Apr 18, 2014 17:50:28	57	81	0
Apr 18, 2014 17:50:29	60	74	0
Apr 18, 2014 17:50:30	61	77	0
Apr 18, 2014 17:50:31	61	84	0
Apr 18, 2014 17:50:32	56	77	0
Apr 18, 2014 17:50:33	60	74	0
Apr 18, 2014 17:50:34	64	67	0
Apr 18, 2014 17:50:35	77	63	0
Apr 18, 2014 17:50:36	78	66	0
Apr 18, 2014 17:50:37	67	67	0
Apr 18, 2014 17:50:38	66	70	0
Apr 18, 2014 17:50:39	54	87	0
Apr 18, 2014 17:50:40	63	80	0
Apr 18, 2014 17:50:41	69	66	0
Apr 18, 2014 17:50:42	64	60	0
Apr 18, 2014 17:50:43	74	50	0
Apr 18, 2014 17:50:44	64	56	0
Apr 18, 2014 17:50:45	53	64	0
Apr 18, 2014 17:50:46	51	66	0
Apr 18, 2014 17:50:47	50	67	0
Apr 18, 2014 17:50:48	43	61	0
Apr 18, 2014 17:50:49	54	69	0
Apr 18, 2014 17:50:50	50	78	0
Apr 18, 2014 17:50:51	40	77	0
Apr 18, 2014 17:50:52	41	78	0
Apr 18, 2014 17:50:53	48	77	0
Apr 18, 2014 17:50:54	34	57	0
Apr 18, 2014 17:50:55	27	54	0
Apr 18, 2014 17:50:56	24	60	0
Apr 18, 2014 17:50:58	11	61	0
Apr 18, 2014 17:50:59	29	75	0
Apr 18, 2014 17:51:00	37	81	0
Apr 18, 2014 17:51:01	37	81	0
Apr 18, 2014 17:51:02	47	90	0
Apr 18, 2014 17:51:03	57	87	0
Apr 18, 2014 17:51:04	60	80	0
Apr 18, 2014 17:51:05	60	75	0
Apr 18, 2014 17:51:06	74	63	0
Apr 18, 2014 17:51:07	69	69	0
Apr 18, 2014 17:51:08	75	66	0
Apr 18, 2014 17:51:09	81	69	0
Apr 18, 2014 17:51:10	69	83	0
Apr 18, 2014 17:51:11	56	61	0
Apr 18, 2014 17:51:12	50	57	0
Apr 18, 2014 17:51:13	51	53	0
Apr 18, 2014 17:51:14	53	47	0
Apr 18, 2014 17:51:15	47	51	0
Apr 18, 2014 17:51:16	35	56	0
Apr 18, 2014 17:51:17	26	64	0
Apr 18, 2014 17:51:18	35	66	0
Apr 18, 2014 17:51:19	48	75	0
Apr 18, 2014 17:51:20	57	64	0
Apr 18, 2014 17:51:21	56	66	0
Apr 18, 2014 17:51:22	43	77	0
Apr 18, 2014 17:51:23	54	81	0
Apr 18, 2014 17:51:24	51	93	0
Apr 18, 2014 17:51:25	48	88	0
Apr 18, 2014 17:51:26	53	69	0
Apr 18, 2014 17:51:27	35	75	0
Apr 18, 2014 17:51:28	26	70	0
Apr 18, 2014 17:51:29	24	70	0
Apr 18, 2014 17:51:30	23	74	0
Apr 18, 2014 17:51:31	20	63	0
Apr 18, 2014 17:51:33	21	53	0
Apr 18, 2014 17:51:34	38	56	0
Apr 18, 2014 17:51:35	53	56	0
Apr 18, 2014 17:51:36	60	57	0
Apr 18, 2014 17:51:37	83	61	0
Apr 18, 2014 17:51:38	75	56	0
Apr 18, 2014 17:51:39	66	56	0
Apr 18, 2014 17:51:40	74	60	0
Apr 18, 2014 17:51:41	64	61	0
Apr 18, 2014 17:51:42	66	61	0
Apr 18, 2014 17:51:43	66	66	0
Apr 18, 2014 17:51:44	70	63	0
Apr 18, 2014 17:51:45	70	61	0
Apr 18, 2014 17:51:46	69	63	0
Apr 18, 2014 17:51:47	57	57	0
Apr 18, 2014 17:51:48	54	56	0
Apr 18, 2014 17:51:49	56	63	0
Apr 18, 2014 17:51:50	50	61	0
Apr 18, 2014 17:51:51	47	54	0
Apr 18, 2014 17:51:52	48	53	0
Apr 18, 2014 17:51:53	34	47	0
Apr 18, 2014 17:51:54	34	43	0
Apr 18, 2014 17:51:55	43	54	0
Apr 18, 2014 17:51:56	38	64	0
Apr 18, 2014 17:51:57	48	67	0
Apr 18, 2014 17:51:58	57	74	0
Apr 18, 2014 17:51:59	64	70	0
Apr 18, 2014 17:52:00	56	51	0
Apr 18, 2014 17:52:01	43	47	0
Apr 18, 2014 17:52:02	37	53	0
Apr 18, 2014 17:52:03	27	63	0
Apr 18, 2014 17:52:04	51	80	0
Apr 18, 2014 17:52:05	43	70	0
Apr 18, 2014 17:52:06	44	69	0
Apr 18, 2014 17:52:07	40	54	0
Apr 18, 2014 17:52:09	34	64	0
Apr 18, 2014 17:52:10	38	64	0
Apr 18, 2014 17:52:11	26	53	0
Apr 18, 2014 17:52:12	41	69	0
Apr 18, 2014 17:52:13	54	61	0
Apr 18, 2014 17:52:14	53	60	0
Apr 18, 2014 17:52:15	70	57	0
Apr 18, 2014 17:52:16	63	51	0
Apr 18, 2014 17:52:17	53	53	0
Apr 18, 2014 17:52:18	53	53	0
Apr 18, 2014 17:52:19	44	67	0
Apr 18, 2014 17:52:20	44	67	0
Apr 18, 2014 17:52:21	53	81	0
Apr 18, 2014 17:52:22	63	80	0
Apr 18, 2014 17:52:23	66	77	0
Apr 18, 2014 17:52:24	60	83	0
Apr 18, 2014 17:52:25	63	70	0
Apr 18, 2014 17:52:26	51	74	0
Apr 18, 2014 17:52:27	56	64	0
Apr 18, 2014 17:52:28	57	51	0
Apr 18, 2014 17:52:29	54	54	0
Apr 18, 2014 17:52:30	57	60	0
Apr 18, 2014 17:52:31	57	64	0
Apr 18, 2014 17:52:32	54	83	0
Apr 18, 2014 17:52:33	54	77	0
Apr 18, 2014 17:52:34	60	69	0
Apr 18, 2014 17:52:35	53	70	0
Apr 18, 2014 17:52:36	57	74	0
Apr 18, 2014 17:52:37	51	63	0
Apr 18, 2014 17:52:38	54	54	0
Apr 18, 2014 17:52:39	63	48	0
Apr 18, 2014 17:52:40	47	23	0
Apr 18, 2014 17:52:41	51	35	0
Apr 18, 2014 17:52:42	51	40	0
Apr 18, 2014 17:52:43	44	40	0
Apr 18, 2014 17:52:45	67	60	0
Apr 18, 2014 17:52:46	77	61	0
Apr 18, 2014 17:52:47	80	56	0
Apr 18, 2014 17:52:48	78	63	0
Apr 18, 2014 17:52:49	66	57	0
Apr 18, 2014 17:52:50	67	61	0
Apr 18, 2014 17:52:51	57	77	0
Apr 18, 2014 17:52:52	63	75	0
Apr 18, 2014 17:52:53	61	78	0
Apr 18, 2014 17:52:54	50	80	0
Apr 18, 2014 17:52:55	51	66	0
Apr 18, 2014 17:52:56	51	66	0
Apr 18, 2014 17:52:57	37	51	0
Apr 18, 2014 17:52:58	47	40	0
Apr 18, 2014 17:52:59	51	40	0
Apr 18, 2014 17:53:00	54	37	0
Apr 18, 2014 17:53:01	66	56	0
Apr 18, 2014 17:53:02	50	51	0
Apr 18, 2014 17:53:03	48	43	0
Apr 18, 2014 17:53:04	47	44	0
Apr 18, 2014 17:53:05	41	44	0
Apr 18, 2014 17:53:06	61	57	0
Apr 18, 2014 17:53:07	54	60	0
Apr 18, 2014 17:53:08	67	60	0
Apr 18, 2014 17:53:09	53	64	0
Apr 18, 2014 17:53:10	64	78	0
Apr 18, 2014 17:53:11	63	80	0
Apr 18, 2014 17:53:12	60	75	0
Apr 18, 2014 17:53:13	67	74	0
Apr 18, 2014 17:53:14	80	63	0
Apr 18, 2014 17:53:15	84	61	0
Apr 18, 2014 17:53:16	69	50	0
Apr 18, 2014 17:53:17	70	47	0
Apr 18, 2014 17:53:18	61	56	0
Apr 18, 2014 17:53:19	61	56	0
Apr 18, 2014 17:53:20	60	74	0
Apr 18, 2014 17:53:22	54	87	0
Apr 18, 2014 17:53:23	53	90	0
Apr 18, 2014 17:53:24	57	96	0
Apr 18, 2014 17:53:25	54	77	0
Apr 18, 2014 17:53:26	63	69	0
Apr 18, 2014 17:53:27	54	66	0
Apr 18, 2014 17:53:28	38	60	0
Apr 18, 2014 17:53:29	35	74	0
Apr 18, 2014 17:53:30	27	64	0
Apr 18, 2014 17:53:31	24	61	0
Apr 18, 2014 17:53:32	27	57	0
Apr 18, 2014 17:53:33	47	57	0
Apr 18, 2014 17:53:34	51	64	0
Apr 18, 2014 17:53:35	50	66	0
Apr 18, 2014 17:53:36	70	63	0
Apr 18, 2014 17:53:37	61	57	0
Apr 18, 2014 17:53:38	60	60	0
Apr 18, 2014 17:53:39	43	64	0
Apr 18, 2014 17:53:40	48	74	0
Apr 18, 2014 17:53:41	43	69	0
Apr 18, 2014 17:53:42	67	74	0
Apr 18, 2014 17:53:43	77	64	0
Apr 18, 2014 17:53:44	66	63	0
Apr 18, 2014 17:53:45	66	63	0
Apr 18, 2014 17:53:46	50	60	0
Apr 18, 2014 17:53:47	35	53	0
Apr 18, 2014 17:53:48	30	56	0
Apr 18, 2014 17:53:49	30	54	0
Apr 18, 2014 17:53:50	40	64	0
Apr 18, 2014 17:53:51	54	67	0
Apr 18, 2014 17:53:52	66	63	0
Apr 18, 2014 17:53:53	75	61	0
Apr 18, 2014 17:53:54	67	66	0
Apr 18, 2014 17:53:55	56	66	0
Apr 18, 2014 17:53:56	47	57	0
Apr 18, 2014 17:53:58	27	63	0
Apr 18, 2014 17:53:59	21	60	0
Apr 18, 2014 17:54:00	24	64	0
Apr 18, 2014 17:54:01	30	74	0
Apr 18, 2014 17:54:02	40	67	0
Apr 18, 2014 17:54:03	44	69	0
Apr 18, 2014 17:54:04	51	63	0
Apr 18, 2014 17:54:05	61	57	0
Apr 18, 2014 17:54:06	56	54	0
Apr 18, 2014 17:54:07	57	56	0
Apr 18, 2014 17:54:08	40	50	0
Apr 18, 2014 17:54:09	37	54	0
Apr 18, 2014 17:54:10	30	44	0
Apr 18, 2014 17:54:11	24	47	0
Apr 18, 2014 17:54:12	29	61	0
Apr 18, 2014 17:54:13	51	63	0
Apr 18, 2014 17:54:14	66	63	0
Apr 18, 2014 17:54:15	63	81	0
Apr 18, 2014 17:54:16	64	70	0
Apr 18, 2014 17:54:17	56	69	0
Apr 18, 2014 17:54:18	38	66	0
Apr 18, 2014 17:54:19	50	56	0
Apr 18, 2014 17:54:20	64	63	0
Apr 18, 2014 17:54:21	54	69	0
Apr 18, 2014 17:54:22	60	81	0
Apr 18, 2014 17:54:23	50	81	0
Apr 18, 2014 17:54:24	37	91	0
Apr 18, 2014 17:54:25	53	78	0
Apr 18, 2014 17:54:26	69	67	0
Apr 18, 2014 17:54:27	67	54	0
Apr 18, 2014 17:54:28	66	43	0
Apr 18, 2014 17:54:29	53	56	0
Apr 18, 2014 17:54:30	30	56	0
Apr 18, 2014 17:54:32	30	63	0
Apr 18, 2014 17:54:33	41	61	0
Apr 18, 2014 17:54:34	44	53	0
Apr 18, 2014 17:54:35	56	53	0
Apr 18, 2014 17:54:36	64	51	0
Apr 18, 2014 17:54:37	57	56	0
Apr 18, 2014 17:54:38	50	44	0
Apr 18, 2014 17:54:39	44	43	0
Apr 18, 2014 17:54:40	40	34	0
Apr 18, 2014 17:54:41	30	43	0
Apr 18, 2014 17:54:42	43	56	0
Apr 18, 2014 17:54:43	29	57	0
Apr 18, 2014 17:54:44	29	57	51
Apr 18, 2014 17:54:45	26	70	0
Apr 18, 2014 17:54:46	43	80	0
Apr 18, 2014 17:54:47	40	77	0
Apr 18, 2014 17:54:48	40	77	51
Apr 18, 2014 17:54:49	40	77	25
Apr 18, 2014 17:54:50	40	77	25
Apr 18, 2014 17:54:51	40	77	25
Apr 18, 2014 17:54:52	37	80	0
Apr 18, 2014 17:54:53	47	69	0
Apr 18, 2014 17:54:54	37	61	0
Apr 18, 2014 17:54:55	26	51	0
Apr 18, 2014 17:54:56	24	53	0
Apr 18, 2014 17:54:57	20	50	0
Apr 18, 2014 17:54:58	16	50	0
Apr 18, 2014 17:54:59	21	50	0
Apr 18, 2014 17:55:00	27	47	0
Apr 18, 2014 17:55:01	34	51	0
Apr 18, 2014 17:55:02	35	48	0
Apr 18, 2014 17:55:03	34	61	0
Apr 18, 2014 17:55:04	26	53	0
Apr 18, 2014 17:55:05	27	60	0
Apr 18, 2014 17:55:06	44	66	0
Apr 18, 2014 17:55:08	51	64	0
Apr 18, 2014 17:55:09	53	75	0
Apr 18, 2014 17:55:10	53	54	0
Apr 18, 2014 17:55:11	40	48	0
Apr 18, 2014 17:55:12	53	51	0
Apr 18, 2014 17:55:13	57	63	0
Apr 18, 2014 17:55:14	60	57	0
Apr 18, 2014 17:55:15	54	57	0
Apr 18, 2014 17:55:16	40	54	0
Apr 18, 2014 17:55:17	23	47	0
Apr 18, 2014 17:55:18	20	51	0
Apr 18, 2014 17:55:19	27	61	0
Apr 18, 2014 17:55:20	27	61	51
Apr 18, 2014 17:55:21	27	61	25
Apr 18, 2014 17:55:22	29	67	0
Apr 18, 2014 17:55:23	40	74	0
Apr 18, 2014 17:55:24	40	66	0
Apr 18, 2014 17:55:25	51	54	0
Apr 18, 2014 17:55:26	54	47	0
Apr 18, 2014 17:55:27	57	54	0
Apr 18, 2014 17:55:28	77	53	0
Apr 18, 2014 17:55:29	78	60	0
Apr 18, 2014 17:55:30	70	64	0
Apr 18, 2014 17:55:31	69	66	0
Apr 18, 2014 17:55:32	37	69	0
Apr 18, 2014 17:55:33	24	78	0
Apr 18, 2014 17:55:34	26	75	0
Apr 18, 2014 17:55:35	30	66	0
Apr 18, 2014 17:55:36	56	78	0
Apr 18, 2014 17:55:37	67	74	0
Apr 18, 2014 17:55:38	67	69	0
Apr 18, 2014 17:55:39	67	69	0
Apr 18, 2014 17:55:40	50	63	0
Apr 18, 2014 17:55:41	53	56	0
Apr 18, 2014 17:55:42	48	60	0
Apr 18, 2014 17:55:43	51	64	0
Apr 18, 2014 17:55:45	48	74	0
Apr 18, 2014 17:55:46	74	74	0
Apr 18, 2014 17:55:47	83	66	0
Apr 18, 2014 17:55:48	80	56	0
Apr 18, 2014 17:55:49	75	56	0
Apr 18, 2014 17:55:50	56	60	0
Apr 18, 2014 17:55:51	60	64	0
Apr 18, 2014 17:55:52	61	74	0
Apr 18, 2014 17:55:53	67	77	0
Apr 18, 2014 17:55:54	90	64	0
Apr 18, 2014 17:55:55	70	66	0
Apr 18, 2014 17:55:56	66	69	0
Apr 18, 2014 17:55:57	69	66	0
Apr 18, 2014 17:55:58	66	81	0
Apr 18, 2014 17:55:59	87	67	0
Apr 18, 2014 17:56:00	100	60	0
Apr 18, 2014 17:56:01	96	60	0
Apr 18, 2014 17:56:02	91	63	0
Apr 18, 2014 17:56:03	87	69	0
Apr 18, 2014 17:56:04	87	64	0
Apr 18, 2014 17:56:05	90	53	0
Apr 18, 2014 17:56:06	88	41	0
Apr 18, 2014 17:56:07	91	44	0
Apr 18, 2014 17:56:08	94	54	0
Apr 18, 2014 17:56:09	93	57	0
Apr 18, 2014 17:56:10	88	64	0
Apr 18, 2014 17:56:11	83	56	0
Apr 18, 2014 17:56:12	74	64	0
Apr 18, 2014 17:56:13	83	51	0
Apr 18, 2014 17:56:14	93	48	0
Apr 18, 2014 17:56:15	100	40	0
Apr 18, 2014 17:56:16	100	47	0
Apr 18, 2014 17:56:17	93	53	0
Apr 18, 2014 17:56:18	87	54	0
Apr 18, 2014 17:56:19	91	47	0
Apr 18, 2014 17:56:21	93	44	0
Apr 18, 2014 17:56:22	97	41	0
Apr 18, 2014 17:56:23	97	44	0
Apr 18, 2014 17:56:24	83	57	0
Apr 18, 2014 17:56:25	84	60	0
Apr 18, 2014 17:56:26	97	51	0
Apr 18, 2014 17:56:27	91	53	0
Apr 18, 2014 17:56:28	100	43	0
Apr 18, 2014 17:56:29	91	54	0
Apr 18, 2014 17:56:30	74	63	0
Apr 18, 2014 17:56:31	77	60	0
Apr 18, 2014 17:56:32	61	61	0
Apr 18, 2014 17:56:33	78	47	0
Apr 18, 2014 17:56:34	74	43	0
Apr 18, 2014 17:56:35	60	51	0
Apr 18, 2014 17:56:36	80	48	0
Apr 18, 2014 17:56:37	77	56	0
Apr 18, 2014 17:56:38	69	56	0
Apr 18, 2014 17:56:39	80	54	0
Apr 18, 2014 17:56:40	60	63	0
Apr 18, 2014 17:56:41	63	50	0
Apr 18, 2014 17:56:42	81	54	0
Apr 18, 2014 17:56:43	84	54	0
Apr 18, 2014 17:56:44	100	48	0
Apr 18, 2014 17:56:45	100	44	0
Apr 18, 2014 17:56:46	100	34	0
Apr 18, 2014 17:56:47	100	26	0
Apr 18, 2014 17:56:48	100	21	0
Apr 18, 2014 17:56:49	84	29	0
Apr 18, 2014 17:56:50	66	43	0
Apr 18, 2014 17:56:51	78	44	0
Apr 18, 2014 17:56:52	75	61	0
Apr 18, 2014 17:56:53	78	56	0
Apr 18, 2014 17:56:54	66	50	0
Apr 18, 2014 17:56:55	48	61	0
Apr 18, 2014 17:56:56	30	56	0
Apr 18, 2014 17:56:58	26	60	0
Apr 18, 2014 17:56:59	30	67	0
Apr 18, 2014 17:57:00	29	61	0
Apr 18, 2014 17:57:01	47	63	0
Apr 18, 2014 17:57:02	41	60	0
Apr 18, 2014 17:57:03	54	51	0
Apr 18, 2014 17:57:04	57	50	0
Apr 18, 2014 17:57:05	57	50	0
Apr 18, 2014 17:57:06	64	40	0
Apr 18, 2014 17:57:07	53	48	0
Apr 18, 2014 17:57:08	50	54	0
Apr 18, 2014 17:57:09	37	51	0
Apr 18, 2014 17:57:10	30	64	0
Apr 18, 2014 17:57:11	29	66	0
Apr 18, 2014 17:57:12	26	64	0
Apr 18, 2014 17:57:13	44	56	0
Apr 18, 2014 17:57:14	53	50	0
Apr 18, 2014 17:57:15	64	41	0
Apr 18, 2014 17:57:16	80	48	0
Apr 18, 2014 17:57:17	78	44	0
Apr 18, 2014 17:57:18	78	44	0
Apr 18, 2014 17:57:19	51	50	0
Apr 18, 2014 17:57:20	40	50	0
Apr 18, 2014 17:57:21	40	41	0
Apr 18, 2014 17:57:22	53	47	0
Apr 18, 2014 17:57:23	51	51	0
Apr 18, 2014 17:57:24	48	56	0
Apr 18, 2014 17:57:25	38	57	0
Apr 18, 2014 17:57:26	30	63	0
Apr 18, 2014 17:57:27	38	56	0
Apr 18, 2014 17:57:28	34	56	0
Apr 18, 2014 17:57:29	38	74	0
Apr 18, 2014 17:57:30	34	61	0
Apr 18, 2014 17:57:31	41	64	0
Apr 18, 2014 17:57:32	63	64	0
Apr 18, 2014 17:57:34	70	61	0
Apr 18, 2014 17:57:35	67	77	0
Apr 18, 2014 17:57:36	51	75	0
Apr 18, 2014 17:57:37	35	75	0
Apr 18, 2014 17:57:38	29	69	0
Apr 18, 2014 17:57:39	29	69	0
Apr 18, 2014 17:57:40	60	57	0
Apr 18, 2014 17:57:41	69	56	0
Apr 18, 2014 17:57:42	80	54	0
Apr 18, 2014 17:57:43	77	40	0
Apr 18, 2014 17:57:44	74	41	0
Apr 18, 2014 17:57:45	70	41	0
Apr 18, 2014 17:57:46	77	43	0
Apr 18, 2014 17:57:47	75	44	0
Apr 18, 2014 17:57:48	75	51	0
Apr 18, 2014 17:57:49	67	60	0
Apr 18, 2014 17:57:50	75	61	0
Apr 18, 2014 17:57:51	74	60	0
Apr 18, 2014 17:57:52	67	51	0
Apr 18, 2014 17:57:53	67	47	0
Apr 18, 2014 17:57:54	57	38	0
Apr 18, 2014 17:57:55	63	41	0
Apr 18, 2014 17:57:56	78	43	0
Apr 18, 2014 17:57:57	74	40	0
Apr 18, 2014 17:57:58	67	56	0
Apr 18, 2014 17:57:59	56	64	0
Apr 18, 2014 17:58:00	41	74	0
Apr 18, 2014 17:58:01	51	74	0
Apr 18, 2014 17:58:02	53	69	0
Apr 18, 2014 17:58:03	54	56	0
Apr 18, 2014 17:58:04	53	48	0
Apr 18, 2014 17:58:05	48	50	0
Apr 18, 2014 17:58:06	53	50	0
Apr 18, 2014 17:58:08	51	57	0
Apr 18, 2014 17:58:09	44	50	0
Apr 18, 2014 17:58:10	44	41	0
Apr 18, 2014 17:58:11	57	38	0
Apr 18, 2014 17:58:12	64	29	0
Apr 18, 2014 17:58:13	61	30	0
Apr 18, 2014 17:58:14	50	30	0
Apr 18, 2014 17:58:15	43	34	0
Apr 18, 2014 17:58:16	40	38	0
Apr 18, 2014 17:58:17	48	57	0
Apr 18, 2014 17:58:18	41	61	0
Apr 18, 2014 17:58:19	48	53	0
Apr 18, 2014 17:58:20	63	40	0
Apr 18, 2014 17:58:21	88	47	0
Apr 18, 2014 17:58:22	90	48	0
Apr 18, 2014 17:58:23	84	54	0
Apr 18, 2014 17:58:24	80	64	0
Apr 18, 2014 17:58:25	70	69	0
Apr 18, 2014 17:58:26	70	70	0
Apr 18, 2014 17:58:27	60	66	0
Apr 18, 2014 17:58:28	69	47	0
Apr 18, 2014 17:58:29	75	38	0
Apr 18, 2014 17:58:30	83	27	0
Apr 18, 2014 17:58:31	100	29	0
Apr 18, 2014 17:58:32	100	37	0
Apr 18, 2014 17:58:33	93	41	0
Apr 18, 2014 17:58:34	78	47	0
Apr 18, 2014 17:58:35	78	48	0
Apr 18, 2014 17:58:36	47	51	0
Apr 18, 2014 17:58:37	38	41	0
Apr 18, 2014 17:58:38	38	41	0
Apr 18, 2014 17:58:39	38	38	0
Apr 18, 2014 17:58:40	60	48	0
Apr 18, 2014 17:58:41	75	54	0
Apr 18, 2014 17:58:42	57	60	0
Apr 18, 2014 17:58:44	60	67	0
Apr 18, 2014 17:58:45	50	61	0
Apr 18, 2014 17:58:46	51	66	0
Apr 18, 2014 17:58:47	66	61	0
Apr 18, 2014 17:58:48	70	64	0
Apr 18, 2014 17:58:49	70	57	0
Apr 18, 2014 17:58:50	78	51	0
Apr 18, 2014 17:58:51	74	60	0
Apr 18, 2014 17:58:52	80	51	0
Apr 18, 2014 17:58:53	80	51	0
Apr 18, 2014 17:58:54	83	44	0
Apr 18, 2014 17:58:55	87	38	0
Apr 18, 2014 17:58:56	88	34	0
Apr 18, 2014 17:58:57	88	35	0
Apr 18, 2014 17:58:58	74	30	0
Apr 18, 2014 17:58:59	69	48	0
Apr 18, 2014 17:59:00	60	41	0
Apr 18, 2014 17:59:01	44	40	0
Apr 18, 2014 17:59:02	50	54	0
Apr 18, 2014 17:59:03	53	48	0
Apr 18, 2014 17:59:04	67	54	0
Apr 18, 2014 17:59:05	80	47	0
Apr 18, 2014 17:59:06	83	47	0
Apr 18, 2014 17:59:07	75	35	0
Apr 18, 2014 17:59:08	57	37	0
Apr 18, 2014 17:59:09	50	53	0
Apr 18, 2014 17:59:10	51	41	0
Apr 18, 2014 17:59:11	51	44	0
Apr 18, 2014 17:59:12	70	37	0
Apr 18, 2014 17:59:13	81	24	0
Apr 18, 2014 17:59:14	66	23	0
Apr 18, 2014 17:59:15	77	29	0
Apr 18, 2014 17:59:16	66	47	0
Apr 18, 2014 17:59:17	48	37	0
Apr 18, 2014 17:59:18	51	61	0
Apr 18, 2014 17:59:20	40	48	0
Apr 18, 2014 17:59:21	66	57	0
Apr 18, 2014 17:59:22	57	41	0
Apr 18, 2014 17:59:23	41	50	0
Apr 18, 2014 17:59:24	34	60	0
Apr 18, 2014 17:59:25	1	56	0
Apr 18, 2014 17:59:26	1	56	51
Apr 18, 2014 17:59:27	1	56	26
Apr 18, 2014 17:59:28	4	66	0
Apr 18, 2014 17:59:29	8	60	0
Apr 18, 2014 17:59:30	11	54	0
Apr 18, 2014 17:59:31	16	54	0
Apr 18, 2014 17:59:32	13	56	0
Apr 18, 2014 17:59:33	16	63	0
Apr 18, 2014 17:59:34	16	61	0
Apr 18, 2014 17:59:35	23	70	0
Apr 18, 2014 17:59:36	26	64	0
Apr 18, 2014 17:59:37	27	66	0
Apr 18, 2014 17:59:38	27	66	0
Apr 18, 2014 17:59:39	37	69	0
Apr 18, 2014 17:59:40	37	69	51
Apr 18, 2014 17:59:41	37	69	51
Apr 18, 2014 17:59:42	41	66	0
Apr 18, 2014 17:59:43	41	66	51
Apr 18, 2014 17:59:44	37	61	0
Apr 18, 2014 17:59:45	37	61	25
Apr 18, 2014 17:59:46	37	61	51
Apr 18, 2014 17:59:47	14	56	0
Apr 18, 2014 17:59:48	14	56	25
Apr 18, 2014 17:59:49	17	48	0
Apr 18, 2014 17:59:50	38	38	0
Apr 18, 2014 17:59:51	61	38	0
Apr 18, 2014 17:59:52	64	44	0
Apr 18, 2014 17:59:53	66	51	0
Apr 18, 2014 17:59:54	67	51	0
Apr 18, 2014 17:59:55	47	43	0
Apr 18, 2014 17:59:57	37	38	0
Apr 18, 2014 17:59:58	43	30	0
Apr 18, 2014 17:59:59	43	35	0
Apr 18, 2014 18:00:00	61	51	0
Apr 18, 2014 18:00:01	75	47	0
Apr 18, 2014 18:00:02	84	47	0
Apr 18, 2014 18:00:03	78	50	0
Apr 18, 2014 18:00:04	60	48	0
Apr 18, 2014 18:00:05	64	57	0
Apr 18, 2014 18:00:06	61	56	0
Apr 18, 2014 18:00:07	50	47	0
Apr 18, 2014 18:00:08	57	44	0
Apr 18, 2014 18:00:09	53	43	0
Apr 18, 2014 18:00:10	51	51	0
Apr 18, 2014 18:00:11	64	66	0
Apr 18, 2014 18:00:12	77	60	0
Apr 18, 2014 18:00:13	83	50	0
Apr 18, 2014 18:00:14	83	48	0
Apr 18, 2014 18:00:15	75	48	0
Apr 18, 2014 18:00:16	66	41	0
Apr 18, 2014 18:00:17	56	48	0
Apr 18, 2014 18:00:18	56	48	0
Apr 18, 2014 18:00:19	74	43	0
Apr 18, 2014 18:00:20	78	44	0
Apr 18, 2014 18:00:21	78	44	0
Apr 18, 2014 18:00:22	75	37	0
Apr 18, 2014 18:00:23	63	44	0
Apr 18, 2014 18:00:24	60	48	0
Apr 18, 2014 18:00:25	57	40	0
Apr 18, 2014 18:00:26	56	44	0
Apr 18, 2014 18:00:27	78	38	0
Apr 18, 2014 18:00:28	81	23	0
Apr 18, 2014 18:00:29	90	34	0
Apr 18, 2014 18:00:30	94	35	0
Apr 18, 2014 18:00:31	83	47	0
Apr 18, 2014 18:00:33	83	50	0
Apr 18, 2014 18:00:34	63	48	0
Apr 18, 2014 18:00:35	47	57	0
Apr 18, 2014 18:00:36	47	54	0
Apr 18, 2014 18:00:37	50	60	0
Apr 18, 2014 18:00:38	56	57	0
Apr 18, 2014 18:00:39	61	50	0
Apr 18, 2014 18:00:40	60	41	0
Apr 18, 2014 18:00:41	51	44	0
Apr 18, 2014 18:00:42	60	43	0
Apr 18, 2014 18:00:43	54	30	0
Apr 18, 2014 18:00:44	53	48	0
Apr 18, 2014 18:00:45	60	50	0
Apr 18, 2014 18:00:46	56	51	0
Apr 18, 2014 18:00:47	47	47	0
Apr 18, 2014 18:00:48	51	41	0
Apr 18, 2014 18:00:49	50	38	0
Apr 18, 2014 18:00:50	34	48	0
Apr 18, 2014 18:00:51	34	57	0
Apr 18, 2014 18:00:52	20	70	0
Apr 18, 2014 18:00:53	24	81	0
Apr 18, 2014 18:00:54	17	78	0
Apr 18, 2014 18:00:55	17	80	0
Apr 18, 2014 18:00:56	16	56	0
Apr 18, 2014 18:00:57	37	30	0
Apr 18, 2014 18:00:58	50	40	0
Apr 18, 2014 18:00:59	43	21	0
Apr 18, 2014 18:01:00	44	44	0
Apr 18, 2014 18:01:01	37	50	0
Apr 18, 2014 18:01:02	24	48	0
Apr 18, 2014 18:01:03	40	63	0
Apr 18, 2014 18:01:04	43	48	0
Apr 18, 2014 18:01:05	44	50	0
Apr 18, 2014 18:01:06	57	50	0
Apr 18, 2014 18:01:08	47	44	0
Apr 18, 2014 18:01:09	48	51	0
Apr 18, 2014 18:01:10	50	44	0
Apr 18, 2014 18:01:11	47	47	0
Apr 18, 2014 18:01:12	56	40	0
Apr 18, 2014 18:01:13	50	35	0
Apr 18, 2014 18:01:14	60	27	0
Apr 18, 2014 18:01:15	63	26	0
Apr 18, 2014 18:01:16	75	38	0
Apr 18, 2014 18:01:17	84	47	0
Apr 18, 2014 18:01:18	69	56	0
Apr 18, 2014 18:01:19	53	44	0
Apr 18, 2014 18:01:20	47	35	0
Apr 18, 2014 18:01:21	48	34	0
Apr 18, 2014 18:01:22	43	38	0
Apr 18, 2014 18:01:23	41	56	0
Apr 18, 2014 18:01:24	47	57	0
Apr 18, 2014 18:01:25	61	61	0
Apr 18, 2014 18:01:26	83	64	0
Apr 18, 2014 18:01:27	84	63	0
Apr 18, 2014 18:01:28	81	60	0
Apr 18, 2014 18:01:29	63	54	0
Apr 18, 2014 18:01:30	69	41	0
Apr 18, 2014 18:01:31	64	47	0
Apr 18, 2014 18:01:32	70	48	0
Apr 18, 2014 18:01:33	70	66	0
Apr 18, 2014 18:01:34	51	74	0
Apr 18, 2014 18:01:35	50	78	0
Apr 18, 2014 18:01:36	30	74	0
Apr 18, 2014 18:01:37	43	53	0
Apr 18, 2014 18:01:38	48	48	0
Apr 18, 2014 18:01:39	50	37	0
Apr 18, 2014 18:01:40	48	41	0
