1395729722.1	257420	116485	11836	31105	49299	26413	5245	11072
1395729723.1	257420	116485	11836	31105	49299	26413	5245	11072
1395729724.1	257420	116485	11836	31105	49299	26413	5245	11072
1395729725.11	257420	116485	11836	31105	49299	26413	5245	11072
1395729726.11	257420	116485	11836	31105	49299	26413	5245	11072
1395729727.11	257420	116485	11836	31105	49299	26413	5245	11072
1395729728.11	257420	116485	11836	31105	49299	26413	5245	11072
1395729729.12	257420	116485	11836	31105	49299	26413	5245	11072
1395729730.12	257420	116485	11836	31105	49299	26413	5245	11072
1395729731.12	257420	116485	11836	31105	49299	26413	5245	11072
1395729732.13	257420	116485	11836	31105	49299	26413	5245	11072
1395729733.13	257420	116485	11836	31105	49299	26413	5245	11072
1395729734.13	257420	116485	11836	31105	49299	26413	5245	11072
1395729735.13	257420	116485	11836	31105	49299	26413	5245	11072
1395729736.13	257420	116485	11836	31105	49299	26413	5245	11072
1395729737.14	257420	116485	11836	31105	49299	26413	5245	11072
1395729738.14	257420	116485	11836	31105	49299	26413	5245	11072
1395729739.14	257420	116485	11836	31105	49299	26413	5245	11072
1395729740.14	257420	116485	11836	31105	49299	26413	5245	11072
1395729741.15	257420	116485	11836	31105	49299	26413	5245	11072
1395729742.15	257420	116485	11836	31105	49299	26413	5245	11072
1395729743.15	257420	116485	11836	31105	49299	26413	5245	11072
1395729744.16	257420	116485	11836	31105	49299	26413	5245	11072
1395729745.16	257420	116485	11836	31105	49299	26413	5245	11072
1395729746.16	257420	116485	11836	31105	49299	26413	5245	11072
1395729747.16	257420	116485	11836	31105	49299	26413	5245	11072
1395729748.16	257420	116485	11836	31105	49299	26413	5245	11072
1395729749.16	257420	116485	11836	31105	49299	26413	5245	11072
1395729750.17	257420	116485	11836	31105	49299	26413	5245	11072
1395729751.17	257420	116485	11836	31105	49299	26413	5245	11072
1395729752.17	257420	116485	11836	31105	49299	26413	5245	11072
1395729753.17	257420	116485	11836	31105	49299	26413	5245	11072
1395729754.18	257420	116485	11836	31105	49299	26413	5245	11072
1395729755.18	257420	116485	11836	31105	49299	26413	5245	11072
1395729756.18	257420	116485	11836	31105	49299	26413	5245	11072
1395729757.18	257420	116485	11836	31105	49299	26413	5245	11072
1395729758.19	257420	116485	11836	31105	49299	26413	5245	11072
1395729759.19	257420	116485	11836	31105	49299	26413	5245	11072
1395729760.19	257420	116485	11836	31105	49299	26413	5245	11072
1395729761.19	257420	116485	11836	31105	49299	26413	5245	11072
1395729762.2	257420	116485	11836	31105	49299	26413	5245	11072
1395729763.2	257420	116485	11836	31105	49299	26413	5245	11072
1395729764.2	257420	116485	11836	31105	49299	26413	5245	11072
1395729765.2	257420	116485	11836	31105	49299	26413	5245	11072
1395729766.21	257420	116485	11836	31105	49299	26413	5245	11072
1395729767.21	257420	116485	11836	31105	49299	26413	5245	11072
1395729768.21	257420	116485	11836	31105	49299	26413	5245	11072
1395729769.21	257420	116485	11836	31105	49299	26413	5245	11072
1395729770.21	257420	116485	11836	31105	49299	26413	5245	11072
1395729771.22	257420	116485	11836	31105	49299	26413	5245	11072
1395729772.22	257420	116485	11836	31105	49299	26413	5245	11072
1395729773.22	257420	116485	11836	31105	49299	26413	5245	11072
1395729774.22	257420	116485	11836	31105	49299	26413	5245	11072
1395729775.23	257420	116485	11836	31105	49299	26413	5245	11072
1395729776.23	257420	116485	11836	31105	49299	26413	5245	11072
1395729777.23	257420	116485	11836	31105	49299	26413	5245	11072
1395729778.23	257420	116485	11836	31105	49299	26413	5245	11072
1395729779.23	257420	116485	11836	31105	49299	26413	5245	11072
1395729780.24	257420	116485	11836	31105	49299	26413	5245	11072
1395729781.24	257420	116485	11836	31105	49299	26413	5245	11072
1395729782.24	257420	116485	11836	31105	49299	26413	5245	11072
1395729783.24	257420	116485	11836	31105	49299	26413	5245	11072
1395729784.24	257420	116485	11836	31105	49299	26413	5245	11072
1395729785.25	257420	116485	11836	31105	49299	26413	5245	11072
1395729786.25	257420	116485	11836	31105	49299	26413	5245	11072
1395729787.25	257420	116485	11836	31105	49299	26413	5245	11072
1395729788.26	257420	116485	11836	31105	49299	26413	5245	11072
1395729789.26	257420	116485	11836	31105	49299	26413	5245	11072
1395729790.26	257420	116485	11836	31105	49299	26413	5245	11072
1395729791.26	257420	116485	11836	31105	49299	26413	5245	11072
1395729792.27	257420	116485	11836	31105	49299	26413	5245	11072
1395729793.27	257420	116485	11836	31105	49299	26413	5245	11072
1395729794.27	257420	116485	11836	31105	49299	26413	5245	11072
1395729795.27	257420	116485	11836	31105	49299	26413	5245	11072
1395729796.28	257420	116485	11836	31105	49299	26413	5245	11072
1395729797.28	257420	116485	11836	31105	49299	26413	5245	11072
1395729798.28	257420	116485	11836	31105	49299	26413	5245	11072
1395729799.28	257420	116485	11836	31105	49299	26413	5245	11072
1395729800.29	257420	116485	11836	31105	49299	26413	5245	11072
1395729801.29	257420	116485	11836	31105	49299	26413	5245	11072
1395729802.29	257420	116485	11836	31105	49299	26413	5245	11072
1395729803.29	257420	116485	11836	31105	49299	26413	5245	11072
1395729804.3	257420	116485	11836	31105	49299	26413	5245	11072
1395729805.3	257420	116485	11836	31105	49299	26413	5245	11072
1395729806.3	257420	116485	11836	31105	49299	26413	5245	11072
1395729807.3	257420	116485	11836	31105	49299	26413	5245	11072
1395729808.31	257420	116485	11836	31105	49299	26413	5245	11072
1395729809.31	257420	116485	11836	31105	49299	26413	5245	11072
1395729810.31	257420	116485	11836	31105	49299	26413	5245	11072
1395729811.31	257420	116485	11836	31105	49299	26413	5245	11072
1395729812.32	257420	116485	11836	31105	49299	26413	5245	11072
1395729813.32	257420	116485	11836	31105	49299	26413	5245	11072
1395729814.32	257420	116485	11836	31105	49299	26413	5245	11072
1395729815.32	257420	116485	11836	31105	49299	26413	5245	11072
1395729816.33	257420	116485	11836	31105	49299	26413	5245	11072
1395729817.33	257420	116485	11836	31105	49299	26413	5245	11072
1395729818.33	257420	116485	11836	31105	49299	26413	5245	11072
1395729819.33	257420	116485	11836	31105	49299	26413	5245	11072
1395729820.34	257420	116485	11836	31105	49299	26413	5245	11072
1395729821.34	257420	116485	11836	31105	49299	26413	5245	11072
1395729822.34	257420	116485	11836	31105	49299	26413	5245	11072
1395729823.34	257420	116485	11836	31105	49299	26413	5245	11072
1395729824.35	257420	116485	11836	31105	49299	26413	5245	11072
1395729825.35	257420	116485	11836	31105	49299	26413	5245	11072
1395729826.35	257420	116485	11836	31105	49299	26413	5245	11072
1395729827.35	257420	116485	11836	31105	49299	26413	5245	11072
1395729828.35	257420	116485	11836	31105	49299	26413	5245	11072
1395729829.36	257420	116485	11836	31105	49299	26413	5245	11072
1395729830.36	257420	116485	11836	31105	49299	26413	5245	11072
1395729831.36	257420	116485	11836	31105	49299	26413	5245	11072
1395729832.36	257420	116485	11836	31105	49299	26413	5245	11072
1395729833.37	257420	116485	11836	31105	49299	26413	5245	11072
1395729834.37	257420	116485	11836	31105	49299	26413	5245	11072
1395729835.37	257420	116485	11836	31105	49299	26413	5245	11072
1395729836.37	257420	116485	11836	31105	49299	26413	5245	11072
1395729837.38	257420	116485	11836	31105	49299	26413	5245	11072
1395729838.38	257420	116485	11836	31105	49299	26413	5245	11072
1395729839.38	257420	116485	11836	31105	49299	26413	5245	11072
1395729840.38	257420	116485	11836	31105	49299	26413	5245	11072
1395729841.39	257420	116485	11836	31105	49299	26413	5245	11072
1395729842.39	257420	116485	11836	31105	49299	26413	5245	11072
1395729843.39	257420	116485	11836	31105	49299	26413	5245	11072
1395729844.39	257420	116485	11836	31105	49299	26413	5245	11072
1395729845.4	257420	116485	11836	31105	49299	26413	5245	11072
1395729846.4	257420	116485	11836	31105	49299	26413	5245	11072
1395729847.4	257420	116485	11836	31105	49299	26413	5245	11072
1395729848.4	257420	116485	11836	31105	49299	26413	5245	11072
1395729849.4	257420	116485	11836	31105	49299	26413	5245	11072
1395729850.41	257420	116485	11836	31105	49299	26413	5245	11072
1395729851.41	257420	116485	11836	31105	49299	26413	5245	11072
1395729852.41	257420	116485	11836	31105	49299	26413	5245	11072
1395729853.41	257420	116485	11836	31105	49299	26413	5245	11072
1395729854.42	257420	116485	11836	31105	49299	26413	5245	11072
1395729855.42	257420	116485	11836	31105	49299	26413	5245	11072
1395729856.42	257420	116485	11836	31105	49299	26413	5245	11072
1395729857.42	257420	116485	11836	31105	49299	26413	5245	11072
1395729858.43	257420	116485	11836	31105	49299	26413	5245	11072
1395729859.43	257420	116485	11836	31105	49299	26413	5245	11072
1395729860.43	257420	116485	11836	31105	49299	26413	5245	11072
1395729861.43	257420	116485	11836	31105	49299	26413	5245	11072
1395729862.44	257420	116485	11836	31105	49299	26413	5245	11072
1395729863.44	257420	116485	11836	31105	49299	26413	5245	11072
1395729864.44	257420	116485	11836	31105	49299	26413	5245	11072
1395729865.44	257420	116485	11836	31105	49299	26413	5245	11072
1395729866.45	257420	116485	11836	31105	49299	26413	5245	11072
1395729867.45	257420	116485	11836	31105	49299	26413	5245	11072
1395729868.45	257420	116485	11836	31105	49299	26413	5245	11072
1395729869.45	257420	116485	11836	31105	49299	26413	5245	11072
1395729870.45	257420	116485	11836	31105	49299	26413	5245	11072
1395729871.46	257420	116485	11836	31105	49299	26413	5245	11072
1395729872.46	257420	116485	11836	31105	49299	26413	5245	11072
1395729873.46	257420	116485	11836	31105	49299	26413	5245	11072
1395729874.46	257420	116485	11836	31105	49299	26413	5245	11072
1395729875.46	257420	116485	11836	31105	49299	26413	5245	11072
1395729876.47	257420	116485	11836	31105	49299	26413	5245	11072
1395729877.47	257420	116485	11836	31105	49299	26413	5245	11072
1395729878.47	257420	116485	11836	31105	49299	26413	5245	11072
1395729879.47	257420	116485	11836	31105	49299	26413	5245	11072
1395729880.48	257420	116485	11836	31105	49299	26413	5245	11072
1395729881.48	257420	116485	11836	31105	49299	26413	5245	11072
1395729882.48	257420	116485	11836	31105	49299	26413	5245	11072
1395729883.48	257420	116485	11836	31105	49299	26413	5245	11072
1395729884.48	257420	116485	11836	31105	49299	26413	5245	11072
1395729885.49	257420	116485	11836	31105	49299	26413	5245	11072
1395729886.49	257420	116485	11836	31105	49299	26413	5245	11072
1395729887.49	257420	116485	11836	31105	49299	26413	5245	11072
1395729888.49	257420	116485	11836	31105	49299	26413	5245	11072
1395729889.5	257420	116485	11836	31105	49299	26413	5245	11072
1395729890.5	257420	116485	11836	31105	49299	26413	5245	11072
1395729891.5	257420	116485	11836	31105	49299	26413	5245	11072
1395729892.5	257420	116485	11836	31105	49299	26413	5245	11072
1395729893.51	257420	116485	11836	31105	49299	26413	5245	11072
1395729894.51	257420	116485	11836	31105	49299	26413	5245	11072
1395729895.51	257420	116485	11836	31105	49299	26413	5245	11072
1395729896.51	257420	116485	11836	31105	49299	26413	5245	11072
1395729897.51	257420	116485	11836	31105	49299	26413	5245	11072
1395729898.52	257420	116485	11836	31105	49299	26413	5245	11072
1395729899.52	257420	116485	11836	31105	49299	26413	5245	11072
1395729900.52	257420	116485	11836	31105	49299	26413	5245	11072
1395729901.52	257420	116485	11836	31105	49299	26413	5245	11072
1395729902.52	257420	116485	11836	31105	49299	26413	5245	11072
1395729903.53	257420	116485	11836	31105	49299	26413	5245	11072
1395729904.53	257420	116485	11836	31105	49299	26413	5245	11072
1395729905.53	257420	116485	11836	31105	49299	26413	5245	11072
1395729906.53	257420	116485	11836	31105	49299	26413	5245	11072
1395729907.54	257420	116485	11836	31105	49299	26413	5245	11072
1395729908.54	257420	116485	11836	31105	49299	26413	5245	11072
1395729909.54	257420	116485	11836	31105	49299	26413	5245	11072
1395729910.54	257420	116485	11836	31105	49299	26413	5245	11072
1395729911.55	257420	116485	11836	31105	49299	26413	5245	11072
1395729912.55	257420	116485	11836	31105	49299	26413	5245	11072
1395729913.55	257420	116485	11836	31105	49299	26413	5245	11072
1395729914.55	257420	116485	11836	31105	49299	26413	5245	11072
1395729915.56	257420	116485	11836	31105	49299	26413	5245	11072
1395729916.56	257420	116485	11836	31105	49299	26413	5245	11072
1395729917.56	257420	116485	11836	31105	49299	26413	5245	11072
1395729918.56	257420	116485	11836	31105	49299	26413	5245	11072
1395729919.56	257420	116485	11836	31105	49299	26413	5245	11072
1395729920.57	257420	116485	11836	31105	49299	26413	5245	11072
1395729921.57	257420	116485	11836	31105	49299	26413	5245	11072
1395729922.57	257420	116485	11836	31105	49299	26413	5245	11072
1395729923.57	257420	116485	11836	31105	49299	26413	5245	11072
1395729924.58	257420	116485	11836	31105	49299	26413	5245	11072
1395729925.58	257420	116485	11836	31105	49299	26413	5245	11072
1395729926.58	257420	116485	11836	31105	49299	26413	5245	11072
1395729927.58	257420	116485	11836	31105	49299	26413	5245	11072
1395729928.59	257420	116485	11836	31105	49299	26413	5245	11072
1395729929.59	257420	116485	11836	31105	49299	26413	5245	11072
1395729930.59	257420	116485	11836	31105	49299	26413	5245	11072
1395729931.59	257420	116485	11836	31105	49299	26413	5245	11072
1395729932.59	257420	116485	11836	31105	49299	26413	5245	11072
1395729933.6	257420	116485	11836	31105	49299	26413	5245	11072
1395729934.6	257420	116485	11836	31105	49299	26413	5245	11072
1395729935.6	257420	116485	11836	31105	49299	26413	5245	11072
1395729936.6	257420	116485	11836	31105	49299	26413	5245	11072
1395729937.61	257420	116485	11836	31105	49299	26413	5245	11072
1395729938.61	257420	116485	11836	31105	49299	26413	5245	11072
1395729939.61	257420	116485	11836	31105	49299	26413	5245	11072
1395729940.61	257420	116485	11836	31105	49299	26413	5245	11072
1395729941.62	257420	116485	11836	31105	49299	26413	5245	11072
1395729942.62	257420	116485	11836	31105	49299	26413	5245	11072
1395729943.62	257420	116485	11836	31105	49299	26413	5245	11072
1395729944.62	257420	116485	11836	31105	49299	26413	5245	11072
1395729945.63	257420	116485	11836	31105	49299	26413	5245	11072
1395729946.63	257420	116485	11836	31105	49299	26413	5245	11072
1395729947.63	257420	116485	11836	31105	49299	26413	5245	11072
1395729948.64	257420	116485	11836	31105	49299	26413	5245	11072
1395729949.64	257420	116485	11836	31105	49299	26413	5245	11072
1395729950.64	257420	116485	11836	31105	49299	26413	5245	11072
1395729951.64	257420	116485	11836	31105	49299	26413	5245	11072
1395729952.64	257420	116485	11836	31105	49299	26413	5245	11072
1395729953.65	257420	116485	11836	31105	49299	26413	5245	11072
1395729954.65	257420	116485	11836	31105	49299	26413	5245	11072
1395729955.65	257420	116485	11836	31105	49299	26413	5245	11072
1395729956.65	257420	116485	11836	31105	49299	26413	5245	11072
1395729957.66	257420	116485	11836	31105	49299	26413	5245	11072
1395729958.66	257420	116485	11836	31105	49299	26413	5245	11072
1395729959.66	257420	116485	11836	31105	49299	26413	5245	11072
1395729960.66	257420	116485	11836	31105	49299	26413	5245	11072
1395729961.67	257420	116485	11836	31105	49299	26413	5245	11072
1395729962.67	257420	116485	11836	31105	49299	26413	5245	11072
1395729963.67	257420	116485	11836	31105	49299	26413	5245	11072
1395729964.67	257420	116485	11836	31105	49299	26413	5245	11072
1395729965.67	257420	116485	11836	31105	49299	26413	5245	11072
1395729966.68	257420	116485	11836	31105	49299	26413	5245	11072
1395729967.68	257420	116485	11836	31105	49299	26413	5245	11072
1395729968.68	257420	116485	11836	31105	49299	26413	5245	11072
1395729969.68	257420	116485	11836	31105	49299	26413	5245	11072
1395729970.69	257420	116485	11836	31105	49299	26413	5245	11072
1395729971.69	257420	116485	11836	31105	49299	26413	5245	11072
1395729972.69	257420	116485	11836	31105	49299	26413	5245	11072
1395729973.69	257420	116485	11836	31105	49299	26413	5245	11072
1395729974.7	257420	116485	11836	31105	49299	26413	5245	11072
1395729975.7	257420	116485	11836	31105	49299	26413	5245	11072
1395729976.7	257420	116485	11836	31105	49299	26413	5245	11072
1395729977.7	257420	116485	11836	31105	49299	26413	5245	11072
1395729978.71	257420	116485	11836	31105	49299	26413	5245	11072
1395729979.71	257420	116485	11836	31105	49299	26413	5245	11072
1395729980.71	257420	116485	11836	31105	49299	26413	5245	11072
1395729981.71	257420	116485	11836	31105	49299	26413	5245	11072
1395729982.72	257420	116485	11836	31105	49299	26413	5245	11072
1395729983.72	257420	116485	11836	31105	49299	26413	5245	11072
1395729984.72	257420	116485	11836	31105	49299	26413	5245	11072
1395729985.72	257420	116485	11836	31105	49299	26413	5245	11072
1395729986.72	257420	116485	11836	31105	49299	26413	5245	11072
1395729987.73	257420	116485	11836	31105	49299	26413	5245	11072
1395729988.73	257420	116485	11836	31105	49299	26413	5245	11072
1395729989.73	257420	116485	11836	31105	49299	26413	5245	11072
1395729990.74	257420	116485	11836	31105	49299	26413	5245	11072
1395729991.74	257420	116485	11836	31105	49299	26413	5245	11072
1395729992.74	257420	116485	11836	31105	49299	26413	5245	11072
1395729993.74	257420	116485	11836	31105	49299	26413	5245	11072
1395729994.75	257420	116485	11836	31105	49299	26413	5245	11072
1395729995.75	257420	116485	11836	31105	49299	26413	5245	11072
1395729996.75	257420	116485	11836	31105	49299	26413	5245	11072
1395729997.75	257420	116485	11836	31105	49299	26413	5245	11072
1395729998.76	257420	116485	11836	31105	49299	26413	5245	11072
1395729999.76	257420	116485	11836	31105	49299	26413	5245	11072
1395730000.76	257420	116485	11836	31105	49299	26413	5245	11072
1395730001.76	257420	116485	11836	31105	49299	26413	5245	11072
1395730002.77	257420	116485	11836	31105	49299	26413	5245	11072
1395730003.77	257420	116485	11836	31105	49299	26413	5245	11072
1395730004.77	257420	116485	11836	31105	49299	26413	5245	11072
1395730005.77	257420	116485	11836	31105	49299	26413	5245	11072
1395730006.78	257420	116485	11836	31105	49299	26413	5245	11072
1395730007.78	257420	116485	11836	31105	49299	26413	5245	11072
1395730008.78	257420	116485	11836	31105	49299	26413	5245	11072
1395730009.78	257420	116485	11836	31105	49299	26413	5245	11072
1395730010.78	257420	116485	11836	31105	49299	26413	5245	11072
1395730011.79	257420	116485	11836	31105	49299	26413	5245	11072
1395730012.79	257420	116485	11836	31105	49299	26413	5245	11072
1395730013.79	257420	116485	11836	31105	49299	26413	5245	11072
1395730014.79	257420	116485	11836	31105	49299	26413	5245	11072
1395730015.79	257420	116485	11836	31105	49299	26413	5245	11072
1395730016.8	257420	116485	11836	31105	49299	26413	5245	11072
1395730017.8	257420	116485	11836	31105	49299	26413	5245	11072
1395730018.8	257420	116485	11836	31105	49299	26413	5245	11072
1395730019.8	257420	116485	11836	31105	49299	26413	5245	11072
1395730020.81	257420	116485	11836	31105	49299	26413	5245	11072
1395730021.81	257420	116485	11836	31105	49299	26413	5245	11072
1395730022.81	257420	116485	11836	31105	49299	26413	5245	11072
1395730023.81	257420	116485	11836	31105	49299	26413	5245	11072
1395730024.82	257420	116485	11836	31105	49299	26413	5245	11072
1395730025.82	257420	116485	11836	31105	49299	26413	5245	11072
1395730026.82	257420	116485	11836	31105	49299	26413	5245	11072
1395730027.82	257420	116485	11836	31105	49299	26413	5245	11072
1395730028.83	257420	116485	11836	31105	49299	26413	5245	11072
1395730029.83	257420	116485	11836	31105	49299	26413	5245	11072
1395730030.83	257420	116485	11836	31105	49299	26413	5245	11072
1395730031.83	257420	116485	11836	31105	49299	26413	5245	11072
1395730032.84	257420	116485	11836	31105	49299	26413	5245	11072
1395730033.84	257420	116485	11836	31105	49299	26413	5245	11072
1395730034.84	257420	116485	11836	31105	49299	26413	5245	11072
1395730035.84	257420	116485	11836	31105	49299	26413	5245	11072
1395730036.85	257420	116485	11836	31105	49299	26413	5245	11072
1395730037.85	257420	116485	11836	31105	49299	26413	5245	11072
1395730038.85	257420	116485	11836	31105	49299	26413	5245	11072
1395730039.85	257420	116485	11836	31105	49299	26413	5245	11072
1395730040.86	257420	116485	11836	31105	49299	26413	5245	11072
1395730041.86	257420	116485	11836	31105	49299	26413	5245	11072
1395730042.86	257420	116485	11836	31105	49299	26413	5245	11072
1395730043.86	257420	116485	11836	31105	49299	26413	5245	11072
1395730044.87	257420	116485	11836	31105	49299	26413	5245	11072
1395730045.87	257420	116485	11836	31105	49299	26413	5245	11072
1395730046.87	257420	116485	11836	31105	49299	26413	5245	11072
1395730047.87	257420	116485	11836	31105	49299	26413	5245	11072
1395730048.88	257420	116485	11836	31105	49299	26413	5245	11072
1395730049.88	257420	116485	11836	31105	49299	26413	5245	11072
1395730050.88	257420	116485	11836	31105	49299	26413	5245	11072
1395730051.89	257420	116485	11836	31105	49299	26413	5245	11072
1395730052.89	257420	116485	11836	31105	49299	26413	5245	11072
1395730053.89	257420	116485	11836	31105	49299	26413	5245	11072
1395730054.89	257420	116485	11836	31105	49299	26413	5245	11072
1395730055.9	257420	116485	11836	31105	49299	26413	5245	11072
1395730056.9	257420	116485	11836	31105	49299	26413	5245	11072
1395730057.9	257420	116485	11836	31105	49299	26413	5245	11072
1395730058.91	257420	116485	11836	31105	49299	26413	5245	11072
1395730059.91	257420	116485	11836	31105	49299	26413	5245	11072
1395730060.91	257420	116485	11836	31105	49299	26413	5245	11072
1395730061.91	257420	116485	11836	31105	49299	26413	5245	11072
1395730062.92	257420	116485	11836	31105	49299	26413	5245	11072
1395730063.92	257420	116485	11836	31105	49299	26413	5245	11072
1395730064.92	257420	116485	11836	31105	49299	26413	5245	11072
1395730065.92	257420	116485	11836	31105	49299	26413	5245	11072
1395730066.93	257420	116485	11836	31105	49299	26413	5245	11072
1395730067.93	257420	116485	11836	31105	49299	26413	5245	11072
1395730068.93	257420	116485	11836	31105	49299	26413	5245	11072
1395730069.93	257420	116485	11836	31105	49299	26413	5245	11072
1395730070.94	257420	116485	11836	31105	49299	26413	5245	11072
1395730071.94	257420	116485	11836	31105	49299	26413	5245	11072
1395730072.94	257420	116485	11836	31105	49299	26413	5245	11072
1395730073.94	257420	116485	11836	31105	49299	26413	5245	11072
1395730074.94	257420	116485	11836	31105	49299	26413	5245	11072
1395730075.95	257420	116485	11836	31105	49299	26413	5245	11072
1395730076.95	257420	116485	11836	31105	49299	26413	5245	11072
1395730077.95	257420	116485	11836	31105	49299	26413	5245	11072
1395730078.96	257420	116485	11836	31105	49299	26413	5245	11072
1395730079.96	257420	116485	11836	31105	49299	26413	5245	11072
1395730080.96	257420	116485	11836	31105	49299	26413	5245	11072
1395730081.96	257420	116485	11836	31105	49299	26413	5245	11072
1395730082.97	257420	116485	11836	31105	49299	26413	5245	11072
1395730083.97	257420	116485	11836	31105	49299	26413	5245	11072
1395730084.97	257420	116485	11836	31105	49299	26413	5245	11072
1395730085.97	257420	116485	11836	31105	49299	26413	5245	11072
1395730086.97	257420	116485	11836	31105	49299	26413	5245	11072
1395730087.98	257420	116485	11836	31105	49299	26413	5245	11072
1395730088.98	257420	116485	11836	31105	49299	26413	5245	11072
1395730089.98	257420	116485	11836	31105	49299	26413	5245	11072
1395730090.98	257420	116485	11836	31105	49299	26413	5245	11072
1395730091.99	257420	116485	11836	31105	49299	26413	5245	11072
1395730092.99	257420	116485	11836	31105	49299	26413	5245	11072
1395730093.99	257420	116485	11836	31105	49299	26413	5245	11072
1395730094.99	257420	116485	11836	31105	49299	26413	5245	11072
1395730096.0	257420	116485	11836	31105	49299	26413	5245	11072
1395730097.0	257420	116485	11836	31105	49299	26413	5245	11072
1395730098.0	257420	116485	11836	31105	49299	26413	5245	11072
1395730099.0	257420	116485	11836	31105	49299	26413	5245	11072
1395730100.01	257420	116485	11836	31105	49299	26413	5245	11072
1395730101.01	257420	116485	11836	31105	49299	26413	5245	11072
1395730102.01	257420	116485	11836	31105	49299	26413	5245	11072
1395730103.01	257420	116485	11836	31105	49299	26413	5245	11072
1395730104.02	257420	116485	11836	31105	49299	26413	5245	11072
1395730105.02	257420	116485	11836	31105	49299	26413	5245	11072
1395730106.02	257420	116485	11836	31105	49299	26413	5245	11072
1395730107.02	257420	116485	11836	31105	49299	26413	5245	11072
1395730108.02	257420	116485	11836	31105	49299	26413	5245	11072
1395730109.03	257420	116485	11836	31105	49299	26413	5245	11072
1395730110.03	257420	116485	11836	31105	49299	26413	5245	11072
1395730111.03	257420	116485	11836	31105	49299	26413	5245	11072
1395730112.03	257420	116485	11836	31105	49299	26413	5245	11072
1395730113.04	257420	116485	11836	31105	49299	26413	5245	11072
1395730114.04	257420	116485	11836	31105	49299	26413	5245	11072
1395730115.04	257420	116485	11836	31105	49299	26413	5245	11072
1395730116.04	257420	116485	11836	31105	49299	26413	5245	11072
1395730117.05	257420	116485	11836	31105	49299	26413	5245	11072
1395730118.05	257420	116485	11836	31105	49299	26413	5245	11072
1395730119.05	257420	116485	11836	31105	49299	26413	5245	11072
1395730120.05	257420	116485	11836	31105	49299	26413	5245	11072
1395730121.06	257420	116485	11836	31105	49299	26413	5245	11072
1395730122.06	257420	116485	11836	31105	49299	26413	5245	11072
1395730123.06	257420	116485	11836	31105	49299	26413	5245	11072
1395730124.06	257420	116485	11836	31105	49299	26413	5245	11072
1395730125.06	257420	116485	11836	31105	49299	26413	5245	11072
1395730126.07	257420	116485	11836	31105	49299	26413	5245	11072
1395730127.07	257420	116485	11836	31105	49299	26413	5245	11072
1395730128.07	257420	116485	11836	31105	49299	26413	5245	11072
1395730129.07	257420	116485	11836	31105	49299	26413	5245	11072
1395730130.08	257420	116485	11836	31105	49299	26413	5245	11072
1395730131.08	257420	116485	11836	31105	49299	26413	5245	11072
1395730132.08	257420	116485	11836	31105	49299	26413	5245	11072
1395730133.08	257420	116485	11836	31105	49299	26413	5245	11072
1395730134.09	257420	116485	11836	31105	49299	26413	5245	11072
1395730135.09	257420	116485	11836	31105	49299	26413	5245	11072
1395730136.09	257420	116485	11836	31105	49299	26413	5245	11072
1395730137.09	257420	116485	11836	31105	49299	26413	5245	11072
1395730138.09	257420	116485	11836	31105	49299	26413	5245	11072
1395730139.1	257420	116485	11836	31105	49299	26413	5245	11072
1395730140.1	257420	116485	11836	31105	49299	26413	5245	11072
1395730141.1	257420	116485	11836	31105	49299	26413	5245	11072
1395730142.1	257420	116485	11836	31105	49299	26413	5245	11072
1395730143.11	257420	116485	11836	31105	49299	26413	5245	11072
1395730144.11	257420	116485	11836	31105	49299	26413	5245	11072
1395730145.11	257420	116485	11836	31105	49299	26413	5245	11072
1395730146.12	257420	116485	11836	31105	49299	26413	5245	11072
1395730147.12	257420	116485	11836	31105	49299	26413	5245	11072
1395730148.12	257420	116485	11836	31105	49299	26413	5245	11072
1395730149.12	257420	116485	11836	31105	49299	26413	5245	11072
1395730150.13	257420	116485	11836	31105	49299	26413	5245	11072
1395730151.13	257420	116485	11836	31105	49299	26413	5245	11072
1395730152.13	257420	116485	11836	31105	49299	26413	5245	11072
1395730153.13	257420	116485	11836	31105	49299	26413	5245	11072
1395730154.14	257420	116485	11836	31105	49299	26413	5245	11072
1395730155.14	257420	116485	11836	31105	49299	26413	5245	11072
1395730156.14	257420	116485	11836	31105	49299	26413	5245	11072
1395730157.14	257420	116485	11836	31105	49299	26413	5245	11072
1395730158.15	257420	116485	11836	31105	49299	26413	5245	11072
1395730159.15	257420	116485	11836	31105	49299	26413	5245	11072
1395730160.15	257420	116485	11836	31105	49299	26413	5245	11072
1395730161.16	257420	116485	11836	31105	49299	26413	5245	11072
1395730162.16	257420	116485	11836	31105	49299	26413	5245	11072
1395730163.16	257420	116485	11836	31105	49299	26413	5245	11072
1395730164.16	257420	116485	11836	31105	49299	26413	5245	11072
1395730165.17	257420	116485	11836	31105	49299	26413	5245	11072
1395730166.17	257420	116485	11836	31105	49299	26413	5245	11072
1395730167.17	257420	116485	11836	31105	49299	26413	5245	11072
1395730168.17	257420	116485	11836	31105	49299	26413	5245	11072
1395730169.18	257420	116485	11836	31105	49299	26413	5245	11072
1395730170.18	257420	116485	11836	31105	49299	26413	5245	11072
1395730171.18	257420	116485	11836	31105	49299	26413	5245	11072
1395730172.18	257420	116485	11836	31105	49299	26413	5245	11072
1395730173.18	257420	116485	11836	31105	49299	26413	5245	11072
1395730174.19	257420	116485	11836	31105	49299	26413	5245	11072
1395730175.19	257420	116485	11836	31105	49299	26413	5245	11072
1395730176.19	257420	116485	11836	31105	49299	26413	5245	11072
1395730177.19	257420	116485	11836	31105	49299	26413	5245	11072
1395730178.2	257420	116485	11836	31105	49299	26413	5245	11072
1395730179.2	257420	116485	11836	31105	49299	26413	5245	11072
1395730180.2	257420	116485	11836	31105	49299	26413	5245	11072
1395730181.2	257420	116485	11836	31105	49299	26413	5245	11072
1395730182.21	257420	116485	11836	31105	49299	26413	5245	11072
1395730183.21	257420	116485	11836	31105	49299	26413	5245	11072
1395730184.21	257420	116485	11836	31105	49299	26413	5245	11072
1395730185.21	257420	116485	11836	31105	49299	26413	5245	11072
1395730186.22	257420	116485	11836	31105	49299	26413	5245	11072
1395730187.22	257420	116485	11836	31105	49299	26413	5245	11072
1395730188.22	257420	116485	11836	31105	49299	26413	5245	11072
1395730189.22	257420	116485	11836	31105	49299	26413	5245	11072
1395730190.23	257420	116485	11836	31105	49299	26413	5245	11072
1395730191.23	257420	116485	11836	31105	49299	26413	5245	11072
1395730192.23	257420	116485	11836	31105	49299	26413	5245	11072
1395730193.23	257420	116485	11836	31105	49299	26413	5245	11072
1395730194.23	257420	116485	11836	31105	49299	26413	5245	11072
1395730195.24	257420	116485	11836	31105	49299	26413	5245	11072
1395730196.24	257420	116485	11836	31105	49299	26413	5245	11072
1395730197.24	257420	116485	11836	31105	49299	26413	5245	11072
1395730198.25	257420	116485	11836	31105	49299	26413	5245	11072
1395730199.25	257420	116485	11836	31105	49299	26413	5245	11072
1395730200.25	257420	116485	11836	31105	49299	26413	5245	11072
1395730201.25	257420	116485	11836	31105	49299	26413	5245	11072
1395730202.26	257420	116485	11836	31105	49299	26413	5245	11072
1395730203.26	257420	116485	11836	31105	49299	26413	5245	11072
1395730204.26	257420	116485	11836	31105	49299	26413	5245	11072
1395730205.26	257420	116485	11836	31105	49299	26413	5245	11072
1395730206.26	257420	116485	11836	31105	49299	26413	5245	11072
1395730207.27	257420	116485	11836	31105	49299	26413	5245	11072
1395730208.27	257420	116485	11836	31105	49299	26413	5245	11072
1395730209.27	257420	116485	11836	31105	49299	26413	5245	11072
1395730210.28	257420	116485	11836	31105	49299	26413	5245	11072
1395730211.28	257420	116485	11836	31105	49299	26413	5245	11072
1395730212.28	257420	116485	11836	31105	49299	26413	5245	11072
1395730213.28	257420	116485	11836	31105	49299	26413	5245	11072
1395730214.29	257420	116485	11836	31105	49299	26413	5245	11072
1395730215.29	257420	116485	11836	31105	49299	26413	5245	11072
1395730216.29	257420	116485	11836	31105	49299	26413	5245	11072
1395730217.29	257420	116485	11836	31105	49299	26413	5245	11072
1395730218.3	257420	116485	11836	31105	49299	26413	5245	11072
1395730219.3	257420	116485	11836	31105	49299	26413	5245	11072
1395730220.3	257420	116485	11836	31105	49299	26413	5245	11072
1395730221.3	257420	116485	11836	31105	49299	26413	5245	11072
1395730222.3	257420	116485	11836	31105	49299	26413	5245	11072
1395730223.31	257420	116485	11836	31105	49299	26413	5245	11072
1395730224.31	257420	116485	11836	31105	49299	26413	5245	11072
1395730225.31	257420	116485	11836	31105	49299	26413	5245	11072
1395730226.31	257420	116485	11836	31105	49299	26413	5245	11072
1395730227.32	257420	116485	11836	31105	49299	26413	5245	11072
1395730228.32	257420	116485	11836	31105	49299	26413	5245	11072
1395730229.32	257420	116485	11836	31105	49299	26413	5245	11072
1395730230.32	257420	116485	11836	31105	49299	26413	5245	11072
1395730231.33	257420	116485	11836	31105	49299	26413	5245	11072
1395730232.33	257420	116485	11836	31105	49299	26413	5245	11072
1395730233.33	257420	116485	11836	31105	49299	26413	5245	11072
1395730234.33	257420	116485	11836	31105	49299	26413	5245	11072
1395730235.34	257420	116485	11836	31105	49299	26413	5245	11072
1395730236.34	257420	116485	11836	31105	49299	26413	5245	11072
1395730237.34	257420	116485	11836	31105	49299	26413	5245	11072
1395730238.34	257420	116485	11836	31105	49299	26413	5245	11072
1395730239.35	257420	116485	11836	31105	49299	26413	5245	11072
1395730240.35	257420	116485	11836	31105	49299	26413	5245	11072
1395730241.35	257420	116485	11836	31105	49299	26413	5245	11072
1395730242.35	257420	116485	11836	31105	49299	26413	5245	11072
1395730243.36	257420	116485	11836	31105	49299	26413	5245	11072
1395730244.36	257420	116485	11836	31105	49299	26413	5245	11072
1395730245.36	257420	116485	11836	31105	49299	26413	5245	11072
1395730246.36	257420	116485	11836	31105	49299	26413	5245	11072
1395730247.37	257420	116485	11836	31105	49299	26413	5245	11072
1395730248.37	257420	116485	11836	31105	49299	26413	5245	11072
1395730249.37	257420	116485	11836	31105	49299	26413	5245	11072
1395730250.37	257420	116485	11836	31105	49299	26413	5245	11072
1395730251.38	257420	116485	11836	31105	49299	26413	5245	11072
1395730252.38	257420	116485	11836	31105	49299	26413	5245	11072
1395730253.38	257420	116485	11836	31105	49299	26413	5245	11072
1395730254.38	257420	116485	11836	31105	49299	26413	5245	11072
1395730255.39	257420	116485	11836	31105	49299	26413	5245	11072
1395730256.39	257420	116485	11836	31105	49299	26413	5245	11072
1395730257.39	257420	116485	11836	31105	49299	26413	5245	11072
1395730258.39	257420	116485	11836	31105	49299	26413	5245	11072
1395730259.39	257420	116485	11836	31105	49299	26413	5245	11072
1395730260.4	257420	116485	11836	31105	49299	26413	5245	11072
1395730261.4	257420	116485	11836	31105	49299	26413	5245	11072
1395730262.4	257420	116485	11836	31105	49299	26413	5245	11072
1395730263.4	257420	116485	11836	31105	49299	26413	5245	11072
1395730264.41	257420	116485	11836	31105	49299	26413	5245	11072
1395730265.41	257420	116485	11836	31105	49299	26413	5245	11072
1395730266.41	257420	116485	11836	31105	49299	26413	5245	11072
1395730267.41	257420	116485	11836	31105	49299	26413	5245	11072
1395730268.42	257420	116485	11836	31105	49299	26413	5245	11072
1395730269.42	257420	116485	11836	31105	49299	26413	5245	11072
1395730270.42	257420	116485	11836	31105	49299	26413	5245	11072
1395730271.42	257420	116485	11836	31105	49299	26413	5245	11072
1395730272.43	257420	116485	11836	31105	49299	26413	5245	11072
1395730273.43	257420	116485	11836	31105	49299	26413	5245	11072
1395730274.43	257420	116485	11836	31105	49299	26413	5245	11072
1395730275.43	257420	116485	11836	31105	49299	26413	5245	11072
1395730276.44	257420	116485	11836	31105	49299	26413	5245	11072
1395730277.44	257420	116485	11836	31105	49299	26413	5245	11072
1395730278.44	257420	116485	11836	31105	49299	26413	5245	11072
1395730279.44	257420	116485	11836	31105	49299	26413	5245	11072
1395730280.44	257420	116485	11836	31105	49299	26413	5245	11072
1395730281.45	257420	116485	11836	31105	49299	26413	5245	11072
1395730282.45	257420	116485	11836	31105	49299	26413	5245	11072
1395730283.45	257420	116485	11836	31105	49299	26413	5245	11072
1395730284.45	257420	116485	11836	31105	49299	26413	5245	11072
1395730285.46	257420	116485	11836	31105	49299	26413	5245	11072
1395730286.46	257420	116485	11836	31105	49299	26413	5245	11072
1395730287.46	257420	116485	11836	31105	49299	26413	5245	11072
1395730288.46	257420	116485	11836	31105	49299	26413	5245	11072
1395730289.47	257420	116485	11836	31105	49299	26413	5245	11072
1395730290.47	257420	116485	11836	31105	49299	26413	5245	11072
1395730291.47	257420	116485	11836	31105	49299	26413	5245	11072
1395730292.47	257420	116485	11836	31105	49299	26413	5245	11072
1395730293.47	257420	116485	11836	31105	49299	26413	5245	11072
1395730294.48	257420	116485	11836	31105	49299	26413	5245	11072
1395730295.48	257420	116485	11836	31105	49299	26413	5245	11072
1395730296.48	257420	116485	11836	31105	49299	26413	5245	11072
1395730297.48	257420	116485	11836	31105	49299	26413	5245	11072
1395730298.49	257420	116485	11836	31105	49299	26413	5245	11072
1395730299.49	257420	116485	11836	31105	49299	26413	5245	11072
1395730300.49	257420	116485	11836	31105	49299	26413	5245	11072
1395730301.49	257420	116485	11836	31105	49299	26413	5245	11072
1395730302.5	257420	116485	11836	31105	49299	26413	5245	11072
1395730303.5	257420	116485	11836	31105	49299	26413	5245	11072
1395730304.5	257420	116485	11836	31105	49299	26413	5245	11072
1395730305.5	257420	116485	11836	31105	49299	26413	5245	11072
1395730306.5	257420	116485	11836	31105	49299	26413	5245	11072
1395730307.5	257420	116485	11836	31105	49299	26413	5245	11072
1395730308.51	257420	116485	11836	31105	49299	26413	5245	11072
1395730309.51	257420	116485	11836	31105	49299	26413	5245	11072
1395730310.51	257420	116485	11836	31105	49299	26413	5245	11072
1395730311.51	257420	116485	11836	31105	49299	26413	5245	11072
1395730312.52	257420	116485	11836	31105	49299	26413	5245	11072
1395730313.52	257420	116485	11836	31105	49299	26413	5245	11072
1395730314.52	257420	116485	11836	31105	49299	26413	5245	11072
1395730315.52	257420	116485	11836	31105	49299	26413	5245	11072
1395730316.53	257420	116485	11836	31105	49299	26413	5245	11072
1395730317.53	257420	116485	11836	31105	49299	26413	5245	11072
1395730318.53	257420	116485	11836	31105	49299	26413	5245	11072
1395730319.53	257420	116485	11836	31105	49299	26413	5245	11072
1395730320.54	257420	116485	11836	31105	49299	26413	5245	11072
1395730321.54	257420	116485	11836	31105	49299	26413	5245	11072
1395730322.54	257420	116485	11836	31105	49299	26413	5245	11072
1395730323.54	257420	116485	11836	31105	49299	26413	5245	11072
1395730324.55	257420	116485	11836	31105	49299	26413	5245	11072
1395730325.55	257420	116485	11836	31105	49299	26413	5245	11072
1395730326.55	257420	116485	11836	31105	49299	26413	5245	11072
1395730327.55	257420	116485	11836	31105	49299	26413	5245	11072
1395730328.56	257420	116485	11836	31105	49299	26413	5245	11072
1395730329.56	257420	116485	11836	31105	49299	26413	5245	11072
1395730330.56	257420	116485	11836	31105	49299	26413	5245	11072
1395730331.56	257420	116485	11836	31105	49299	26413	5245	11072
1395730332.57	257420	116485	11836	31105	49299	26413	5245	11072
1395730333.57	257420	116485	11836	31105	49299	26413	5245	11072
1395730334.57	257420	116485	11836	31105	49299	26413	5245	11072
1395730335.57	257420	116485	11836	31105	49299	26413	5245	11072
1395730336.58	257420	116485	11836	31105	49299	26413	5245	11072
1395730337.58	257420	116485	11836	31105	49299	26413	5245	11072
1395730338.58	257420	116485	11836	31105	49299	26413	5245	11072
1395730339.58	257420	116485	11836	31105	49299	26413	5245	11072
1395730340.58	257420	116485	11836	31105	49299	26413	5245	11072
1395730341.59	257420	116485	11836	31105	49299	26413	5245	11072
1395730342.59	257420	116485	11836	31105	49299	26413	5245	11072
1395730343.59	257420	116485	11836	31105	49299	26413	5245	11072
1395730344.59	257420	116485	11836	31105	49299	26413	5245	11072
1395730345.6	257420	116485	11836	31105	49299	26413	5245	11072
1395730346.6	257420	116485	11836	31105	49299	26413	5245	11072
1395730347.6	257420	116485	11836	31105	49299	26413	5245	11072
1395730348.6	257420	116485	11836	31105	49299	26413	5245	11072
1395730349.61	257420	116485	11836	31105	49299	26413	5245	11072
1395730350.61	257420	116485	11836	31105	49299	26413	5245	11072
1395730351.61	257420	116485	11836	31105	49299	26413	5245	11072
1395730352.61	257420	116485	11836	31105	49299	26413	5245	11072
1395730353.62	257420	116485	11836	31105	49299	26413	5245	11072
1395730354.62	257420	116485	11836	31105	49299	26413	5245	11072
1395730355.62	257420	116485	11836	31105	49299	26413	5245	11072
1395730356.62	257420	116485	11836	31105	49299	26413	5245	11072
1395730357.63	257420	116485	11836	31105	49299	26413	5245	11072
1395730358.63	257420	116485	11836	31105	49299	26413	5245	11072
1395730359.63	257420	116485	11836	31105	49299	26413	5245	11072
1395730360.63	257420	116485	11836	31105	49299	26413	5245	11072
1395730361.63	257420	116485	11836	31105	49299	26413	5245	11072
1395730362.64	257420	116485	11836	31105	49299	26413	5245	11072
1395730363.64	257420	116485	11836	31105	49299	26413	5245	11072
1395730364.64	257420	116485	11836	31105	49299	26413	5245	11072
1395730365.64	257420	116485	11836	31105	49299	26413	5245	11072
1395730366.65	257420	116485	11836	31105	49299	26413	5245	11072
1395730367.65	257420	116485	11836	31105	49299	26413	5245	11072
1395730368.65	257420	116485	11836	31105	49299	26413	5245	11072
1395730369.65	257420	116485	11836	31105	49299	26413	5245	11072
1395730370.66	257420	116485	11836	31105	49299	26413	5245	11072
1395730371.66	257420	116485	11836	31105	49299	26413	5245	11072
1395730372.66	257420	116485	11836	31105	49299	26413	5245	11072
1395730373.66	257420	116485	11836	31105	49299	26413	5245	11072
1395730374.67	257420	116485	11836	31105	49299	26413	5245	11072
1395730375.67	257420	116485	11836	31105	49299	26413	5245	11072
1395730376.67	257420	116485	11836	31105	49299	26413	5245	11072
1395730377.67	257420	116485	11836	31105	49299	26413	5245	11072
1395730378.67	257420	116485	11836	31105	49299	26413	5245	11072
1395730379.68	257420	116485	11836	31105	49299	26413	5245	11072
1395730380.68	257420	116485	11836	31105	49299	26413	5245	11072
1395730381.68	257420	116485	11836	31105	49299	26413	5245	11072
1395730382.68	257420	116485	11836	31105	49299	26413	5245	11072
1395730383.69	257420	116485	11836	31105	49299	26413	5245	11072
1395730384.69	257420	116485	11836	31105	49299	26413	5245	11072
1395730385.69	257420	116485	11836	31105	49299	26413	5245	11072
1395730386.69	257420	116485	11836	31105	49299	26413	5245	11072
1395730387.7	257420	116485	11836	31105	49299	26413	5245	11072
1395730388.7	257420	116485	11836	31105	49299	26413	5245	11072
1395730389.7	257420	116485	11836	31105	49299	26413	5245	11072
1395730390.71	257420	116485	11836	31105	49299	26413	5245	11072
1395730391.71	257420	116485	11836	31105	49299	26413	5245	11072
1395730392.71	257420	116485	11836	31105	49299	26413	5245	11072
1395730393.71	257420	116485	11836	31105	49299	26413	5245	11072
1395730394.72	257420	116485	11836	31105	49299	26413	5245	11072
1395730395.72	257420	116485	11836	31105	49299	26413	5245	11072
1395730396.72	257420	116485	11836	31105	49299	26413	5245	11072
1395730397.72	257420	116485	11836	31105	49299	26413	5245	11072
1395730398.73	257420	116485	11836	31105	49299	26413	5245	11072
1395730399.73	257420	116485	11836	31105	49299	26413	5245	11072
1395730400.73	257420	116485	11836	31105	49299	26413	5245	11072
1395730401.73	257420	116485	11836	31105	49299	26413	5245	11072
1395730402.74	257420	116485	11836	31105	49299	26413	5245	11072
1395730403.74	257420	116485	11836	31105	49299	26413	5245	11072
1395730404.74	257420	116485	11836	31105	49299	26413	5245	11072
1395730405.74	257420	116485	11836	31105	49299	26413	5245	11072
1395730406.75	257420	116485	11836	31105	49299	26413	5245	11072
1395730407.75	257420	116485	11836	31105	49299	26413	5245	11072
1395730408.75	257420	116485	11836	31105	49299	26413	5245	11072
1395730409.75	257420	116485	11836	31105	49299	26413	5245	11072
1395730410.75	257420	116485	11836	31105	49299	26413	5245	11072
1395730411.76	257420	116485	11836	31105	49299	26413	5245	11072
