Apr 22, 2014 15:58:49	74	69	0
Apr 22, 2014 15:58:50	88	60	0
Apr 22, 2014 15:58:51	87	50	0
Apr 22, 2014 15:58:52	91	51	0
Apr 22, 2014 15:58:53	93	44	0
Apr 22, 2014 15:58:54	90	53	0
Apr 22, 2014 15:58:55	93	56	0
Apr 22, 2014 15:58:56	93	54	0
Apr 22, 2014 15:58:57	84	63	0
Apr 22, 2014 15:58:58	94	67	0
Apr 22, 2014 15:58:59	80	64	0
Apr 22, 2014 15:59:00	83	57	0
Apr 22, 2014 15:59:01	100	54	0
Apr 22, 2014 15:59:02	100	56	0
Apr 22, 2014 15:59:03	100	61	0
Apr 22, 2014 15:59:04	100	60	0
Apr 22, 2014 15:59:05	90	63	0
Apr 22, 2014 15:59:07	81	57	0
Apr 22, 2014 15:59:08	84	51	0
Apr 22, 2014 15:59:09	100	54	0
Apr 22, 2014 15:59:10	83	43	0
Apr 22, 2014 15:59:11	80	48	0
Apr 22, 2014 15:59:12	81	61	0
Apr 22, 2014 15:59:13	48	54	0
Apr 22, 2014 15:59:14	64	61	0
Apr 22, 2014 15:59:15	61	64	0
Apr 22, 2014 15:59:16	41	61	0
Apr 22, 2014 15:59:17	74	63	0
Apr 22, 2014 15:59:18	64	56	0
Apr 22, 2014 15:59:19	69	41	0
Apr 22, 2014 15:59:20	69	41	0
Apr 22, 2014 15:59:21	61	27	0
Apr 22, 2014 15:59:22	75	35	0
Apr 22, 2014 15:59:23	54	41	0
Apr 22, 2014 15:59:24	77	48	0
Apr 22, 2014 15:59:25	83	50	0
Apr 22, 2014 15:59:26	70	54	0
Apr 22, 2014 15:59:27	74	56	0
Apr 22, 2014 15:59:28	69	61	0
Apr 22, 2014 15:59:29	53	37	0
Apr 22, 2014 15:59:30	61	38	0
Apr 22, 2014 15:59:31	63	35	0
Apr 22, 2014 15:59:32	70	43	0
Apr 22, 2014 15:59:33	90	56	0
Apr 22, 2014 15:59:34	94	48	0
Apr 22, 2014 15:59:35	90	48	0
Apr 22, 2014 15:59:36	78	48	0
Apr 22, 2014 15:59:37	69	47	0
Apr 22, 2014 15:59:38	70	60	0
Apr 22, 2014 15:59:39	83	56	0
Apr 22, 2014 15:59:40	83	53	0
Apr 22, 2014 15:59:41	75	51	0
Apr 22, 2014 15:59:42	80	50	0
Apr 22, 2014 15:59:44	67	61	0
Apr 22, 2014 15:59:45	57	66	0
Apr 22, 2014 15:59:46	47	57	0
Apr 22, 2014 15:59:47	27	44	0
Apr 22, 2014 15:59:48	26	35	0
Apr 22, 2014 15:59:49	30	43	0
Apr 22, 2014 15:59:50	51	51	0
Apr 22, 2014 15:59:51	57	51	0
Apr 22, 2014 15:59:52	56	44	0
Apr 22, 2014 15:59:53	61	40	0
Apr 22, 2014 15:59:54	56	34	0
Apr 22, 2014 15:59:55	63	40	0
Apr 22, 2014 15:59:56	75	50	0
Apr 22, 2014 15:59:57	70	35	0
Apr 22, 2014 15:59:58	80	37	0
Apr 22, 2014 15:59:59	75	41	0
Apr 22, 2014 16:00:00	56	30	0
Apr 22, 2014 16:00:01	44	34	0
Apr 22, 2014 16:00:02	44	35	0
Apr 22, 2014 16:00:03	34	41	0
Apr 22, 2014 16:00:04	23	41	0
Apr 22, 2014 16:00:05	29	48	0
Apr 22, 2014 16:00:06	23	38	0
Apr 22, 2014 16:00:07	40	43	0
Apr 22, 2014 16:00:08	48	51	0
Apr 22, 2014 16:00:09	41	54	0
Apr 22, 2014 16:00:10	48	56	0
Apr 22, 2014 16:00:11	44	57	0
Apr 22, 2014 16:00:12	44	44	0
Apr 22, 2014 16:00:13	57	43	0
Apr 22, 2014 16:00:14	50	44	0
Apr 22, 2014 16:00:15	40	30	0
Apr 22, 2014 16:00:16	38	47	0
Apr 22, 2014 16:00:17	38	47	51
Apr 22, 2014 16:00:18	30	44	0
Apr 22, 2014 16:00:19	30	47	0
Apr 22, 2014 16:00:21	44	56	0
Apr 22, 2014 16:00:22	44	56	26
Apr 22, 2014 16:00:23	40	47	0
Apr 22, 2014 16:00:24	38	47	0
Apr 22, 2014 16:00:25	47	48	0
Apr 22, 2014 16:00:26	51	43	0
Apr 22, 2014 16:00:27	69	48	0
Apr 22, 2014 16:00:28	93	50	0
Apr 22, 2014 16:00:29	88	51	0
Apr 22, 2014 16:00:30	78	56	0
Apr 22, 2014 16:00:31	75	66	0
Apr 22, 2014 16:00:32	61	67	0
Apr 22, 2014 16:00:33	53	64	0
Apr 22, 2014 16:00:34	57	44	0
Apr 22, 2014 16:00:35	53	47	0
Apr 22, 2014 16:00:36	54	41	0
Apr 22, 2014 16:00:37	64	27	0
Apr 22, 2014 16:00:38	64	27	25
Apr 22, 2014 16:00:39	64	27	25
Apr 22, 2014 16:00:40	35	30	0
Apr 22, 2014 16:00:41	35	41	0
Apr 22, 2014 16:00:42	16	40	0
Apr 22, 2014 16:00:43	13	34	0
Apr 22, 2014 16:00:44	29	41	0
Apr 22, 2014 16:00:45	38	50	0
Apr 22, 2014 16:00:46	44	40	0
Apr 22, 2014 16:00:47	47	47	0
Apr 22, 2014 16:00:48	47	47	26
Apr 22, 2014 16:00:49	40	56	0
Apr 22, 2014 16:00:50	23	40	0
Apr 22, 2014 16:00:51	30	54	0
Apr 22, 2014 16:00:52	30	54	26
Apr 22, 2014 16:00:53	30	54	51
Apr 22, 2014 16:00:54	30	54	26
Apr 22, 2014 16:00:55	21	41	0
Apr 22, 2014 16:00:57	14	21	0
Apr 22, 2014 16:00:58	17	35	0
Apr 22, 2014 16:00:59	16	35	0
Apr 22, 2014 16:01:00	26	56	0
Apr 22, 2014 16:01:01	30	67	0
Apr 22, 2014 16:01:02	34	64	0
Apr 22, 2014 16:01:03	29	69	0
Apr 22, 2014 16:01:04	17	40	0
Apr 22, 2014 16:01:05	30	27	0
Apr 22, 2014 16:01:06	23	23	0
Apr 22, 2014 16:01:07	11	27	0
Apr 22, 2014 16:01:08	16	40	0
Apr 22, 2014 16:01:09	8	47	0
Apr 22, 2014 16:01:10	8	47	26
Apr 22, 2014 16:01:11	8	47	51
Apr 22, 2014 16:01:12	8	47	26
Apr 22, 2014 16:01:13	8	47	26
Apr 22, 2014 16:01:14	8	47	51
Apr 22, 2014 16:01:15	30	51	0
Apr 22, 2014 16:01:16	47	54	0
Apr 22, 2014 16:01:17	50	43	0
Apr 22, 2014 16:01:18	48	47	0
Apr 22, 2014 16:01:19	48	47	0
Apr 22, 2014 16:01:20	29	34	0
Apr 22, 2014 16:01:21	27	41	0
Apr 22, 2014 16:01:22	27	44	0
Apr 22, 2014 16:01:23	35	44	0
Apr 22, 2014 16:01:24	34	51	0
Apr 22, 2014 16:01:25	35	48	0
Apr 22, 2014 16:01:26	40	35	0
Apr 22, 2014 16:01:27	30	41	0
Apr 22, 2014 16:01:28	27	53	0
Apr 22, 2014 16:01:29	23	54	0
Apr 22, 2014 16:01:30	17	67	0
Apr 22, 2014 16:01:31	11	54	0
Apr 22, 2014 16:01:33	11	54	51
Apr 22, 2014 16:01:34	14	51	0
Apr 22, 2014 16:01:35	38	57	0
Apr 22, 2014 16:01:36	43	67	0
Apr 22, 2014 16:01:37	34	66	0
Apr 22, 2014 16:01:38	23	69	0
Apr 22, 2014 16:01:39	20	70	0
Apr 22, 2014 16:01:40	21	61	0
Apr 22, 2014 16:01:41	29	70	0
Apr 22, 2014 16:01:42	38	60	0
Apr 22, 2014 16:01:43	48	56	0
Apr 22, 2014 16:01:44	53	53	0
Apr 22, 2014 16:01:45	61	43	0
Apr 22, 2014 16:01:46	64	44	0
Apr 22, 2014 16:01:47	47	48	0
Apr 22, 2014 16:01:48	54	56	0
Apr 22, 2014 16:01:49	47	48	0
Apr 22, 2014 16:01:50	44	40	0
Apr 22, 2014 16:01:51	51	41	0
Apr 22, 2014 16:01:52	41	29	0
Apr 22, 2014 16:01:53	38	27	0
Apr 22, 2014 16:01:54	41	37	0
Apr 22, 2014 16:01:55	41	30	0
Apr 22, 2014 16:01:56	30	54	0
Apr 22, 2014 16:01:57	41	66	0
Apr 22, 2014 16:01:58	40	63	0
Apr 22, 2014 16:01:59	38	54	0
Apr 22, 2014 16:02:00	47	34	0
Apr 22, 2014 16:02:01	50	35	0
Apr 22, 2014 16:02:02	56	29	0
Apr 22, 2014 16:02:03	54	38	0
Apr 22, 2014 16:02:04	54	44	0
Apr 22, 2014 16:02:05	43	51	0
Apr 22, 2014 16:02:06	41	60	0
Apr 22, 2014 16:02:07	44	64	0
Apr 22, 2014 16:02:09	50	69	0
Apr 22, 2014 16:02:10	44	74	0
Apr 22, 2014 16:02:11	51	74	0
Apr 22, 2014 16:02:12	50	70	0
Apr 22, 2014 16:02:13	35	63	0
Apr 22, 2014 16:02:14	41	50	0
Apr 22, 2014 16:02:15	37	29	0
Apr 22, 2014 16:02:16	38	37	0
Apr 22, 2014 16:02:17	53	41	0
Apr 22, 2014 16:02:18	43	40	0
Apr 22, 2014 16:02:19	38	40	0
Apr 22, 2014 16:02:20	40	27	0
Apr 22, 2014 16:02:21	40	27	0
Apr 22, 2014 16:02:22	37	30	0
Apr 22, 2014 16:02:23	35	54	0
Apr 22, 2014 16:02:24	44	64	0
Apr 22, 2014 16:02:25	47	75	0
Apr 22, 2014 16:02:26	53	74	0
Apr 22, 2014 16:02:27	60	56	0
Apr 22, 2014 16:02:28	53	48	0
Apr 22, 2014 16:02:29	56	38	0
Apr 22, 2014 16:02:30	54	38	0
Apr 22, 2014 16:02:31	54	34	0
Apr 22, 2014 16:02:32	48	34	0
Apr 22, 2014 16:02:33	40	29	0
Apr 22, 2014 16:02:34	44	41	0
Apr 22, 2014 16:02:35	41	37	0
Apr 22, 2014 16:02:36	38	30	0
Apr 22, 2014 16:02:37	29	14	0
Apr 22, 2014 16:02:38	41	34	0
Apr 22, 2014 16:02:39	47	44	0
Apr 22, 2014 16:02:40	50	60	0
Apr 22, 2014 16:02:41	51	69	0
Apr 22, 2014 16:02:42	54	56	0
Apr 22, 2014 16:02:43	54	48	0
Apr 22, 2014 16:02:45	48	47	0
Apr 22, 2014 16:02:46	50	38	0
Apr 22, 2014 16:02:47	47	50	0
Apr 22, 2014 16:02:48	53	48	0
Apr 22, 2014 16:02:49	51	41	0
Apr 22, 2014 16:02:50	64	43	0
Apr 22, 2014 16:02:51	69	44	0
Apr 22, 2014 16:02:52	54	56	0
Apr 22, 2014 16:02:53	66	54	0
Apr 22, 2014 16:02:54	75	60	0
Apr 22, 2014 16:02:55	74	67	0
Apr 22, 2014 16:02:56	97	60	0
Apr 22, 2014 16:02:57	100	51	0
Apr 22, 2014 16:02:58	84	48	0
Apr 22, 2014 16:02:59	84	48	0
Apr 22, 2014 16:03:00	61	27	0
Apr 22, 2014 16:03:01	41	35	0
Apr 22, 2014 16:03:02	24	23	0
Apr 22, 2014 16:03:03	1	20	0
Apr 22, 2014 16:03:04	1	8	0
Apr 22, 2014 16:03:05	4	4	0
Apr 22, 2014 16:03:06	35	20	0
Apr 22, 2014 16:03:07	64	40	0
Apr 22, 2014 16:03:08	77	54	0
Apr 22, 2014 16:03:09	60	48	0
Apr 22, 2014 16:03:10	54	48	0
Apr 22, 2014 16:03:11	51	50	0
Apr 22, 2014 16:03:12	61	61	0
Apr 22, 2014 16:03:13	78	67	0
Apr 22, 2014 16:03:14	80	67	0
Apr 22, 2014 16:03:15	70	54	0
Apr 22, 2014 16:03:16	67	43	0
Apr 22, 2014 16:03:17	50	40	0
Apr 22, 2014 16:03:18	57	34	0
Apr 22, 2014 16:03:20	61	50	0
Apr 22, 2014 16:03:21	77	50	0
Apr 22, 2014 16:03:22	93	48	0
Apr 22, 2014 16:03:23	96	47	0
Apr 22, 2014 16:03:24	100	41	0
Apr 22, 2014 16:03:25	100	44	0
Apr 22, 2014 16:03:26	90	50	0
Apr 22, 2014 16:03:27	60	35	0
Apr 22, 2014 16:03:28	57	35	0
Apr 22, 2014 16:03:29	38	43	0
Apr 22, 2014 16:03:30	35	29	0
Apr 22, 2014 16:03:31	53	26	0
Apr 22, 2014 16:03:32	51	14	0
Apr 22, 2014 16:03:33	54	7	0
Apr 22, 2014 16:03:34	60	13	0
Apr 22, 2014 16:03:35	51	30	0
Apr 22, 2014 16:03:36	70	41	0
Apr 22, 2014 16:03:37	77	43	0
Apr 22, 2014 16:03:38	81	50	0
Apr 22, 2014 16:03:39	88	51	0
Apr 22, 2014 16:03:40	80	57	0
Apr 22, 2014 16:03:41	88	50	0
Apr 22, 2014 16:03:42	80	53	0
Apr 22, 2014 16:03:43	78	61	0
Apr 22, 2014 16:03:44	93	56	0
Apr 22, 2014 16:03:45	66	53	0
Apr 22, 2014 16:03:46	74	51	0
Apr 22, 2014 16:03:47	70	48	0
Apr 22, 2014 16:03:48	60	50	0
Apr 22, 2014 16:03:49	83	57	0
Apr 22, 2014 16:03:50	66	53	0
Apr 22, 2014 16:03:51	78	48	0
Apr 22, 2014 16:03:52	77	44	0
Apr 22, 2014 16:03:53	66	51	0
Apr 22, 2014 16:03:54	70	53	0
Apr 22, 2014 16:03:55	48	51	0
Apr 22, 2014 16:03:57	51	57	0
Apr 22, 2014 16:03:58	51	57	25
Apr 22, 2014 16:03:59	48	51	0
Apr 22, 2014 16:04:00	61	57	0
Apr 22, 2014 16:04:01	61	64	0
Apr 22, 2014 16:04:02	54	60	0
Apr 22, 2014 16:04:03	51	64	0
Apr 22, 2014 16:04:04	41	60	0
Apr 22, 2014 16:04:05	51	56	0
Apr 22, 2014 16:04:06	43	70	0
Apr 22, 2014 16:04:07	53	63	0
Apr 22, 2014 16:04:08	54	60	0
Apr 22, 2014 16:04:09	50	61	0
Apr 22, 2014 16:04:10	47	48	0
Apr 22, 2014 16:04:11	48	56	0
Apr 22, 2014 16:04:12	44	60	0
Apr 22, 2014 16:04:13	50	61	0
Apr 22, 2014 16:04:14	53	57	0
Apr 22, 2014 16:04:15	47	57	0
Apr 22, 2014 16:04:16	54	56	0
Apr 22, 2014 16:04:17	47	50	0
Apr 22, 2014 16:04:18	38	43	0
Apr 22, 2014 16:04:19	54	38	0
Apr 22, 2014 16:04:20	51	44	0
Apr 22, 2014 16:04:21	47	29	0
Apr 22, 2014 16:04:22	56	47	0
Apr 22, 2014 16:04:23	47	47	0
Apr 22, 2014 16:04:24	47	37	0
Apr 22, 2014 16:04:25	63	60	0
Apr 22, 2014 16:04:26	56	54	0
Apr 22, 2014 16:04:27	64	53	0
Apr 22, 2014 16:04:28	57	51	0
Apr 22, 2014 16:04:29	54	38	0
Apr 22, 2014 16:04:30	63	35	0
Apr 22, 2014 16:04:31	54	30	0
Apr 22, 2014 16:04:33	61	40	0
Apr 22, 2014 16:04:34	67	47	0
Apr 22, 2014 16:04:35	56	56	0
Apr 22, 2014 16:04:36	50	61	0
Apr 22, 2014 16:04:37	48	50	0
Apr 22, 2014 16:04:38	43	50	0
Apr 22, 2014 16:04:39	43	50	0
Apr 22, 2014 16:04:40	53	40	0
Apr 22, 2014 16:04:41	57	51	0
Apr 22, 2014 16:04:42	54	69	0
Apr 22, 2014 16:04:43	61	64	0
Apr 22, 2014 16:04:44	53	63	0
Apr 22, 2014 16:04:45	44	75	0
Apr 22, 2014 16:04:46	53	61	0
Apr 22, 2014 16:04:47	54	51	0
Apr 22, 2014 16:04:48	56	63	0
Apr 22, 2014 16:04:49	67	47	0
Apr 22, 2014 16:04:50	64	51	0
Apr 22, 2014 16:04:51	66	64	0
Apr 22, 2014 16:04:52	61	54	0
Apr 22, 2014 16:04:53	57	66	0
Apr 22, 2014 16:04:54	57	57	0
Apr 22, 2014 16:04:55	47	51	0
Apr 22, 2014 16:04:56	56	47	0
Apr 22, 2014 16:04:57	51	51	0
Apr 22, 2014 16:04:58	50	63	0
Apr 22, 2014 16:04:59	67	57	0
Apr 22, 2014 16:05:00	69	60	0
Apr 22, 2014 16:05:01	70	51	0
Apr 22, 2014 16:05:02	69	50	0
Apr 22, 2014 16:05:03	54	54	0
Apr 22, 2014 16:05:04	51	56	0
Apr 22, 2014 16:05:05	50	54	0
Apr 22, 2014 16:05:06	66	54	0
Apr 22, 2014 16:05:08	75	53	0
Apr 22, 2014 16:05:09	66	50	0
Apr 22, 2014 16:05:10	78	48	0
Apr 22, 2014 16:05:11	74	53	0
Apr 22, 2014 16:05:12	87	57	0
Apr 22, 2014 16:05:13	84	53	0
Apr 22, 2014 16:05:14	66	40	0
Apr 22, 2014 16:05:15	60	43	0
Apr 22, 2014 16:05:16	54	37	0
Apr 22, 2014 16:05:17	47	51	0
Apr 22, 2014 16:05:18	40	57	0
Apr 22, 2014 16:05:19	30	61	0
Apr 22, 2014 16:05:20	44	74	0
Apr 22, 2014 16:05:21	48	64	0
Apr 22, 2014 16:05:22	56	75	0
Apr 22, 2014 16:05:23	63	75	0
Apr 22, 2014 16:05:24	50	67	0
Apr 22, 2014 16:05:25	50	70	0
Apr 22, 2014 16:05:26	51	61	0
Apr 22, 2014 16:05:27	38	48	0
Apr 22, 2014 16:05:28	51	50	0
Apr 22, 2014 16:05:29	54	47	0
Apr 22, 2014 16:05:30	69	60	0
Apr 22, 2014 16:05:31	78	77	0
Apr 22, 2014 16:05:32	83	70	0
Apr 22, 2014 16:05:33	87	69	0
Apr 22, 2014 16:05:34	87	63	0
Apr 22, 2014 16:05:35	87	61	0
Apr 22, 2014 16:05:36	75	75	0
Apr 22, 2014 16:05:37	67	74	0
Apr 22, 2014 16:05:38	51	61	0
Apr 22, 2014 16:05:39	50	51	0
Apr 22, 2014 16:05:40	41	27	0
Apr 22, 2014 16:05:41	34	38	0
Apr 22, 2014 16:05:42	51	48	0
Apr 22, 2014 16:05:44	34	61	0
Apr 22, 2014 16:05:45	29	48	0
Apr 22, 2014 16:05:46	29	27	0
Apr 22, 2014 16:05:47	26	34	0
Apr 22, 2014 16:05:48	56	34	0
Apr 22, 2014 16:05:49	66	41	0
Apr 22, 2014 16:05:50	53	47	0
Apr 22, 2014 16:05:51	41	41	0
Apr 22, 2014 16:05:52	21	41	0
Apr 22, 2014 16:05:53	40	37	0
Apr 22, 2014 16:05:54	50	30	0
Apr 22, 2014 16:05:55	56	44	0
Apr 22, 2014 16:05:56	54	41	0
Apr 22, 2014 16:05:57	47	53	0
Apr 22, 2014 16:05:58	61	54	0
Apr 22, 2014 16:05:59	75	51	0
Apr 22, 2014 16:06:00	94	63	0
Apr 22, 2014 16:06:01	88	66	0
Apr 22, 2014 16:06:02	75	74	0
Apr 22, 2014 16:06:03	67	83	0
Apr 22, 2014 16:06:04	70	70	0
Apr 22, 2014 16:06:05	61	56	0
Apr 22, 2014 16:06:06	64	53	0
Apr 22, 2014 16:06:07	50	44	0
Apr 22, 2014 16:06:08	37	61	0
Apr 22, 2014 16:06:09	48	43	0
Apr 22, 2014 16:06:10	41	47	0
Apr 22, 2014 16:06:11	60	41	0
Apr 22, 2014 16:06:12	64	35	0
Apr 22, 2014 16:06:13	56	54	0
Apr 22, 2014 16:06:14	63	61	0
Apr 22, 2014 16:06:15	60	67	0
Apr 22, 2014 16:06:16	81	66	0
Apr 22, 2014 16:06:17	87	66	0
Apr 22, 2014 16:06:18	66	57	0
Apr 22, 2014 16:06:19	66	53	0
Apr 22, 2014 16:06:21	47	50	0
Apr 22, 2014 16:06:22	24	38	0
Apr 22, 2014 16:06:23	27	50	0
Apr 22, 2014 16:06:24	23	43	0
Apr 22, 2014 16:06:25	21	44	0
Apr 22, 2014 16:06:26	11	41	0
Apr 22, 2014 16:06:27	11	41	26
Apr 22, 2014 16:06:28	14	41	0
Apr 22, 2014 16:06:29	21	44	0
Apr 22, 2014 16:06:30	17	38	0
Apr 22, 2014 16:06:31	37	47	0
Apr 22, 2014 16:06:32	37	47	51
Apr 22, 2014 16:06:33	29	41	0
Apr 22, 2014 16:06:34	35	51	0
Apr 22, 2014 16:06:35	41	57	0
Apr 22, 2014 16:06:36	29	50	0
Apr 22, 2014 16:06:37	40	53	0
Apr 22, 2014 16:06:38	40	51	0
Apr 22, 2014 16:06:39	38	50	0
Apr 22, 2014 16:06:40	37	66	0
Apr 22, 2014 16:06:41	50	60	0
Apr 22, 2014 16:06:42	47	48	0
Apr 22, 2014 16:06:43	53	44	0
Apr 22, 2014 16:06:44	53	27	0
Apr 22, 2014 16:06:45	29	20	0
Apr 22, 2014 16:06:46	14	30	0
Apr 22, 2014 16:06:47	8	29	0
Apr 22, 2014 16:06:48	16	29	0
Apr 22, 2014 16:06:49	35	38	0
Apr 22, 2014 16:06:50	48	34	0
Apr 22, 2014 16:06:51	83	37	0
Apr 22, 2014 16:06:52	100	41	0
Apr 22, 2014 16:06:53	93	40	0
Apr 22, 2014 16:06:54	81	29	0
Apr 22, 2014 16:06:55	67	41	0
Apr 22, 2014 16:06:57	60	54	0
Apr 22, 2014 16:06:58	81	43	0
Apr 22, 2014 16:06:59	70	54	0
Apr 22, 2014 16:07:00	75	43	0
Apr 22, 2014 16:07:01	78	37	0
Apr 22, 2014 16:07:02	70	40	0
Apr 22, 2014 16:07:03	75	44	0
Apr 22, 2014 16:07:04	81	48	0
Apr 22, 2014 16:07:05	66	41	0
Apr 22, 2014 16:07:06	60	47	0
Apr 22, 2014 16:07:07	60	47	25
Apr 22, 2014 16:07:08	57	40	0
Apr 22, 2014 16:07:09	38	40	0
Apr 22, 2014 16:07:10	51	43	0
Apr 22, 2014 16:07:11	61	44	0
Apr 22, 2014 16:07:12	70	53	0
Apr 22, 2014 16:07:13	84	60	0
Apr 22, 2014 16:07:14	80	66	0
Apr 22, 2014 16:07:15	74	66	0
Apr 22, 2014 16:07:16	64	69	0
Apr 22, 2014 16:07:17	53	44	0
Apr 22, 2014 16:07:18	66	43	0
Apr 22, 2014 16:07:19	69	41	0
Apr 22, 2014 16:07:20	78	38	0
Apr 22, 2014 16:07:21	78	37	0
Apr 22, 2014 16:07:22	78	37	25
Apr 22, 2014 16:07:23	53	38	0
Apr 22, 2014 16:07:24	51	27	0
Apr 22, 2014 16:07:25	57	40	0
Apr 22, 2014 16:07:26	44	48	0
Apr 22, 2014 16:07:27	37	38	0
Apr 22, 2014 16:07:28	29	48	0
Apr 22, 2014 16:07:29	17	54	0
Apr 22, 2014 16:07:30	24	51	0
Apr 22, 2014 16:07:31	43	63	0
Apr 22, 2014 16:07:33	69	50	0
Apr 22, 2014 16:07:34	83	47	0
Apr 22, 2014 16:07:35	83	47	51
Apr 22, 2014 16:07:36	74	44	0
Apr 22, 2014 16:07:37	63	35	0
Apr 22, 2014 16:07:38	34	35	0
Apr 22, 2014 16:07:39	20	35	0
Apr 22, 2014 16:07:40	27	50	0
Apr 22, 2014 16:07:41	41	51	0
Apr 22, 2014 16:07:42	69	50	0
Apr 22, 2014 16:07:43	77	56	0
Apr 22, 2014 16:07:44	78	51	0
Apr 22, 2014 16:07:45	57	50	0
Apr 22, 2014 16:07:46	43	63	0
Apr 22, 2014 16:07:47	48	43	0
Apr 22, 2014 16:07:48	50	37	0
Apr 22, 2014 16:07:49	53	26	0
Apr 22, 2014 16:07:50	44	30	0
Apr 22, 2014 16:07:51	50	51	0
Apr 22, 2014 16:07:52	53	38	0
Apr 22, 2014 16:07:53	57	54	0
Apr 22, 2014 16:07:54	70	57	0
Apr 22, 2014 16:07:55	77	48	0
Apr 22, 2014 16:07:56	90	53	0
Apr 22, 2014 16:07:57	90	53	0
Apr 22, 2014 16:07:58	77	38	25
Apr 22, 2014 16:07:59	83	48	0
Apr 22, 2014 16:08:00	78	44	0
Apr 22, 2014 16:08:01	69	41	0
Apr 22, 2014 16:08:02	61	44	0
Apr 22, 2014 16:08:03	30	34	0
Apr 22, 2014 16:08:04	11	37	0
Apr 22, 2014 16:08:05	4	35	0
Apr 22, 2014 16:08:06	3	35	0
Apr 22, 2014 16:08:07	13	53	0
Apr 22, 2014 16:08:09	43	56	0
Apr 22, 2014 16:08:10	51	56	0
Apr 22, 2014 16:08:11	66	53	0
Apr 22, 2014 16:08:12	77	41	0
Apr 22, 2014 16:08:13	74	50	0
Apr 22, 2014 16:08:14	66	53	0
Apr 22, 2014 16:08:15	61	44	0
Apr 22, 2014 16:08:16	50	40	0
Apr 22, 2014 16:08:17	38	37	0
Apr 22, 2014 16:08:18	41	26	0
Apr 22, 2014 16:08:19	27	43	0
Apr 22, 2014 16:08:20	35	41	0
Apr 22, 2014 16:08:21	35	60	0
Apr 22, 2014 16:08:22	41	66	0
Apr 22, 2014 16:08:23	64	63	0
Apr 22, 2014 16:08:24	61	61	0
Apr 22, 2014 16:08:25	61	51	0
Apr 22, 2014 16:08:26	69	47	0
Apr 22, 2014 16:08:27	60	35	0
Apr 22, 2014 16:08:28	56	29	0
Apr 22, 2014 16:08:29	64	37	0
Apr 22, 2014 16:08:30	64	41	0
Apr 22, 2014 16:08:31	51	54	0
Apr 22, 2014 16:08:32	67	51	0
Apr 22, 2014 16:08:33	60	50	0
Apr 22, 2014 16:08:34	51	44	0
Apr 22, 2014 16:08:35	61	50	0
Apr 22, 2014 16:08:36	61	56	0
Apr 22, 2014 16:08:37	63	38	0
Apr 22, 2014 16:08:38	70	47	0
Apr 22, 2014 16:08:39	77	48	0
Apr 22, 2014 16:08:40	63	35	0
Apr 22, 2014 16:08:41	70	48	0
Apr 22, 2014 16:08:42	75	43	0
Apr 22, 2014 16:08:43	77	30	0
Apr 22, 2014 16:08:44	80	48	0
Apr 22, 2014 16:08:46	69	56	0
Apr 22, 2014 16:08:47	60	47	0
Apr 22, 2014 16:08:48	56	56	0
Apr 22, 2014 16:08:49	57	63	0
Apr 22, 2014 16:08:50	60	66	0
Apr 22, 2014 16:08:51	67	63	0
Apr 22, 2014 16:08:52	74	51	0
Apr 22, 2014 16:08:53	64	35	0
Apr 22, 2014 16:08:54	80	47	0
Apr 22, 2014 16:08:55	83	38	0
Apr 22, 2014 16:08:56	80	35	0
Apr 22, 2014 16:08:57	84	35	0
Apr 22, 2014 16:08:58	70	35	0
Apr 22, 2014 16:08:59	57	35	0
Apr 22, 2014 16:09:00	34	20	0
Apr 22, 2014 16:09:01	37	17	0
Apr 22, 2014 16:09:02	35	14	0
Apr 22, 2014 16:09:03	34	24	0
Apr 22, 2014 16:09:04	66	50	0
Apr 22, 2014 16:09:05	70	51	0
Apr 22, 2014 16:09:06	80	60	0
Apr 22, 2014 16:09:07	93	56	0
Apr 22, 2014 16:09:08	100	56	0
Apr 22, 2014 16:09:09	94	66	0
Apr 22, 2014 16:09:10	83	54	0
Apr 22, 2014 16:09:11	64	51	0
Apr 22, 2014 16:09:12	53	53	0
Apr 22, 2014 16:09:13	54	61	0
Apr 22, 2014 16:09:14	70	66	0
Apr 22, 2014 16:09:15	74	63	0
Apr 22, 2014 16:09:16	61	60	0
Apr 22, 2014 16:09:17	66	53	0
Apr 22, 2014 16:09:18	74	44	0
Apr 22, 2014 16:09:19	84	48	0
Apr 22, 2014 16:09:20	100	43	0
Apr 22, 2014 16:09:22	96	41	0
Apr 22, 2014 16:09:23	83	47	0
Apr 22, 2014 16:09:24	84	54	0
Apr 22, 2014 16:09:25	70	56	0
Apr 22, 2014 16:09:26	57	60	0
Apr 22, 2014 16:09:27	51	50	0
Apr 22, 2014 16:09:28	43	56	0
Apr 22, 2014 16:09:29	63	53	0
Apr 22, 2014 16:09:30	61	63	0
Apr 22, 2014 16:09:31	69	69	0
Apr 22, 2014 16:09:32	74	60	0
Apr 22, 2014 16:09:33	69	53	0
Apr 22, 2014 16:09:34	63	47	0
Apr 22, 2014 16:09:35	63	41	0
Apr 22, 2014 16:09:36	66	44	0
Apr 22, 2014 16:09:37	61	63	0
Apr 22, 2014 16:09:38	80	61	0
Apr 22, 2014 16:09:39	83	60	0
Apr 22, 2014 16:09:40	75	50	0
Apr 22, 2014 16:09:41	78	50	0
Apr 22, 2014 16:09:42	63	35	0
Apr 22, 2014 16:09:43	60	51	0
Apr 22, 2014 16:09:44	63	61	0
Apr 22, 2014 16:09:45	53	57	0
Apr 22, 2014 16:09:46	57	69	0
Apr 22, 2014 16:09:47	60	56	0
Apr 22, 2014 16:09:48	50	43	0
Apr 22, 2014 16:09:49	47	43	0
Apr 22, 2014 16:09:50	41	56	0
Apr 22, 2014 16:09:51	27	54	0
Apr 22, 2014 16:09:52	30	66	0
Apr 22, 2014 16:09:53	29	50	0
Apr 22, 2014 16:09:54	37	60	0
Apr 22, 2014 16:09:55	44	66	0
Apr 22, 2014 16:09:56	41	50	0
Apr 22, 2014 16:09:58	54	53	0
Apr 22, 2014 16:09:59	74	53	0
Apr 22, 2014 16:10:00	90	48	0
Apr 22, 2014 16:10:01	100	47	0
Apr 22, 2014 16:10:02	100	44	0
Apr 22, 2014 16:10:03	100	44	0
Apr 22, 2014 16:10:04	80	43	0
Apr 22, 2014 16:10:05	78	41	0
Apr 22, 2014 16:10:06	78	44	0
Apr 22, 2014 16:10:07	83	37	0
Apr 22, 2014 16:10:08	93	34	0
Apr 22, 2014 16:10:09	90	40	0
Apr 22, 2014 16:10:10	94	43	0
Apr 22, 2014 16:10:11	97	37	0
Apr 22, 2014 16:10:12	93	48	0
Apr 22, 2014 16:10:13	78	50	0
Apr 22, 2014 16:10:14	57	56	0
Apr 22, 2014 16:10:15	37	61	0
Apr 22, 2014 16:10:16	40	47	0
Apr 22, 2014 16:10:17	40	47	0
Apr 22, 2014 16:10:18	75	41	0
Apr 22, 2014 16:10:19	75	51	0
Apr 22, 2014 16:10:20	80	64	0
Apr 22, 2014 16:10:21	66	63	0
Apr 22, 2014 16:10:22	66	47	0
Apr 22, 2014 16:10:23	81	44	0
Apr 22, 2014 16:10:24	67	43	0
Apr 22, 2014 16:10:25	61	50	0
Apr 22, 2014 16:10:26	53	47	0
Apr 22, 2014 16:10:27	50	56	0
Apr 22, 2014 16:10:28	40	50	0
Apr 22, 2014 16:10:29	38	60	0
Apr 22, 2014 16:10:30	50	63	0
Apr 22, 2014 16:10:31	60	66	0
Apr 22, 2014 16:10:32	81	77	0
Apr 22, 2014 16:10:34	84	81	0
Apr 22, 2014 16:10:35	87	75	0
Apr 22, 2014 16:10:36	93	67	0
Apr 22, 2014 16:10:37	93	67	0
Apr 22, 2014 16:10:38	100	41	0
Apr 22, 2014 16:10:39	100	53	0
Apr 22, 2014 16:10:40	100	51	0
Apr 22, 2014 16:10:41	100	54	0
Apr 22, 2014 16:10:42	90	67	0
Apr 22, 2014 16:10:43	97	54	0
Apr 22, 2014 16:10:44	88	56	0
Apr 22, 2014 16:10:45	83	38	0
Apr 22, 2014 16:10:46	90	40	0
Apr 22, 2014 16:10:47	84	38	0
Apr 22, 2014 16:10:48	81	40	0
Apr 22, 2014 16:10:49	75	54	0
Apr 22, 2014 16:10:50	63	60	0
Apr 22, 2014 16:10:51	48	78	0
Apr 22, 2014 16:10:52	63	70	0
Apr 22, 2014 16:10:53	80	70	0
Apr 22, 2014 16:10:54	91	56	0
Apr 22, 2014 16:10:55	88	34	0
Apr 22, 2014 16:10:56	84	34	0
Apr 22, 2014 16:10:57	78	40	0
Apr 22, 2014 16:10:58	63	40	0
Apr 22, 2014 16:10:59	57	47	0
Apr 22, 2014 16:11:00	56	50	0
Apr 22, 2014 16:11:01	44	30	0
Apr 22, 2014 16:11:02	47	30	0
Apr 22, 2014 16:11:03	41	30	0
Apr 22, 2014 16:11:04	34	34	0
Apr 22, 2014 16:11:05	37	53	0
Apr 22, 2014 16:11:06	44	63	0
Apr 22, 2014 16:11:07	34	51	0
Apr 22, 2014 16:11:08	26	48	0
Apr 22, 2014 16:11:09	30	48	0
Apr 22, 2014 16:11:11	29	54	0
Apr 22, 2014 16:11:12	43	61	0
Apr 22, 2014 16:11:13	47	63	0
Apr 22, 2014 16:11:14	38	50	0
Apr 22, 2014 16:11:15	56	43	0
Apr 22, 2014 16:11:16	67	50	0
Apr 22, 2014 16:11:17	81	34	0
Apr 22, 2014 16:11:18	100	44	0
Apr 22, 2014 16:11:19	87	40	0
Apr 22, 2014 16:11:20	57	30	0
Apr 22, 2014 16:11:21	44	47	0
Apr 22, 2014 16:11:22	26	54	0
Apr 22, 2014 16:11:23	23	64	0
Apr 22, 2014 16:11:24	35	61	0
Apr 22, 2014 16:11:25	38	53	0
Apr 22, 2014 16:11:26	37	40	0
Apr 22, 2014 16:11:27	44	38	0
Apr 22, 2014 16:11:28	54	40	0
Apr 22, 2014 16:11:29	57	34	0
Apr 22, 2014 16:11:30	70	41	0
Apr 22, 2014 16:11:31	75	60	0
Apr 22, 2014 16:11:32	57	60	0
Apr 22, 2014 16:11:33	61	64	0
Apr 22, 2014 16:11:34	48	66	0
Apr 22, 2014 16:11:35	48	66	25
Apr 22, 2014 16:11:36	41	56	0
Apr 22, 2014 16:11:37	56	67	0
Apr 22, 2014 16:11:38	60	67	0
Apr 22, 2014 16:11:39	66	75	0
Apr 22, 2014 16:11:40	81	69	0
Apr 22, 2014 16:11:41	81	57	0
Apr 22, 2014 16:11:42	74	64	0
Apr 22, 2014 16:11:43	74	56	0
Apr 22, 2014 16:11:44	63	60	0
Apr 22, 2014 16:11:46	63	67	0
Apr 22, 2014 16:11:47	75	67	0
Apr 22, 2014 16:11:48	77	61	0
Apr 22, 2014 16:11:49	70	61	0
Apr 22, 2014 16:11:50	69	54	0
Apr 22, 2014 16:11:51	56	44	0
Apr 22, 2014 16:11:52	54	61	0
Apr 22, 2014 16:11:53	51	53	0
Apr 22, 2014 16:11:54	38	47	0
Apr 22, 2014 16:11:55	47	53	0
Apr 22, 2014 16:11:56	41	44	0
Apr 22, 2014 16:11:57	44	48	0
Apr 22, 2014 16:11:58	50	50	0
Apr 22, 2014 16:11:59	60	54	0
Apr 22, 2014 16:12:00	53	63	0
Apr 22, 2014 16:12:01	47	67	0
Apr 22, 2014 16:12:02	38	64	0
Apr 22, 2014 16:12:03	38	63	0
Apr 22, 2014 16:12:04	56	57	0
Apr 22, 2014 16:12:05	69	38	0
Apr 22, 2014 16:12:06	83	47	0
Apr 22, 2014 16:12:07	83	53	0
Apr 22, 2014 16:12:08	83	53	0
Apr 22, 2014 16:12:09	88	54	0
Apr 22, 2014 16:12:10	93	48	0
Apr 22, 2014 16:12:11	97	44	0
Apr 22, 2014 16:12:12	100	35	0
Apr 22, 2014 16:12:13	100	44	0
Apr 22, 2014 16:12:14	100	54	0
Apr 22, 2014 16:12:15	100	41	0
Apr 22, 2014 16:12:16	100	41	0
Apr 22, 2014 16:12:17	84	48	0
Apr 22, 2014 16:12:18	84	53	0
Apr 22, 2014 16:12:19	90	53	0
Apr 22, 2014 16:12:20	93	41	0
Apr 22, 2014 16:12:21	83	54	0
Apr 22, 2014 16:12:23	70	50	0
Apr 22, 2014 16:12:24	53	56	0
Apr 22, 2014 16:12:25	50	67	0
Apr 22, 2014 16:12:26	54	57	0
Apr 22, 2014 16:12:27	60	51	0
Apr 22, 2014 16:12:28	80	51	0
Apr 22, 2014 16:12:29	74	53	0
Apr 22, 2014 16:12:30	84	48	0
Apr 22, 2014 16:12:31	66	35	0
Apr 22, 2014 16:12:32	78	43	0
Apr 22, 2014 16:12:33	66	29	0
Apr 22, 2014 16:12:34	44	50	0
Apr 22, 2014 16:12:35	47	61	0
Apr 22, 2014 16:12:36	26	44	0
Apr 22, 2014 16:12:37	38	61	0
Apr 22, 2014 16:12:38	50	53	0
Apr 22, 2014 16:12:39	43	56	0
Apr 22, 2014 16:12:40	44	61	0
Apr 22, 2014 16:12:41	37	50	0
Apr 22, 2014 16:12:42	27	50	0
Apr 22, 2014 16:12:43	41	47	0
Apr 22, 2014 16:12:44	53	50	0
Apr 22, 2014 16:12:45	74	56	0
Apr 22, 2014 16:12:46	77	54	0
Apr 22, 2014 16:12:47	83	51	0
Apr 22, 2014 16:12:48	88	51	0
Apr 22, 2014 16:12:49	74	48	0
Apr 22, 2014 16:12:50	64	51	0
Apr 22, 2014 16:12:51	53	51	0
Apr 22, 2014 16:12:52	50	60	0
Apr 22, 2014 16:12:53	48	53	0
Apr 22, 2014 16:12:54	50	41	0
Apr 22, 2014 16:12:55	44	43	0
Apr 22, 2014 16:12:56	44	43	51
Apr 22, 2014 16:12:57	44	43	25
Apr 22, 2014 16:12:59	27	35	0
Apr 22, 2014 16:13:00	48	50	0
Apr 22, 2014 16:13:01	64	60	0
Apr 22, 2014 16:13:02	74	69	0
Apr 22, 2014 16:13:03	56	61	0
Apr 22, 2014 16:13:04	47	83	0
Apr 22, 2014 16:13:05	40	66	0
Apr 22, 2014 16:13:06	44	54	0
Apr 22, 2014 16:13:07	51	50	0
Apr 22, 2014 16:13:08	63	27	0
Apr 22, 2014 16:13:09	56	35	0
Apr 22, 2014 16:13:10	53	37	0
Apr 22, 2014 16:13:11	60	50	0
Apr 22, 2014 16:13:12	51	53	0
Apr 22, 2014 16:13:13	67	43	0
Apr 22, 2014 16:13:14	69	57	0
Apr 22, 2014 16:13:15	61	56	0
Apr 22, 2014 16:13:16	61	67	0
Apr 22, 2014 16:13:17	47	70	0
Apr 22, 2014 16:13:18	48	60	0
Apr 22, 2014 16:13:19	56	61	0
Apr 22, 2014 16:13:20	61	57	0
Apr 22, 2014 16:13:21	64	70	0
Apr 22, 2014 16:13:22	56	69	0
Apr 22, 2014 16:13:23	40	63	0
Apr 22, 2014 16:13:24	29	61	0
Apr 22, 2014 16:13:25	30	50	0
Apr 22, 2014 16:13:26	40	50	0
Apr 22, 2014 16:13:27	47	51	0
Apr 22, 2014 16:13:28	53	54	0
Apr 22, 2014 16:13:29	61	54	0
Apr 22, 2014 16:13:30	56	69	0
Apr 22, 2014 16:13:31	66	48	0
Apr 22, 2014 16:13:32	63	54	0
Apr 22, 2014 16:13:33	74	48	0
Apr 22, 2014 16:13:35	54	54	0
Apr 22, 2014 16:13:36	48	61	0
Apr 22, 2014 16:13:37	64	60	0
Apr 22, 2014 16:13:38	70	51	0
Apr 22, 2014 16:13:39	88	48	0
Apr 22, 2014 16:13:40	84	67	0
Apr 22, 2014 16:13:41	64	64	0
Apr 22, 2014 16:13:42	48	69	0
Apr 22, 2014 16:13:43	35	78	0
Apr 22, 2014 16:13:44	47	70	0
Apr 22, 2014 16:13:45	48	70	0
Apr 22, 2014 16:13:46	47	61	0
Apr 22, 2014 16:13:47	47	40	0
Apr 22, 2014 16:13:48	47	29	0
Apr 22, 2014 16:13:49	47	35	0
Apr 22, 2014 16:13:50	57	54	0
Apr 22, 2014 16:13:51	64	63	0
Apr 22, 2014 16:13:52	56	69	0
Apr 22, 2014 16:13:53	67	70	0
Apr 22, 2014 16:13:54	74	57	0
Apr 22, 2014 16:13:55	66	57	0
Apr 22, 2014 16:13:56	66	57	0
Apr 22, 2014 16:13:57	67	53	0
Apr 22, 2014 16:13:58	56	40	0
Apr 22, 2014 16:13:59	61	43	0
Apr 22, 2014 16:14:00	64	41	0
Apr 22, 2014 16:14:01	69	44	0
Apr 22, 2014 16:14:02	96	56	0
Apr 22, 2014 16:14:03	88	54	0
Apr 22, 2014 16:14:04	87	54	0
Apr 22, 2014 16:14:05	74	37	0
Apr 22, 2014 16:14:06	44	44	0
Apr 22, 2014 16:14:07	40	43	0
Apr 22, 2014 16:14:08	35	54	0
Apr 22, 2014 16:14:09	43	69	0
Apr 22, 2014 16:14:11	61	67	0
Apr 22, 2014 16:14:12	57	60	0
Apr 22, 2014 16:14:13	47	44	0
Apr 22, 2014 16:14:14	30	30	0
Apr 22, 2014 16:14:15	40	34	0
Apr 22, 2014 16:14:16	41	38	0
Apr 22, 2014 16:14:17	57	48	0
Apr 22, 2014 16:14:18	60	50	0
Apr 22, 2014 16:14:19	47	43	0
Apr 22, 2014 16:14:20	50	50	0
Apr 22, 2014 16:14:21	44	47	0
Apr 22, 2014 16:14:22	54	61	0
Apr 22, 2014 16:14:23	64	60	0
Apr 22, 2014 16:14:24	69	53	0
Apr 22, 2014 16:14:25	61	51	0
Apr 22, 2014 16:14:26	56	41	0
Apr 22, 2014 16:14:27	50	51	0
Apr 22, 2014 16:14:28	41	51	0
Apr 22, 2014 16:14:29	40	54	0
Apr 22, 2014 16:14:30	48	56	0
Apr 22, 2014 16:14:31	44	57	0
Apr 22, 2014 16:14:32	54	57	0
Apr 22, 2014 16:14:33	56	57	0
Apr 22, 2014 16:14:34	67	44	0
Apr 22, 2014 16:14:35	67	44	0
Apr 22, 2014 16:14:36	53	43	0
Apr 22, 2014 16:14:37	63	54	0
Apr 22, 2014 16:14:38	41	54	0
Apr 22, 2014 16:14:39	40	47	0
Apr 22, 2014 16:14:40	37	35	0
Apr 22, 2014 16:14:41	50	24	0
Apr 22, 2014 16:14:42	64	35	0
Apr 22, 2014 16:14:43	66	47	0
Apr 22, 2014 16:14:44	60	61	0
Apr 22, 2014 16:14:46	44	48	0
Apr 22, 2014 16:14:47	34	44	0
Apr 22, 2014 16:14:48	27	41	0
Apr 22, 2014 16:14:49	35	38	0
Apr 22, 2014 16:14:50	30	51	0
Apr 22, 2014 16:14:51	35	51	0
Apr 22, 2014 16:14:52	43	57	0
Apr 22, 2014 16:14:53	47	60	0
Apr 22, 2014 16:14:54	43	61	0
Apr 22, 2014 16:14:55	41	67	0
Apr 22, 2014 16:14:56	37	67	0
Apr 22, 2014 16:14:57	43	70	0
Apr 22, 2014 16:14:58	48	70	0
Apr 22, 2014 16:14:59	64	63	0
Apr 22, 2014 16:15:00	66	63	0
Apr 22, 2014 16:15:01	67	54	0
Apr 22, 2014 16:15:02	70	60	0
Apr 22, 2014 16:15:03	44	56	0
Apr 22, 2014 16:15:04	41	60	0
Apr 22, 2014 16:15:05	17	43	0
Apr 22, 2014 16:15:06	27	41	0
Apr 22, 2014 16:15:07	47	44	0
Apr 22, 2014 16:15:08	41	44	0
Apr 22, 2014 16:15:09	60	57	0
Apr 22, 2014 16:15:10	53	57	0
Apr 22, 2014 16:15:11	27	44	0
Apr 22, 2014 16:15:12	35	41	0
Apr 22, 2014 16:15:13	27	37	0
Apr 22, 2014 16:15:14	35	47	0
Apr 22, 2014 16:15:15	35	47	0
Apr 22, 2014 16:15:16	56	54	0
Apr 22, 2014 16:15:17	56	56	0
Apr 22, 2014 16:15:18	47	44	0
Apr 22, 2014 16:15:19	53	47	0
Apr 22, 2014 16:15:20	43	53	0
Apr 22, 2014 16:15:22	60	64	0
Apr 22, 2014 16:15:23	64	63	0
Apr 22, 2014 16:15:24	60	61	0
Apr 22, 2014 16:15:25	54	56	0
Apr 22, 2014 16:15:26	47	54	0
Apr 22, 2014 16:15:27	47	61	0
Apr 22, 2014 16:15:28	43	61	0
Apr 22, 2014 16:15:29	51	51	0
Apr 22, 2014 16:15:30	50	48	0
Apr 22, 2014 16:15:31	57	53	0
Apr 22, 2014 16:15:32	56	63	0
Apr 22, 2014 16:15:33	57	66	0
Apr 22, 2014 16:15:34	57	56	0
Apr 22, 2014 16:15:35	47	34	0
Apr 22, 2014 16:15:36	40	50	0
Apr 22, 2014 16:15:37	41	61	0
Apr 22, 2014 16:15:38	53	67	0
Apr 22, 2014 16:15:39	57	80	0
Apr 22, 2014 16:15:40	56	78	0
Apr 22, 2014 16:15:41	61	74	0
Apr 22, 2014 16:15:42	51	70	0
Apr 22, 2014 16:15:43	44	63	0
Apr 22, 2014 16:15:44	47	51	0
Apr 22, 2014 16:15:45	37	48	0
Apr 22, 2014 16:15:46	38	50	0
Apr 22, 2014 16:15:47	38	44	0
Apr 22, 2014 16:15:48	56	53	0
Apr 22, 2014 16:15:49	54	61	0
Apr 22, 2014 16:15:50	50	54	0
Apr 22, 2014 16:15:51	50	60	0
Apr 22, 2014 16:15:52	35	67	0
Apr 22, 2014 16:15:53	44	60	0
Apr 22, 2014 16:15:54	50	56	0
Apr 22, 2014 16:15:55	53	54	0
Apr 22, 2014 16:15:56	63	35	0
Apr 22, 2014 16:15:57	53	20	0
Apr 22, 2014 16:15:59	57	29	0
Apr 22, 2014 16:16:00	54	34	0
Apr 22, 2014 16:16:01	44	50	0
Apr 22, 2014 16:16:02	47	50	0
Apr 22, 2014 16:16:03	50	53	0
Apr 22, 2014 16:16:04	44	51	0
Apr 22, 2014 16:16:05	41	43	0
Apr 22, 2014 16:16:06	35	47	0
Apr 22, 2014 16:16:07	43	54	0
Apr 22, 2014 16:16:08	63	43	0
Apr 22, 2014 16:16:09	66	51	0
Apr 22, 2014 16:16:10	57	44	0
Apr 22, 2014 16:16:11	63	37	0
Apr 22, 2014 16:16:12	41	30	0
Apr 22, 2014 16:16:13	40	21	0
Apr 22, 2014 16:16:14	47	30	0
Apr 22, 2014 16:16:15	54	30	0
Apr 22, 2014 16:16:16	80	43	0
Apr 22, 2014 16:16:17	87	47	0
Apr 22, 2014 16:16:18	77	53	0
Apr 22, 2014 16:16:19	56	40	0
Apr 22, 2014 16:16:20	43	44	0
Apr 22, 2014 16:16:21	54	38	0
Apr 22, 2014 16:16:22	75	26	0
Apr 22, 2014 16:16:23	84	43	0
Apr 22, 2014 16:16:24	93	41	0
Apr 22, 2014 16:16:25	87	47	0
Apr 22, 2014 16:16:26	77	63	0
Apr 22, 2014 16:16:27	74	67	0
Apr 22, 2014 16:16:28	66	70	0
Apr 22, 2014 16:16:29	61	75	0
Apr 22, 2014 16:16:30	51	51	0
Apr 22, 2014 16:16:31	48	41	0
Apr 22, 2014 16:16:32	63	44	0
Apr 22, 2014 16:16:33	67	43	0
Apr 22, 2014 16:16:35	74	61	0
Apr 22, 2014 16:16:36	64	56	0
Apr 22, 2014 16:16:37	35	51	0
Apr 22, 2014 16:16:38	14	51	0
Apr 22, 2014 16:16:39	21	56	0
Apr 22, 2014 16:16:40	27	57	0
Apr 22, 2014 16:16:41	41	63	0
Apr 22, 2014 16:16:42	37	47	0
Apr 22, 2014 16:16:43	26	38	0
Apr 22, 2014 16:16:44	35	27	0
Apr 22, 2014 16:16:45	40	30	0
Apr 22, 2014 16:16:46	37	54	0
Apr 22, 2014 16:16:47	44	70	0
Apr 22, 2014 16:16:48	47	63	0
Apr 22, 2014 16:16:49	40	61	0
Apr 22, 2014 16:16:50	50	54	0
Apr 22, 2014 16:16:51	60	40	0
Apr 22, 2014 16:16:52	66	43	0
Apr 22, 2014 16:16:53	64	37	0
Apr 22, 2014 16:16:54	60	29	0
Apr 22, 2014 16:16:55	60	43	0
Apr 22, 2014 16:16:56	41	51	0
Apr 22, 2014 16:16:57	40	53	0
Apr 22, 2014 16:16:58	34	60	0
Apr 22, 2014 16:16:59	20	53	0
Apr 22, 2014 16:17:00	27	54	0
Apr 22, 2014 16:17:01	37	60	0
Apr 22, 2014 16:17:02	47	57	0
Apr 22, 2014 16:17:03	50	48	0
Apr 22, 2014 16:17:04	40	38	0
Apr 22, 2014 16:17:05	35	20	0
Apr 22, 2014 16:17:06	26	7	0
Apr 22, 2014 16:17:07	17	1	0
Apr 22, 2014 16:17:08	35	23	0
Apr 22, 2014 16:17:09	53	29	0
Apr 22, 2014 16:17:10	64	57	0
Apr 22, 2014 16:17:12	64	63	0
Apr 22, 2014 16:17:13	66	61	0
Apr 22, 2014 16:17:14	56	60	0
Apr 22, 2014 16:17:15	56	60	0
Apr 22, 2014 16:17:16	50	44	0
Apr 22, 2014 16:17:17	50	51	0
Apr 22, 2014 16:17:18	61	56	0
Apr 22, 2014 16:17:19	63	66	0
Apr 22, 2014 16:17:20	60	69	0
Apr 22, 2014 16:17:21	53	60	0
Apr 22, 2014 16:17:22	43	63	0
Apr 22, 2014 16:17:23	60	61	0
Apr 22, 2014 16:17:24	64	54	0
Apr 22, 2014 16:17:25	63	61	0
Apr 22, 2014 16:17:26	64	66	0
Apr 22, 2014 16:17:27	51	69	0
Apr 22, 2014 16:17:28	44	63	0
Apr 22, 2014 16:17:29	48	56	0
Apr 22, 2014 16:17:30	47	53	0
Apr 22, 2014 16:17:31	44	54	0
Apr 22, 2014 16:17:32	44	61	0
Apr 22, 2014 16:17:33	44	75	0
Apr 22, 2014 16:17:34	47	63	0
Apr 22, 2014 16:17:35	50	63	0
Apr 22, 2014 16:17:36	57	64	0
Apr 22, 2014 16:17:37	69	57	0
Apr 22, 2014 16:17:38	74	77	0
Apr 22, 2014 16:17:39	81	83	0
Apr 22, 2014 16:17:40	77	87	0
Apr 22, 2014 16:17:41	83	74	0
Apr 22, 2014 16:17:42	61	61	0
Apr 22, 2014 16:17:43	53	47	0
Apr 22, 2014 16:17:45	47	41	0
Apr 22, 2014 16:17:46	35	47	0
Apr 22, 2014 16:17:47	44	50	0
Apr 22, 2014 16:17:48	48	61	0
Apr 22, 2014 16:17:49	38	41	0
Apr 22, 2014 16:17:50	30	40	0
Apr 22, 2014 16:17:51	29	38	0
Apr 22, 2014 16:17:52	26	26	0
Apr 22, 2014 16:17:53	34	44	0
Apr 22, 2014 16:17:54	34	40	0
Apr 22, 2014 16:17:55	34	34	0
Apr 22, 2014 16:17:56	40	41	0
Apr 22, 2014 16:17:57	50	41	0
Apr 22, 2014 16:17:58	50	40	0
Apr 22, 2014 16:17:59	53	41	0
Apr 22, 2014 16:18:00	51	50	0
Apr 22, 2014 16:18:01	51	44	0
Apr 22, 2014 16:18:02	56	48	0
Apr 22, 2014 16:18:03	50	57	0
Apr 22, 2014 16:18:04	51	54	0
Apr 22, 2014 16:18:05	51	57	0
Apr 22, 2014 16:18:06	66	50	0
Apr 22, 2014 16:18:07	78	53	0
Apr 22, 2014 16:18:08	77	53	0
Apr 22, 2014 16:18:09	64	51	0
Apr 22, 2014 16:18:10	60	54	0
Apr 22, 2014 16:18:11	61	54	0
Apr 22, 2014 16:18:12	78	60	0
Apr 22, 2014 16:18:13	74	56	0
Apr 22, 2014 16:18:14	74	61	0
Apr 22, 2014 16:18:15	77	60	0
Apr 22, 2014 16:18:16	67	57	0
Apr 22, 2014 16:18:17	66	64	0
Apr 22, 2014 16:18:18	63	64	0
Apr 22, 2014 16:18:19	63	74	0
Apr 22, 2014 16:18:20	69	74	0
Apr 22, 2014 16:18:22	69	66	0
Apr 22, 2014 16:18:23	75	61	0
Apr 22, 2014 16:18:24	75	48	0
Apr 22, 2014 16:18:25	56	44	0
Apr 22, 2014 16:18:26	51	44	0
Apr 22, 2014 16:18:27	44	53	0
Apr 22, 2014 16:18:28	41	56	0
Apr 22, 2014 16:18:29	53	57	0
Apr 22, 2014 16:18:30	64	67	0
Apr 22, 2014 16:18:31	50	60	0
Apr 22, 2014 16:18:32	48	61	0
Apr 22, 2014 16:18:33	43	54	0
Apr 22, 2014 16:18:34	34	41	0
Apr 22, 2014 16:18:35	50	48	0
Apr 22, 2014 16:18:36	48	44	0
Apr 22, 2014 16:18:37	38	50	0
Apr 22, 2014 16:18:38	35	47	0
Apr 22, 2014 16:18:39	27	50	0
Apr 22, 2014 16:18:40	16	47	0
Apr 22, 2014 16:18:41	21	44	0
Apr 22, 2014 16:18:42	40	41	0
Apr 22, 2014 16:18:43	57	47	0
Apr 22, 2014 16:18:44	66	56	0
Apr 22, 2014 16:18:45	67	50	0
Apr 22, 2014 16:18:46	57	41	0
Apr 22, 2014 16:18:47	61	40	0
Apr 22, 2014 16:18:48	56	26	0
Apr 22, 2014 16:18:49	54	40	0
Apr 22, 2014 16:18:50	61	50	0
Apr 22, 2014 16:18:51	53	57	0
Apr 22, 2014 16:18:52	54	57	0
Apr 22, 2014 16:18:53	51	54	0
Apr 22, 2014 16:18:54	51	54	0
Apr 22, 2014 16:18:55	48	51	0
Apr 22, 2014 16:18:56	57	61	0
Apr 22, 2014 16:18:57	77	60	0
Apr 22, 2014 16:18:59	75	70	0
Apr 22, 2014 16:19:00	66	75	0
Apr 22, 2014 16:19:01	48	67	0
Apr 22, 2014 16:19:02	37	67	0
Apr 22, 2014 16:19:03	30	53	0
Apr 22, 2014 16:19:04	30	50	0
Apr 22, 2014 16:19:05	47	57	0
Apr 22, 2014 16:19:06	40	67	0
Apr 22, 2014 16:19:07	37	74	0
Apr 22, 2014 16:19:08	48	67	0
Apr 22, 2014 16:19:09	54	60	0
Apr 22, 2014 16:19:10	54	53	0
Apr 22, 2014 16:19:11	63	50	0
Apr 22, 2014 16:19:12	66	60	0
Apr 22, 2014 16:19:13	57	51	0
Apr 22, 2014 16:19:14	48	40	0
Apr 22, 2014 16:19:15	29	34	0
Apr 22, 2014 16:19:16	17	24	0
Apr 22, 2014 16:19:17	34	37	0
Apr 22, 2014 16:19:18	51	56	0
Apr 22, 2014 16:19:19	67	64	0
Apr 22, 2014 16:19:20	77	70	0
Apr 22, 2014 16:19:21	74	69	0
Apr 22, 2014 16:19:22	67	70	0
Apr 22, 2014 16:19:23	51	66	0
Apr 22, 2014 16:19:24	44	60	0
Apr 22, 2014 16:19:25	34	57	0
Apr 22, 2014 16:19:26	23	41	0
Apr 22, 2014 16:19:27	29	44	0
Apr 22, 2014 16:19:28	35	47	0
Apr 22, 2014 16:19:29	27	41	0
Apr 22, 2014 16:19:30	38	50	0
Apr 22, 2014 16:19:31	48	43	0
Apr 22, 2014 16:19:32	41	44	0
Apr 22, 2014 16:19:33	43	44	0
Apr 22, 2014 16:19:34	35	41	0
Apr 22, 2014 16:19:36	17	38	0
Apr 22, 2014 16:19:37	27	53	0
Apr 22, 2014 16:19:38	34	57	0
Apr 22, 2014 16:19:39	37	63	0
Apr 22, 2014 16:19:40	43	57	0
Apr 22, 2014 16:19:41	29	44	0
Apr 22, 2014 16:19:42	23	29	0
Apr 22, 2014 16:19:43	21	24	0
Apr 22, 2014 16:19:44	34	34	0
Apr 22, 2014 16:19:45	40	41	0
Apr 22, 2014 16:19:46	44	48	0
Apr 22, 2014 16:19:47	48	56	0
Apr 22, 2014 16:19:48	50	69	0
Apr 22, 2014 16:19:49	44	78	0
Apr 22, 2014 16:19:50	44	75	0
Apr 22, 2014 16:19:51	50	60	0
Apr 22, 2014 16:19:52	54	40	0
Apr 22, 2014 16:19:53	53	30	0
Apr 22, 2014 16:19:54	41	30	0
Apr 22, 2014 16:19:55	34	44	0
Apr 22, 2014 16:19:56	34	50	0
Apr 22, 2014 16:19:57	35	57	0
Apr 22, 2014 16:19:58	41	56	0
Apr 22, 2014 16:19:59	40	56	0
Apr 22, 2014 16:20:00	37	57	0
Apr 22, 2014 16:20:01	47	48	0
Apr 22, 2014 16:20:02	56	56	0
Apr 22, 2014 16:20:03	53	53	0
Apr 22, 2014 16:20:04	47	50	0
Apr 22, 2014 16:20:05	37	47	0
Apr 22, 2014 16:20:06	34	40	0
Apr 22, 2014 16:20:07	35	41	0
Apr 22, 2014 16:20:08	38	51	0
Apr 22, 2014 16:20:09	38	56	0
Apr 22, 2014 16:20:11	37	48	0
Apr 22, 2014 16:20:12	30	47	0
Apr 22, 2014 16:20:13	34	51	0
Apr 22, 2014 16:20:14	35	48	0
Apr 22, 2014 16:20:15	27	63	0
Apr 22, 2014 16:20:16	41	66	0
Apr 22, 2014 16:20:17	41	83	0
Apr 22, 2014 16:20:18	37	81	0
Apr 22, 2014 16:20:19	37	75	0
Apr 22, 2014 16:20:20	30	70	0
Apr 22, 2014 16:20:21	37	70	0
Apr 22, 2014 16:20:22	47	67	0
Apr 22, 2014 16:20:23	35	77	0
Apr 22, 2014 16:20:24	50	75	0
Apr 22, 2014 16:20:25	63	74	0
Apr 22, 2014 16:20:26	63	75	0
Apr 22, 2014 16:20:27	54	63	0
Apr 22, 2014 16:20:28	41	67	0
Apr 22, 2014 16:20:29	20	56	0
Apr 22, 2014 16:20:30	26	51	0
Apr 22, 2014 16:20:31	29	43	0
Apr 22, 2014 16:20:32	34	43	0
Apr 22, 2014 16:20:33	40	48	0
Apr 22, 2014 16:20:34	40	48	0
Apr 22, 2014 16:20:35	35	57	0
Apr 22, 2014 16:20:36	30	48	0
Apr 22, 2014 16:20:37	38	60	0
Apr 22, 2014 16:20:38	37	57	0
Apr 22, 2014 16:20:39	41	66	0
Apr 22, 2014 16:20:40	27	67	0
Apr 22, 2014 16:20:41	30	50	0
Apr 22, 2014 16:20:42	35	44	0
Apr 22, 2014 16:20:43	30	38	0
Apr 22, 2014 16:20:44	43	37	0
Apr 22, 2014 16:20:45	43	41	0
Apr 22, 2014 16:20:46	38	51	0
Apr 22, 2014 16:20:48	26	44	0
Apr 22, 2014 16:20:49	21	57	0
Apr 22, 2014 16:20:50	29	70	0
Apr 22, 2014 16:20:51	26	70	0
Apr 22, 2014 16:20:52	40	90	0
Apr 22, 2014 16:20:53	44	83	0
Apr 22, 2014 16:20:54	53	70	0
Apr 22, 2014 16:20:55	57	70	0
Apr 22, 2014 16:20:56	54	77	0
Apr 22, 2014 16:20:57	48	67	0
Apr 22, 2014 16:20:58	41	66	0
Apr 22, 2014 16:20:59	34	67	0
Apr 22, 2014 16:21:00	34	57	0
Apr 22, 2014 16:21:01	38	64	0
Apr 22, 2014 16:21:02	40	74	0
Apr 22, 2014 16:21:03	51	74	0
Apr 22, 2014 16:21:04	57	63	0
Apr 22, 2014 16:21:05	41	64	0
Apr 22, 2014 16:21:06	41	64	26
Apr 22, 2014 16:21:07	37	64	0
Apr 22, 2014 16:21:08	24	54	0
Apr 22, 2014 16:21:09	21	64	0
Apr 22, 2014 16:21:10	29	61	0
Apr 22, 2014 16:21:11	37	64	0
Apr 22, 2014 16:21:12	48	74	0
Apr 22, 2014 16:21:13	57	69	0
Apr 22, 2014 16:21:14	66	66	0
Apr 22, 2014 16:21:15	57	64	0
Apr 22, 2014 16:21:16	56	61	0
Apr 22, 2014 16:21:17	40	57	0
Apr 22, 2014 16:21:18	30	43	0
Apr 22, 2014 16:21:19	27	47	0
Apr 22, 2014 16:21:20	38	53	0
Apr 22, 2014 16:21:21	70	57	0
Apr 22, 2014 16:21:22	64	56	0
Apr 22, 2014 16:21:23	64	51	0
Apr 22, 2014 16:21:25	56	53	0
Apr 22, 2014 16:21:26	41	64	0
Apr 22, 2014 16:21:27	50	74	0
Apr 22, 2014 16:21:28	54	74	0
Apr 22, 2014 16:21:29	60	66	0
Apr 22, 2014 16:21:30	60	64	0
Apr 22, 2014 16:21:31	56	64	0
Apr 22, 2014 16:21:32	50	70	0
Apr 22, 2014 16:21:33	47	74	0
Apr 22, 2014 16:21:34	47	74	0
Apr 22, 2014 16:21:35	34	63	0
Apr 22, 2014 16:21:36	23	56	0
Apr 22, 2014 16:21:37	37	61	0
Apr 22, 2014 16:21:38	44	60	0
Apr 22, 2014 16:21:39	57	61	0
Apr 22, 2014 16:21:40	66	70	0
Apr 22, 2014 16:21:41	51	69	0
Apr 22, 2014 16:21:42	57	66	0
Apr 22, 2014 16:21:43	43	66	0
Apr 22, 2014 16:21:44	41	57	0
Apr 22, 2014 16:21:45	43	61	0
Apr 22, 2014 16:21:46	30	57	0
Apr 22, 2014 16:21:47	35	64	0
Apr 22, 2014 16:21:48	34	70	0
Apr 22, 2014 16:21:49	37	69	0
Apr 22, 2014 16:21:50	30	54	0
Apr 22, 2014 16:21:51	41	51	0
Apr 22, 2014 16:21:52	47	57	0
Apr 22, 2014 16:21:53	51	69	0
Apr 22, 2014 16:21:54	54	57	0
Apr 22, 2014 16:21:55	57	56	0
Apr 22, 2014 16:21:56	48	50	0
Apr 22, 2014 16:21:57	47	48	0
Apr 22, 2014 16:21:58	41	67	0
Apr 22, 2014 16:21:59	40	70	0
Apr 22, 2014 16:22:01	40	70	26
Apr 22, 2014 16:22:02	54	64	0
Apr 22, 2014 16:22:03	63	56	0
Apr 22, 2014 16:22:04	77	41	0
Apr 22, 2014 16:22:05	80	35	0
Apr 22, 2014 16:22:06	78	48	0
Apr 22, 2014 16:22:07	75	54	0
Apr 22, 2014 16:22:08	64	61	0
Apr 22, 2014 16:22:09	63	66	0
Apr 22, 2014 16:22:10	37	64	0
Apr 22, 2014 16:22:11	27	61	0
Apr 22, 2014 16:22:12	26	56	0
Apr 22, 2014 16:22:13	17	47	0
Apr 22, 2014 16:22:14	30	41	0
Apr 22, 2014 16:22:15	48	41	0
Apr 22, 2014 16:22:16	40	43	0
Apr 22, 2014 16:22:17	47	43	0
Apr 22, 2014 16:22:18	50	47	0
Apr 22, 2014 16:22:19	41	57	0
Apr 22, 2014 16:22:20	53	69	0
Apr 22, 2014 16:22:21	48	66	0
Apr 22, 2014 16:22:22	44	53	0
Apr 22, 2014 16:22:23	44	40	0
Apr 22, 2014 16:22:24	41	47	0
Apr 22, 2014 16:22:25	35	29	0
Apr 22, 2014 16:22:26	38	47	0
Apr 22, 2014 16:22:27	21	38	0
Apr 22, 2014 16:22:28	13	41	0
Apr 22, 2014 16:22:29	27	47	0
Apr 22, 2014 16:22:30	11	41	0
Apr 22, 2014 16:22:31	23	54	0
Apr 22, 2014 16:22:32	26	38	0
Apr 22, 2014 16:22:33	23	48	0
Apr 22, 2014 16:22:34	41	51	0
Apr 22, 2014 16:22:35	41	50	0
Apr 22, 2014 16:22:37	41	54	0
Apr 22, 2014 16:22:38	40	43	0
Apr 22, 2014 16:22:39	40	29	0
Apr 22, 2014 16:22:40	41	41	0
Apr 22, 2014 16:22:41	47	40	0
Apr 22, 2014 16:22:42	40	48	0
Apr 22, 2014 16:22:43	35	60	0
Apr 22, 2014 16:22:44	27	41	0
Apr 22, 2014 16:22:45	29	57	0
Apr 22, 2014 16:22:46	37	63	0
Apr 22, 2014 16:22:47	30	53	0
Apr 22, 2014 16:22:48	54	70	0
Apr 22, 2014 16:22:49	57	64	0
Apr 22, 2014 16:22:50	60	67	0
Apr 22, 2014 16:22:51	61	77	0
Apr 22, 2014 16:22:52	50	80	0
Apr 22, 2014 16:22:53	50	70	0
Apr 22, 2014 16:22:54	57	61	0
Apr 22, 2014 16:22:55	53	61	0
Apr 22, 2014 16:22:56	43	60	0
Apr 22, 2014 16:22:57	47	69	0
Apr 22, 2014 16:22:58	29	83	0
Apr 22, 2014 16:22:59	30	70	0
Apr 22, 2014 16:23:00	27	61	0
Apr 22, 2014 16:23:01	24	47	0
Apr 22, 2014 16:23:02	35	30	0
Apr 22, 2014 16:23:03	35	26	0
Apr 22, 2014 16:23:04	29	38	0
Apr 22, 2014 16:23:05	24	40	0
Apr 22, 2014 16:23:06	24	41	0
Apr 22, 2014 16:23:07	21	34	0
Apr 22, 2014 16:23:08	29	43	0
Apr 22, 2014 16:23:09	37	51	0
Apr 22, 2014 16:23:10	40	48	0
Apr 22, 2014 16:23:11	43	56	0
Apr 22, 2014 16:23:13	47	56	0
Apr 22, 2014 16:23:14	48	60	0
Apr 22, 2014 16:23:15	38	60	0
Apr 22, 2014 16:23:16	37	69	0
Apr 22, 2014 16:23:17	21	53	0
Apr 22, 2014 16:23:18	30	44	0
Apr 22, 2014 16:23:19	51	48	0
Apr 22, 2014 16:23:20	63	47	0
Apr 22, 2014 16:23:21	74	38	0
Apr 22, 2014 16:23:22	63	44	0
Apr 22, 2014 16:23:23	47	43	0
Apr 22, 2014 16:23:24	38	61	0
Apr 22, 2014 16:23:25	43	54	0
Apr 22, 2014 16:23:26	48	51	0
Apr 22, 2014 16:23:27	41	38	0
Apr 22, 2014 16:23:28	47	38	0
Apr 22, 2014 16:23:29	43	41	0
Apr 22, 2014 16:23:30	60	41	0
Apr 22, 2014 16:23:31	75	48	0
Apr 22, 2014 16:23:32	75	56	0
Apr 22, 2014 16:23:33	77	50	0
Apr 22, 2014 16:23:34	53	66	0
Apr 22, 2014 16:23:35	43	75	0
Apr 22, 2014 16:23:36	44	69	0
Apr 22, 2014 16:23:37	53	77	0
Apr 22, 2014 16:23:38	67	61	0
Apr 22, 2014 16:23:39	80	54	0
Apr 22, 2014 16:23:40	78	44	0
Apr 22, 2014 16:23:41	69	44	0
Apr 22, 2014 16:23:42	80	50	0
Apr 22, 2014 16:23:43	77	50	0
Apr 22, 2014 16:23:44	78	69	0
Apr 22, 2014 16:23:45	74	74	0
Apr 22, 2014 16:23:46	51	67	0
Apr 22, 2014 16:23:47	51	77	0
Apr 22, 2014 16:23:48	51	44	0
Apr 22, 2014 16:23:50	50	38	0
Apr 22, 2014 16:23:51	66	35	0
Apr 22, 2014 16:23:52	60	37	0
Apr 22, 2014 16:23:53	47	44	0
Apr 22, 2014 16:23:54	54	48	0
Apr 22, 2014 16:23:55	40	61	0
Apr 22, 2014 16:23:56	48	69	0
Apr 22, 2014 16:23:57	35	54	0
Apr 22, 2014 16:23:58	38	43	0
Apr 22, 2014 16:23:59	37	53	0
Apr 22, 2014 16:24:00	35	63	0
Apr 22, 2014 16:24:01	41	75	0
Apr 22, 2014 16:24:02	37	69	0
Apr 22, 2014 16:24:03	40	51	0
Apr 22, 2014 16:24:04	37	37	0
Apr 22, 2014 16:24:05	30	34	0
Apr 22, 2014 16:24:06	44	35	0
Apr 22, 2014 16:24:07	38	48	0
Apr 22, 2014 16:24:08	48	56	0
Apr 22, 2014 16:24:09	54	63	0
Apr 22, 2014 16:24:10	47	63	0
Apr 22, 2014 16:24:11	38	77	0
Apr 22, 2014 16:24:12	27	69	0
Apr 22, 2014 16:24:13	27	69	0
Apr 22, 2014 16:24:14	26	80	0
Apr 22, 2014 16:24:15	35	53	0
Apr 22, 2014 16:24:16	40	54	0
Apr 22, 2014 16:24:17	38	48	0
Apr 22, 2014 16:24:18	50	53	0
Apr 22, 2014 16:24:19	53	61	0
Apr 22, 2014 16:24:20	56	64	0
Apr 22, 2014 16:24:21	56	60	0
Apr 22, 2014 16:24:22	50	64	0
Apr 22, 2014 16:24:23	38	63	0
Apr 22, 2014 16:24:24	38	66	0
Apr 22, 2014 16:24:26	53	77	0
Apr 22, 2014 16:24:27	64	70	0
Apr 22, 2014 16:24:28	60	70	0
Apr 22, 2014 16:24:29	44	60	0
Apr 22, 2014 16:24:30	40	53	0
Apr 22, 2014 16:24:31	20	44	0
Apr 22, 2014 16:24:32	13	38	0
Apr 22, 2014 16:24:33	16	35	0
Apr 22, 2014 16:24:34	17	44	0
Apr 22, 2014 16:24:35	23	56	0
Apr 22, 2014 16:24:36	34	64	0
Apr 22, 2014 16:24:37	37	70	0
Apr 22, 2014 16:24:38	38	78	0
Apr 22, 2014 16:24:39	43	70	0
Apr 22, 2014 16:24:40	51	70	0
Apr 22, 2014 16:24:41	51	61	0
Apr 22, 2014 16:24:42	60	47	0
Apr 22, 2014 16:24:43	60	48	0
Apr 22, 2014 16:24:44	50	40	0
Apr 22, 2014 16:24:45	41	47	0
Apr 22, 2014 16:24:46	48	51	0
Apr 22, 2014 16:24:47	54	47	0
Apr 22, 2014 16:24:48	74	41	0
Apr 22, 2014 16:24:49	69	47	0
Apr 22, 2014 16:24:50	53	50	0
Apr 22, 2014 16:24:51	37	47	0
Apr 22, 2014 16:24:52	23	51	0
Apr 22, 2014 16:24:53	43	48	0
Apr 22, 2014 16:24:54	56	54	0
Apr 22, 2014 16:24:55	66	60	0
Apr 22, 2014 16:24:56	54	70	0
Apr 22, 2014 16:24:57	54	41	0
Apr 22, 2014 16:24:58	53	40	0
Apr 22, 2014 16:24:59	70	34	0
Apr 22, 2014 16:25:00	64	50	0
Apr 22, 2014 16:25:01	56	53	0
Apr 22, 2014 16:25:03	63	51	0
Apr 22, 2014 16:25:04	60	48	0
Apr 22, 2014 16:25:05	69	43	0
Apr 22, 2014 16:25:06	78	48	0
Apr 22, 2014 16:25:07	84	53	0
Apr 22, 2014 16:25:08	83	53	0
Apr 22, 2014 16:25:09	67	47	0
Apr 22, 2014 16:25:10	51	43	0
Apr 22, 2014 16:25:11	34	47	0
Apr 22, 2014 16:25:12	24	41	0
Apr 22, 2014 16:25:13	24	41	0
Apr 22, 2014 16:25:14	35	74	0
Apr 22, 2014 16:25:15	37	75	0
Apr 22, 2014 16:25:16	30	57	0
Apr 22, 2014 16:25:17	34	44	0
Apr 22, 2014 16:25:18	35	27	0
Apr 22, 2014 16:25:19	38	27	0
Apr 22, 2014 16:25:20	50	61	0
Apr 22, 2014 16:25:21	56	69	0
Apr 22, 2014 16:25:22	47	74	0
Apr 22, 2014 16:25:23	40	63	0
Apr 22, 2014 16:25:24	30	56	0
Apr 22, 2014 16:25:25	20	41	0
Apr 22, 2014 16:25:26	30	41	0
Apr 22, 2014 16:25:27	38	48	0
Apr 22, 2014 16:25:28	48	48	0
Apr 22, 2014 16:25:29	37	43	0
Apr 22, 2014 16:25:30	26	40	0
Apr 22, 2014 16:25:31	20	29	0
Apr 22, 2014 16:25:32	3	20	0
Apr 22, 2014 16:25:33	14	24	0
Apr 22, 2014 16:25:34	14	24	0
Apr 22, 2014 16:25:35	26	29	0
Apr 22, 2014 16:25:36	41	47	0
Apr 22, 2014 16:25:37	47	61	0
Apr 22, 2014 16:25:39	44	63	0
Apr 22, 2014 16:25:40	41	61	0
Apr 22, 2014 16:25:41	41	64	0
Apr 22, 2014 16:25:42	27	47	0
Apr 22, 2014 16:25:43	43	48	0
Apr 22, 2014 16:25:44	57	47	0
Apr 22, 2014 16:25:45	57	50	0
Apr 22, 2014 16:25:46	61	57	0
Apr 22, 2014 16:25:47	60	56	0
Apr 22, 2014 16:25:48	44	61	0
Apr 22, 2014 16:25:49	41	57	0
Apr 22, 2014 16:25:50	40	53	0
Apr 22, 2014 16:25:51	30	44	0
Apr 22, 2014 16:25:52	37	40	0
Apr 22, 2014 16:25:53	48	30	0
Apr 22, 2014 16:25:54	60	47	0
Apr 22, 2014 16:25:55	61	60	0
Apr 22, 2014 16:25:56	64	74	0
Apr 22, 2014 16:25:57	50	74	0
Apr 22, 2014 16:25:58	38	57	0
Apr 22, 2014 16:25:59	30	50	0
Apr 22, 2014 16:26:00	26	43	0
Apr 22, 2014 16:26:01	40	44	0
Apr 22, 2014 16:26:02	50	47	0
Apr 22, 2014 16:26:03	48	57	0
Apr 22, 2014 16:26:04	48	70	0
Apr 22, 2014 16:26:05	27	56	0
Apr 22, 2014 16:26:06	26	43	0
Apr 22, 2014 16:26:07	30	29	0
Apr 22, 2014 16:26:08	51	26	0
Apr 22, 2014 16:26:09	69	47	0
Apr 22, 2014 16:26:10	66	61	0
Apr 22, 2014 16:26:11	61	64	0
Apr 22, 2014 16:26:12	41	70	0
Apr 22, 2014 16:26:13	30	69	0
Apr 22, 2014 16:26:15	35	64	0
Apr 22, 2014 16:26:16	38	47	0
Apr 22, 2014 16:26:17	54	47	0
Apr 22, 2014 16:26:18	50	53	0
Apr 22, 2014 16:26:19	48	44	0
Apr 22, 2014 16:26:20	30	57	0
Apr 22, 2014 16:26:21	34	61	0
Apr 22, 2014 16:26:22	47	53	0
Apr 22, 2014 16:26:23	57	64	0
Apr 22, 2014 16:26:24	60	64	0
Apr 22, 2014 16:26:25	51	44	0
Apr 22, 2014 16:26:26	51	43	0
Apr 22, 2014 16:26:27	44	30	0
Apr 22, 2014 16:26:28	53	35	0
Apr 22, 2014 16:26:29	63	51	0
Apr 22, 2014 16:26:30	51	56	0
Apr 22, 2014 16:26:31	41	50	0
Apr 22, 2014 16:26:32	26	44	0
Apr 22, 2014 16:26:33	27	37	0
Apr 22, 2014 16:26:34	38	57	0
Apr 22, 2014 16:26:35	23	50	0
Apr 22, 2014 16:26:36	11	41	0
Apr 22, 2014 16:26:37	16	41	0
Apr 22, 2014 16:26:38	13	34	0
Apr 22, 2014 16:26:39	20	40	0
Apr 22, 2014 16:26:40	30	61	0
Apr 22, 2014 16:26:41	29	53	0
Apr 22, 2014 16:26:42	40	54	0
Apr 22, 2014 16:26:43	38	51	0
Apr 22, 2014 16:26:44	44	30	0
Apr 22, 2014 16:26:45	48	53	0
Apr 22, 2014 16:26:46	44	57	0
Apr 22, 2014 16:26:47	48	60	0
Apr 22, 2014 16:26:48	51	64	0
Apr 22, 2014 16:26:49	48	60	0
Apr 22, 2014 16:26:50	47	51	0
Apr 22, 2014 16:26:52	44	50	0
Apr 22, 2014 16:26:53	47	54	0
Apr 22, 2014 16:26:54	47	47	0
Apr 22, 2014 16:26:55	37	43	0
Apr 22, 2014 16:26:56	37	51	0
Apr 22, 2014 16:26:57	35	53	0
Apr 22, 2014 16:26:58	27	56	0
Apr 22, 2014 16:26:59	41	51	0
Apr 22, 2014 16:27:00	48	47	0
Apr 22, 2014 16:27:01	35	35	0
Apr 22, 2014 16:27:02	38	48	0
Apr 22, 2014 16:27:03	26	41	0
Apr 22, 2014 16:27:04	23	41	0
Apr 22, 2014 16:27:05	23	50	0
Apr 22, 2014 16:27:06	23	27	0
Apr 22, 2014 16:27:07	24	38	0
Apr 22, 2014 16:27:08	30	38	0
Apr 22, 2014 16:27:09	26	47	0
Apr 22, 2014 16:27:10	29	48	0
Apr 22, 2014 16:27:11	44	40	0
Apr 22, 2014 16:27:12	34	29	0
Apr 22, 2014 16:27:13	44	21	0
Apr 22, 2014 16:27:14	51	38	0
Apr 22, 2014 16:27:15	41	41	0
Apr 22, 2014 16:27:16	43	35	0
Apr 22, 2014 16:27:17	29	34	0
Apr 22, 2014 16:27:18	20	17	0
Apr 22, 2014 16:27:19	11	23	0
Apr 22, 2014 16:27:20	13	48	0
Apr 22, 2014 16:27:21	14	43	0
Apr 22, 2014 16:27:22	14	56	0
Apr 22, 2014 16:27:23	27	57	0
Apr 22, 2014 16:27:24	41	60	0
Apr 22, 2014 16:27:26	47	69	0
Apr 22, 2014 16:27:27	48	61	0
Apr 22, 2014 16:27:28	38	53	0
Apr 22, 2014 16:27:29	30	54	0
Apr 22, 2014 16:27:30	40	53	0
Apr 22, 2014 16:27:31	24	67	0
Apr 22, 2014 16:27:32	38	74	0
Apr 22, 2014 16:27:33	27	80	0
Apr 22, 2014 16:27:34	40	66	0
Apr 22, 2014 16:27:35	35	67	0
Apr 22, 2014 16:27:36	47	69	0
Apr 22, 2014 16:27:37	38	74	0
Apr 22, 2014 16:27:38	41	70	0
Apr 22, 2014 16:27:39	24	77	0
Apr 22, 2014 16:27:40	20	57	0
Apr 22, 2014 16:27:41	13	43	0
Apr 22, 2014 16:27:42	7	50	0
Apr 22, 2014 16:27:43	13	47	0
Apr 22, 2014 16:27:44	16	56	0
Apr 22, 2014 16:27:45	30	43	0
Apr 22, 2014 16:27:46	30	40	0
Apr 22, 2014 16:27:47	41	40	0
Apr 22, 2014 16:27:48	43	34	0
Apr 22, 2014 16:27:49	48	47	0
Apr 22, 2014 16:27:50	43	47	0
Apr 22, 2014 16:27:51	47	41	0
Apr 22, 2014 16:27:52	43	57	0
Apr 22, 2014 16:27:53	47	67	0
Apr 22, 2014 16:27:54	53	77	0
Apr 22, 2014 16:27:55	43	83	0
Apr 22, 2014 16:27:56	38	75	0
Apr 22, 2014 16:27:57	37	75	0
Apr 22, 2014 16:27:58	47	78	0
Apr 22, 2014 16:27:59	54	78	0
Apr 22, 2014 16:28:00	56	56	0
Apr 22, 2014 16:28:01	51	54	0
Apr 22, 2014 16:28:02	50	54	0
Apr 22, 2014 16:28:04	50	60	0
Apr 22, 2014 16:28:05	50	78	0
Apr 22, 2014 16:28:06	48	67	0
Apr 22, 2014 16:28:07	51	69	0
Apr 22, 2014 16:28:08	51	70	0
Apr 22, 2014 16:28:09	41	77	0
Apr 22, 2014 16:28:10	47	83	0
Apr 22, 2014 16:28:11	38	61	0
Apr 22, 2014 16:28:12	34	38	0
Apr 22, 2014 16:28:13	37	40	0
Apr 22, 2014 16:28:14	34	38	0
Apr 22, 2014 16:28:15	37	50	0
Apr 22, 2014 16:28:16	43	67	0
Apr 22, 2014 16:28:17	43	63	0
Apr 22, 2014 16:28:18	41	56	0
Apr 22, 2014 16:28:19	35	50	0
Apr 22, 2014 16:28:20	40	50	0
Apr 22, 2014 16:28:21	41	60	0
Apr 22, 2014 16:28:22	37	69	0
Apr 22, 2014 16:28:23	50	70	0
Apr 22, 2014 16:28:24	48	69	0
Apr 22, 2014 16:28:25	48	66	0
Apr 22, 2014 16:28:26	48	64	0
Apr 22, 2014 16:28:27	44	60	0
Apr 22, 2014 16:28:28	34	53	0
Apr 22, 2014 16:28:29	29	51	0
Apr 22, 2014 16:28:30	35	54	0
Apr 22, 2014 16:28:31	27	74	0
Apr 22, 2014 16:28:32	37	88	0
Apr 22, 2014 16:28:33	43	83	0
Apr 22, 2014 16:28:34	38	75	0
Apr 22, 2014 16:28:35	43	64	0
Apr 22, 2014 16:28:36	35	61	0
Apr 22, 2014 16:28:37	41	74	0
Apr 22, 2014 16:28:38	44	67	0
Apr 22, 2014 16:28:40	48	81	0
Apr 22, 2014 16:28:41	50	75	0
Apr 22, 2014 16:28:42	47	75	0
Apr 22, 2014 16:28:43	35	81	0
Apr 22, 2014 16:28:44	38	67	0
Apr 22, 2014 16:28:45	43	57	0
Apr 22, 2014 16:28:46	43	56	0
Apr 22, 2014 16:28:47	47	57	0
Apr 22, 2014 16:28:48	44	74	0
Apr 22, 2014 16:28:49	35	78	0
Apr 22, 2014 16:28:50	44	66	0
Apr 22, 2014 16:28:51	41	61	0
Apr 22, 2014 16:28:52	37	43	0
Apr 22, 2014 16:28:53	29	35	0
Apr 22, 2014 16:28:54	26	43	0
Apr 22, 2014 16:28:55	37	41	0
Apr 22, 2014 16:28:56	41	50	0
Apr 22, 2014 16:28:57	54	66	0
Apr 22, 2014 16:28:58	61	66	0
Apr 22, 2014 16:28:59	60	69	0
Apr 22, 2014 16:29:00	60	64	0
Apr 22, 2014 16:29:01	54	47	0
Apr 22, 2014 16:29:02	48	48	0
Apr 22, 2014 16:29:03	43	48	0
Apr 22, 2014 16:29:04	37	50	0
Apr 22, 2014 16:29:05	35	63	0
Apr 22, 2014 16:29:06	30	54	0
Apr 22, 2014 16:29:07	43	66	0
Apr 22, 2014 16:29:08	51	67	0
Apr 22, 2014 16:29:09	50	67	0
Apr 22, 2014 16:29:10	37	67	0
Apr 22, 2014 16:29:11	50	64	0
Apr 22, 2014 16:29:12	50	63	0
Apr 22, 2014 16:29:13	48	54	0
Apr 22, 2014 16:29:14	64	60	0
Apr 22, 2014 16:29:16	61	61	0
Apr 22, 2014 16:29:17	61	61	26
Apr 22, 2014 16:29:18	67	54	0
Apr 22, 2014 16:29:19	66	66	0
Apr 22, 2014 16:29:20	57	60	0
Apr 22, 2014 16:29:21	51	54	0
Apr 22, 2014 16:29:22	48	61	0
Apr 22, 2014 16:29:23	47	48	0
Apr 22, 2014 16:29:24	51	50	0
Apr 22, 2014 16:29:25	50	44	0
Apr 22, 2014 16:29:26	47	35	0
Apr 22, 2014 16:29:27	54	53	0
Apr 22, 2014 16:29:28	56	50	0
Apr 22, 2014 16:29:29	74	56	0
Apr 22, 2014 16:29:30	74	63	0
Apr 22, 2014 16:29:31	66	51	0
Apr 22, 2014 16:29:32	70	53	0
Apr 22, 2014 16:29:33	67	54	0
Apr 22, 2014 16:29:34	67	53	0
Apr 22, 2014 16:29:35	60	48	0
Apr 22, 2014 16:29:36	51	51	0
Apr 22, 2014 16:29:37	47	50	0
Apr 22, 2014 16:29:38	81	63	0
Apr 22, 2014 16:29:39	87	57	0
Apr 22, 2014 16:29:40	84	54	0
Apr 22, 2014 16:29:41	75	56	0
Apr 22, 2014 16:29:42	66	48	0
Apr 22, 2014 16:29:43	63	35	0
Apr 22, 2014 16:29:44	56	37	0
Apr 22, 2014 16:29:45	61	40	0
Apr 22, 2014 16:29:46	61	44	0
Apr 22, 2014 16:29:47	63	64	0
Apr 22, 2014 16:29:48	60	61	0
Apr 22, 2014 16:29:49	64	63	0
Apr 22, 2014 16:29:50	61	69	0
Apr 22, 2014 16:29:52	67	64	0
Apr 22, 2014 16:29:53	74	78	0
Apr 22, 2014 16:29:54	63	75	0
Apr 22, 2014 16:29:55	78	61	0
Apr 22, 2014 16:29:56	74	57	0
Apr 22, 2014 16:29:57	64	53	0
Apr 22, 2014 16:29:58	48	63	0
Apr 22, 2014 16:29:59	41	74	0
Apr 22, 2014 16:30:00	37	74	0
Apr 22, 2014 16:30:01	53	70	0
Apr 22, 2014 16:30:02	66	70	0
Apr 22, 2014 16:30:03	56	67	0
Apr 22, 2014 16:30:04	61	67	0
Apr 22, 2014 16:30:05	56	74	0
Apr 22, 2014 16:30:06	61	70	0
Apr 22, 2014 16:30:07	66	70	0
Apr 22, 2014 16:30:08	69	63	0
Apr 22, 2014 16:30:09	66	66	0
Apr 22, 2014 16:30:10	54	67	0
Apr 22, 2014 16:30:11	44	74	0
Apr 22, 2014 16:30:12	54	66	0
Apr 22, 2014 16:30:13	60	56	0
Apr 22, 2014 16:30:14	69	66	0
Apr 22, 2014 16:30:15	75	67	0
Apr 22, 2014 16:30:16	56	53	0
Apr 22, 2014 16:30:17	50	54	0
Apr 22, 2014 16:30:18	51	44	0
Apr 22, 2014 16:30:19	54	56	0
Apr 22, 2014 16:30:20	81	64	0
Apr 22, 2014 16:30:21	90	67	0
Apr 22, 2014 16:30:22	80	69	0
Apr 22, 2014 16:30:23	87	63	0
Apr 22, 2014 16:30:24	83	74	0
Apr 22, 2014 16:30:25	80	80	0
Apr 22, 2014 16:30:26	80	70	0
Apr 22, 2014 16:30:27	74	67	0
Apr 22, 2014 16:30:29	63	69	0
Apr 22, 2014 16:30:30	80	53	0
Apr 22, 2014 16:30:31	83	63	0
Apr 22, 2014 16:30:32	80	74	0
Apr 22, 2014 16:30:33	70	75	0
Apr 22, 2014 16:30:34	44	93	0
Apr 22, 2014 16:30:35	43	87	0
Apr 22, 2014 16:30:36	40	64	0
Apr 22, 2014 16:30:37	44	57	0
Apr 22, 2014 16:30:38	44	29	0
Apr 22, 2014 16:30:39	47	35	0
Apr 22, 2014 16:30:40	51	40	0
Apr 22, 2014 16:30:41	53	54	0
Apr 22, 2014 16:30:42	50	60	0
Apr 22, 2014 16:30:43	53	61	0
Apr 22, 2014 16:30:44	37	38	0
Apr 22, 2014 16:30:45	41	40	0
Apr 22, 2014 16:30:46	41	29	0
Apr 22, 2014 16:30:47	30	34	0
Apr 22, 2014 16:30:48	44	54	0
Apr 22, 2014 16:30:49	41	63	0
Apr 22, 2014 16:30:50	41	67	0
Apr 22, 2014 16:30:51	40	67	0
Apr 22, 2014 16:30:52	48	63	0
Apr 22, 2014 16:30:53	54	57	0
Apr 22, 2014 16:30:54	41	53	0
Apr 22, 2014 16:30:55	44	56	0
Apr 22, 2014 16:30:56	48	61	0
Apr 22, 2014 16:30:57	47	64	0
Apr 22, 2014 16:30:58	61	69	0
Apr 22, 2014 16:30:59	67	63	0
Apr 22, 2014 16:31:00	61	61	0
Apr 22, 2014 16:31:01	57	64	0
Apr 22, 2014 16:31:02	51	56	0
Apr 22, 2014 16:31:04	37	50	0
Apr 22, 2014 16:31:05	37	54	0
Apr 22, 2014 16:31:06	34	48	0
Apr 22, 2014 16:31:07	38	64	0
Apr 22, 2014 16:31:08	48	91	0
Apr 22, 2014 16:31:09	47	87	0
Apr 22, 2014 16:31:10	53	77	0
Apr 22, 2014 16:31:11	35	67	0
Apr 22, 2014 16:31:12	44	60	0
Apr 22, 2014 16:31:13	40	75	0
Apr 22, 2014 16:31:14	64	78	0
Apr 22, 2014 16:31:15	60	67	0
Apr 22, 2014 16:31:16	48	63	0
Apr 22, 2014 16:31:17	50	66	0
Apr 22, 2014 16:31:18	41	69	0
Apr 22, 2014 16:31:19	41	70	0
Apr 22, 2014 16:31:20	43	67	0
Apr 22, 2014 16:31:21	35	64	0
Apr 22, 2014 16:31:22	37	56	0
Apr 22, 2014 16:31:23	38	53	0
Apr 22, 2014 16:31:24	37	70	0
Apr 22, 2014 16:31:25	50	70	0
Apr 22, 2014 16:31:26	56	75	0
Apr 22, 2014 16:31:27	61	83	0
Apr 22, 2014 16:31:28	56	84	0
Apr 22, 2014 16:31:29	44	78	0
Apr 22, 2014 16:31:30	35	78	0
Apr 22, 2014 16:31:31	20	74	0
Apr 22, 2014 16:31:32	24	57	0
Apr 22, 2014 16:31:33	20	60	0
Apr 22, 2014 16:31:34	14	57	0
Apr 22, 2014 16:31:35	21	60	0
Apr 22, 2014 16:31:36	11	53	0
Apr 22, 2014 16:31:37	20	54	0
Apr 22, 2014 16:31:38	30	60	0
Apr 22, 2014 16:31:40	40	57	0
Apr 22, 2014 16:31:41	41	60	0
Apr 22, 2014 16:31:42	43	61	0
Apr 22, 2014 16:31:43	37	57	0
Apr 22, 2014 16:31:44	51	61	0
Apr 22, 2014 16:31:45	47	57	0
Apr 22, 2014 16:31:46	34	50	0
Apr 22, 2014 16:31:47	38	48	0
Apr 22, 2014 16:31:48	38	48	0
Apr 22, 2014 16:31:49	48	47	0
Apr 22, 2014 16:31:50	53	61	0
Apr 22, 2014 16:31:51	54	56	0
Apr 22, 2014 16:31:52	57	61	0
Apr 22, 2014 16:31:53	54	69	0
Apr 22, 2014 16:31:54	50	63	0
Apr 22, 2014 16:31:55	48	64	0
Apr 22, 2014 16:31:56	48	66	0
Apr 22, 2014 16:31:57	53	63	0
Apr 22, 2014 16:31:58	64	64	0
Apr 22, 2014 16:31:59	61	74	0
Apr 22, 2014 16:32:00	51	64	0
Apr 22, 2014 16:32:01	47	51	0
Apr 22, 2014 16:32:02	51	60	0
Apr 22, 2014 16:32:03	48	60	0
Apr 22, 2014 16:32:04	54	61	0
Apr 22, 2014 16:32:05	54	83	0
Apr 22, 2014 16:32:06	50	74	0
Apr 22, 2014 16:32:07	56	74	0
Apr 22, 2014 16:32:08	64	78	0
Apr 22, 2014 16:32:09	74	64	0
Apr 22, 2014 16:32:10	75	67	0
Apr 22, 2014 16:32:11	81	64	0
Apr 22, 2014 16:32:12	66	53	0
Apr 22, 2014 16:32:13	57	54	0
Apr 22, 2014 16:32:14	16	38	0
Apr 22, 2014 16:32:15	8	48	0
Apr 22, 2014 16:32:17	11	64	0
Apr 22, 2014 16:32:18	17	61	0
Apr 22, 2014 16:32:19	34	67	0
Apr 22, 2014 16:32:20	56	66	0
Apr 22, 2014 16:32:21	44	57	0
Apr 22, 2014 16:32:22	50	57	0
Apr 22, 2014 16:32:23	51	60	0
Apr 22, 2014 16:32:24	29	44	0
Apr 22, 2014 16:32:25	37	43	0
Apr 22, 2014 16:32:26	26	47	0
Apr 22, 2014 16:32:27	23	56	0
Apr 22, 2014 16:32:28	35	70	0
Apr 22, 2014 16:32:29	37	67	0
Apr 22, 2014 16:32:30	47	66	0
Apr 22, 2014 16:32:31	54	66	0
Apr 22, 2014 16:32:32	50	57	0
Apr 22, 2014 16:32:33	47	63	0
Apr 22, 2014 16:32:34	47	51	0
Apr 22, 2014 16:32:35	53	48	0
Apr 22, 2014 16:32:36	56	57	0
Apr 22, 2014 16:32:37	67	60	0
Apr 22, 2014 16:32:38	66	75	0
Apr 22, 2014 16:32:39	66	77	0
Apr 22, 2014 16:32:40	70	84	0
Apr 22, 2014 16:32:41	60	70	0
Apr 22, 2014 16:32:42	54	61	0
Apr 22, 2014 16:32:43	47	63	0
Apr 22, 2014 16:32:44	41	60	0
Apr 22, 2014 16:32:45	40	67	0
Apr 22, 2014 16:32:46	24	63	0
Apr 22, 2014 16:32:47	27	54	0
Apr 22, 2014 16:32:48	20	47	0
Apr 22, 2014 16:32:49	34	64	0
Apr 22, 2014 16:32:50	40	57	0
Apr 22, 2014 16:32:51	24	56	0
Apr 22, 2014 16:32:52	17	56	0
Apr 22, 2014 16:32:54	16	53	0
Apr 22, 2014 16:32:55	16	43	0
Apr 22, 2014 16:32:56	27	43	0
Apr 22, 2014 16:32:57	41	51	0
Apr 22, 2014 16:32:58	43	40	0
Apr 22, 2014 16:32:59	61	53	0
Apr 22, 2014 16:33:00	67	61	0
Apr 22, 2014 16:33:01	60	74	0
Apr 22, 2014 16:33:02	74	84	0
Apr 22, 2014 16:33:03	77	91	0
Apr 22, 2014 16:33:04	81	91	0
Apr 22, 2014 16:33:05	93	80	0
Apr 22, 2014 16:33:06	78	67	0
Apr 22, 2014 16:33:07	74	61	0
Apr 22, 2014 16:33:08	78	51	0
Apr 22, 2014 16:33:09	78	50	0
Apr 22, 2014 16:33:10	80	66	0
Apr 22, 2014 16:33:11	80	66	0
Apr 22, 2014 16:33:12	75	64	0
Apr 22, 2014 16:33:13	83	63	0
Apr 22, 2014 16:33:14	81	50	0
Apr 22, 2014 16:33:15	77	64	0
Apr 22, 2014 16:33:16	43	60	0
Apr 22, 2014 16:33:17	35	53	0
Apr 22, 2014 16:33:18	35	53	51
Apr 22, 2014 16:33:19	35	50	0
Apr 22, 2014 16:33:20	35	50	26
Apr 22, 2014 16:33:21	35	50	26
Apr 22, 2014 16:33:22	35	56	0
Apr 22, 2014 16:33:23	35	50	0
Apr 22, 2014 16:33:24	44	61	0
Apr 22, 2014 16:33:25	43	57	0
Apr 22, 2014 16:33:26	57	54	0
Apr 22, 2014 16:33:27	63	64	0
Apr 22, 2014 16:33:28	56	66	0
Apr 22, 2014 16:33:30	64	63	0
Apr 22, 2014 16:33:31	60	48	0
Apr 22, 2014 16:33:32	51	48	0
Apr 22, 2014 16:33:33	47	34	0
Apr 22, 2014 16:33:34	24	35	0
Apr 22, 2014 16:33:35	14	53	0
Apr 22, 2014 16:33:36	10	50	0
Apr 22, 2014 16:33:37	17	66	0
Apr 22, 2014 16:33:38	37	70	0
Apr 22, 2014 16:33:39	48	77	0
Apr 22, 2014 16:33:40	54	74	0
Apr 22, 2014 16:33:41	48	60	0
Apr 22, 2014 16:33:42	41	57	0
Apr 22, 2014 16:33:43	54	48	0
Apr 22, 2014 16:33:44	61	44	0
Apr 22, 2014 16:33:45	60	69	0
Apr 22, 2014 16:33:46	54	77	0
Apr 22, 2014 16:33:47	51	80	0
Apr 22, 2014 16:33:48	66	54	0
Apr 22, 2014 16:33:49	84	54	0
Apr 22, 2014 16:33:50	67	48	0
Apr 22, 2014 16:33:51	67	44	0
Apr 22, 2014 16:33:52	69	51	0
Apr 22, 2014 16:33:53	77	40	0
Apr 22, 2014 16:33:54	81	47	0
Apr 22, 2014 16:33:55	90	47	0
Apr 22, 2014 16:33:56	84	48	0
Apr 22, 2014 16:33:57	63	48	0
Apr 22, 2014 16:33:58	54	48	0
Apr 22, 2014 16:33:59	51	44	0
Apr 22, 2014 16:34:00	50	44	0
Apr 22, 2014 16:34:01	56	48	0
Apr 22, 2014 16:34:02	60	47	0
Apr 22, 2014 16:34:03	48	50	0
Apr 22, 2014 16:34:05	44	57	0
Apr 22, 2014 16:34:06	48	57	0
Apr 22, 2014 16:34:07	64	60	0
Apr 22, 2014 16:34:08	61	66	0
Apr 22, 2014 16:34:09	63	61	0
Apr 22, 2014 16:34:10	69	57	0
Apr 22, 2014 16:34:11	56	61	0
Apr 22, 2014 16:34:12	75	60	0
Apr 22, 2014 16:34:13	84	66	0
Apr 22, 2014 16:34:14	70	70	0
Apr 22, 2014 16:34:15	80	74	0
Apr 22, 2014 16:34:16	88	67	0
Apr 22, 2014 16:34:17	91	60	0
Apr 22, 2014 16:34:18	94	57	0
Apr 22, 2014 16:34:19	74	48	0
Apr 22, 2014 16:34:20	67	53	0
Apr 22, 2014 16:34:21	56	50	0
Apr 22, 2014 16:34:22	57	57	0
Apr 22, 2014 16:34:23	40	74	0
Apr 22, 2014 16:34:24	29	66	0
Apr 22, 2014 16:34:25	43	57	0
Apr 22, 2014 16:34:26	44	44	0
Apr 22, 2014 16:34:27	44	27	0
Apr 22, 2014 16:34:28	40	27	0
Apr 22, 2014 16:34:29	27	35	0
Apr 22, 2014 16:34:30	20	35	0
Apr 22, 2014 16:34:31	34	43	0
Apr 22, 2014 16:34:32	48	48	0
Apr 22, 2014 16:34:33	60	43	0
Apr 22, 2014 16:34:34	83	50	0
Apr 22, 2014 16:34:35	84	48	0
Apr 22, 2014 16:34:36	87	51	0
Apr 22, 2014 16:34:37	94	57	0
Apr 22, 2014 16:34:38	83	50	0
Apr 22, 2014 16:34:39	74	56	0
Apr 22, 2014 16:34:40	80	48	0
Apr 22, 2014 16:34:42	75	41	0
Apr 22, 2014 16:34:43	67	34	0
Apr 22, 2014 16:34:44	77	38	0
Apr 22, 2014 16:34:45	57	38	0
Apr 22, 2014 16:34:46	48	38	0
Apr 22, 2014 16:34:47	47	48	0
Apr 22, 2014 16:34:48	40	41	0
Apr 22, 2014 16:34:49	53	44	0
Apr 22, 2014 16:34:50	64	47	0
