Mar 25, 2014 19:06:50	10842	16867	10143	13941	13172	52055	18535	15610
Mar 25, 2014 19:06:51	10842	16867	10143	13941	13172	52055	18535	15610
Mar 25, 2014 19:06:52	8558	13060	14483	9500	14455	20973	21777	13923
Mar 25, 2014 19:06:53	25413	9281	8004	22128	11429	25656	28812	11952
Mar 25, 2014 19:06:54	537235	54278	4137	13214	18885	33763	46541	12839
Mar 25, 2014 19:06:55	586367	17934	55380	52127	35142	44640	15083	15293
Mar 25, 2014 19:06:56	649302	41646	9289	20183	20764	24561	52813	13253
Mar 25, 2014 19:06:58	939512	184107	57882	46615	47883	25518	29931	29915
Mar 25, 2014 19:06:59	143372	33291	4165	6914	15002	10121	5512	5583
Mar 25, 2014 19:07:00	395590	277766	37877	6069	8926	18359	42856	32599
Mar 25, 2014 19:07:01	529943	104227	43572	18745	19217	8405	16345	9713
Mar 25, 2014 19:07:02	390119	45859	23747	16445	35747	7024	5509	6560
Mar 25, 2014 19:07:03	160872	18896	20297	4053	3118	3457	3130	1351
Mar 25, 2014 19:07:04	556198	216392	8198	28360	14828	17266	21189	14289
Mar 25, 2014 19:07:05	265877	127352	1788	49734	38028	20858	16037	16880
Mar 25, 2014 19:07:06	855681	130482	38152	28867	16082	10327	15135	16297
Mar 25, 2014 19:07:07	407234	27227	29287	15598	18188	21485	14048	7905
Mar 25, 2014 19:07:08	342460	124697	17658	1857	10973	24135	8245	5310
Mar 25, 2014 19:07:09	2953	7794	13059	2852	7173	8442	4641	3643
Mar 25, 2014 19:07:10	553084	38767	8645	8078	13566	29543	21527	8677
Mar 25, 2014 19:07:11	188393	20290	2983	7119	3149	4335	1544	1709
Mar 25, 2014 19:07:12	78456	15648	3290	6295	8260	13012	8386	10081
Mar 25, 2014 19:07:13	116726	43565	22701	11835	8487	9985	3596	5869
Mar 25, 2014 19:07:14	39816	34723	20828	6896	10808	9280	5738	5866
Mar 25, 2014 19:07:15	41649	29765	6563	3817	9554	8638	4055	4313
Mar 25, 2014 19:07:16	86054	20126	13441	16894	13157	10534	5491	5037
Mar 25, 2014 19:07:18	81672	23182	20820	25736	46617	17588	13654	5137
Mar 25, 2014 19:07:19	40029	24087	3275	3940	7234	11577	8160	4989
Mar 25, 2014 19:07:20	24214	16750	6504	3562	12544	9500	6687	3010
Mar 25, 2014 19:07:21	15634	5333	24213	1596	3160	10691	6799	2734
Mar 25, 2014 19:07:22	31188	18328	1057	6779	6360	7342	3220	5754
Mar 25, 2014 19:07:23	43618	10874	14271	9895	26975	12547	7092	8126
Mar 25, 2014 19:07:24	10258	28322	6278	882	6327	10654	7724	5905
Mar 25, 2014 19:07:25	3784	9638	2024	13702	9653	15832	2972	5514
Mar 25, 2014 19:07:26	24011	19766	16867	4963	17830	5941	5204	4265
Mar 25, 2014 19:07:27	19409	29955	8948	530	4390	11653	8415	4642
Mar 25, 2014 19:07:28	15035	40704	32937	7338	23899	9764	4562	3940
Mar 25, 2014 19:07:29	449359	68719	5088	4107	7963	12556	7427	10304
Mar 25, 2014 19:07:30	47741	12042	15065	5840	13967	9354	5059	1912
Mar 25, 2014 19:07:31	12570	10209	15238	9623	2458	4516	5937	7560
Mar 25, 2014 19:07:32	1477	7310	8213	2143	6092	6073	3091	5369
Mar 25, 2014 19:07:33	3805	9410	2133	4951	8916	7276	6399	4513
Mar 25, 2014 19:07:34	13050	34405	8252	6820	7813	8762	6127	3755
Mar 25, 2014 19:07:35	21410	40712	10460	7473	4998	6123	8254	6157
Mar 25, 2014 19:07:36	58598	26301	4756	7036	3270	9121	5250	7300
Mar 25, 2014 19:07:38	4292	4413	959	7175	1551	4627	4569	4003
Mar 25, 2014 19:07:39	15458	20713	6474	2915	5951	9098	5047	3080
Mar 25, 2014 19:07:40	4707	7394	1477	9245	4672	6015	3803	6419
Mar 25, 2014 19:07:41	12085	14503	6084	17164	19282	8124	5850	5296
Mar 25, 2014 19:07:42	15646	48268	9895	2100	4665	11123	10843	7018
Mar 25, 2014 19:07:43	24912	8914	4733	11879	2222	5635	6469	6502
Mar 25, 2014 19:07:44	8289	9719	10721	5174	5495	7067	4889	5900
Mar 25, 2014 19:07:45	217955	22242	10888	1193	9179	5946	12450	15503
Mar 25, 2014 19:07:46	67343	14594	4325	3940	4727	23035	18831	20379
Mar 25, 2014 19:07:47	38696	14163	1555	11523	7239	14779	14777	5913
Mar 25, 2014 19:07:48	31796	9261	6487	6015	8529	5385	2637	5347
Mar 25, 2014 19:07:49	24245	15195	2369	5429	6604	5781	4163	1338
Mar 25, 2014 19:07:50	5890	19344	6826	12993	5814	14948	6204	5992
Mar 25, 2014 19:07:51	1678	6035	3415	8976	2243	6120	4270	5169
Mar 25, 2014 19:07:52	9469	36959	19667	1742	6336	5879	5065	8749
Mar 25, 2014 19:07:53	6852	36699	3358	14137	9879	14597	7054	4463
Mar 25, 2014 19:07:54	9907	20024	9952	32172	4772	20375	8630	5616
Mar 25, 2014 19:07:56	496068	40412	32984	2587	7236	11527	5438	9386
Mar 25, 2014 19:07:57	122403	115345	16473	12634	4307	7471	10128	6457
Mar 25, 2014 19:07:58	323436	18848	12242	4847	3029	7996	2623	3451
Mar 25, 2014 19:07:59	1901086	75956	42423	8592	14409	30090	27020	10380
Mar 25, 2014 19:08:00	27241	58024	8651	9121	2433	18233	14073	17761
Mar 25, 2014 19:08:01	10428	8380	24154	4282	12167	20839	10293	4920
Mar 25, 2014 19:08:02	502495	18885	5222	3163	2116	1711	888	554
Mar 25, 2014 19:08:03	107617	18180	2765	11154	4723	6815	16762	8253
Mar 25, 2014 19:08:04	1602264	35602	17816	6669	8825	28507	13964	27744
Mar 25, 2014 19:08:05	104401	18135	1819	12797	5103	14097	7518	7328
Mar 25, 2014 19:08:06	13519	14610	17142	4724	7235	13606	5450	5943
Mar 25, 2014 19:08:07	11011	12273	5453	3984	6824	3288	4060	4534
Mar 25, 2014 19:08:08	4419	18827	615	8188	12540	10364	10213	3589
Mar 25, 2014 19:08:09	9048	30012	5861	3425	752	14457	4058	5586
Mar 25, 2014 19:08:10	12203	12192	13238	7890	2250	6630	5699	3096
Mar 25, 2014 19:08:11	7380	51622	192	6310	2128	5918	4349	3764
Mar 25, 2014 19:08:12	477554	59279	30845	6657	13980	5561	4696	4848
Mar 25, 2014 19:08:13	11236	13839	11485	564	9163	11788	10782	3643
Mar 25, 2014 19:08:15	628	13208	11923	10252	5803	12650	5176	4106
Mar 25, 2014 19:08:16	346923	82251	22955	22836	8461	20574	18252	8938
Mar 25, 2014 19:08:17	862749	181993	2103	41026	23970	22442	21847	5647
Mar 25, 2014 19:08:18	144243	62143	16601	19876	48415	16140	23386	16450
Mar 25, 2014 19:08:19	88424	42008	5140	3247	3141	13140	8040	14559
Mar 25, 2014 19:08:20	1483	21993	7640	3063	7698	7675	4595	5738
Mar 25, 2014 19:08:21	4590	8080	2363	3912	1669	11234	8695	9461
Mar 25, 2014 19:08:22	68277	59708	14524	7995	13286	9577	5870	1942
Mar 25, 2014 19:08:23	1881922	154531	29043	8936	14651	52036	16464	10218
Mar 25, 2014 19:08:24	214354	186741	23692	18735	21084	39503	24091	16929
Mar 25, 2014 19:08:25	2379604	140923	48326	15473	16894	8761	9781	3938
Mar 25, 2014 19:08:26	1176381	276614	84496	49173	19082	15274	12630	19125
Mar 25, 2014 19:08:27	709734	125237	12649	24766	26153	26969	14805	4986
Mar 25, 2014 19:08:28	1545692	294259	36169	61648	38293	36964	54070	26897
Mar 25, 2014 19:08:29	64783	26151	68871	95401	24555	32129	33464	26597
Mar 25, 2014 19:08:30	1476784	206752	47585	68725	13800	25263	13655	11225
Mar 25, 2014 19:08:31	2226246	681308	87363	49129	57507	27574	16727	18021
Mar 25, 2014 19:08:32	1838642	169380	102481	32452	27849	23357	34920	21650
Mar 25, 2014 19:08:34	968054	494662	7620	54103	24441	24726	25663	14945
Mar 25, 2014 19:08:35	460570	78060	96864	37078	36885	25829	21761	14236
Mar 25, 2014 19:08:36	376091	41545	11253	3984	10012	10609	8605	4176
Mar 25, 2014 19:08:37	712651	44792	7721	11281	7761	12759	14922	5401
Mar 25, 2014 19:08:38	484948	22194	3512	12954	7495	6965	8612	4194
Mar 25, 2014 19:08:39	180246	100636	10242	51032	29014	13981	26024	23185
Mar 25, 2014 19:08:40	1080922	131720	42303	74468	36798	88189	17461	19791
Mar 25, 2014 19:08:41	940317	9769	7503	20069	2302	4775	7378	4056
Mar 25, 2014 19:08:42	176973	53280	17987	11216	5194	2375	3738	2886
Mar 25, 2014 19:08:43	1652923	211100	41765	29065	11389	20289	31897	8112
Mar 25, 2014 19:08:44	228526	106112	12966	21056	8095	18132	22054	9947
Mar 25, 2014 19:08:45	181725	204748	6986	18711	8013	13428	13116	15085
Mar 25, 2014 19:08:46	1795903	201156	42939	34964	9382	36675	45670	30686
Mar 25, 2014 19:08:47	656765	258182	28413	6056	44968	21571	19731	14054
Mar 25, 2014 19:08:48	142775	93501	5735	26475	38615	7690	14048	6333
Mar 25, 2014 19:08:49	99517	53600	1346	8285	6565	7941	7100	3428
Mar 25, 2014 19:08:50	162555	33277	3863	720	1152	2509	1799	1576
Mar 25, 2014 19:08:51	1384206	100567	32710	7323	16228	14101	12132	2048
Mar 25, 2014 19:08:53	113664	35829	28143	19834	25478	21261	8919	11733
Mar 25, 2014 19:08:54	13515	23430	6730	5501	2643	4944	6317	2245
Mar 25, 2014 19:08:55	3270	3880	8646	8456	4966	6383	2635	2250
Mar 25, 2014 19:08:56	19098	4005	5841	5146	15202	15041	7322	11322
Mar 25, 2014 19:08:57	9155	12210	954	4997	5719	7821	2062	4624
Mar 25, 2014 19:08:58	241314	34431	3437	4571	5623	1665	1918	1282
Mar 25, 2014 19:08:59	792263	271424	130891	37252	56383	16005	9855	8627
Mar 25, 2014 19:09:00	31641	17787	32880	13429	12241	20993	6502	5024
Mar 25, 2014 19:09:01	1316851	203022	27278	22596	15678	29054	19854	11930
Mar 25, 2014 19:09:02	675105	71446	9160	14781	5320	16354	34157	20640
Mar 25, 2014 19:09:03	91703	61851	34654	28730	20504	26479	41821	12104
Mar 25, 2014 19:09:04	1355594	259908	23914	24795	15434	14529	2728	10791
Mar 25, 2014 19:09:05	119805	43605	5100	14738	3296	5297	3535	3529
Mar 25, 2014 19:09:06	68063	23594	6634	3616	1198	1216	448	484
Mar 25, 2014 19:09:07	123730	74498	22267	12178	10855	10393	4080	6093
Mar 25, 2014 19:09:08	547082	41803	20833	13247	7810	12382	5976	3183
Mar 25, 2014 19:09:09	52215	145769	11983	7356	15992	10293	9313	6017
Mar 25, 2014 19:09:10	23581	28401	5519	3421	11217	9427	7864	6298
Mar 25, 2014 19:09:12	4990	4870	3997	6575	12129	15429	22126	12522
Mar 25, 2014 19:09:13	85811	52931	21308	12854	16106	16778	4646	8868
Mar 25, 2014 19:09:14	463461	19703	9239	3003	17499	16243	18396	7266
Mar 25, 2014 19:09:15	68488	64780	10608	13040	18791	14603	14868	15372
Mar 25, 2014 19:09:16	697624	71249	20312	18854	37122	41788	36703	13946
Mar 25, 2014 19:09:17	930517	135154	15824	1929	4777	3716	4496	2533
Mar 25, 2014 19:09:18	231556	219504	120172	16683	12127	9868	27653	12257
Mar 25, 2014 19:09:19	795409	170407	19819	44303	44840	27188	22620	4838
Mar 25, 2014 19:09:20	416332	51095	11407	37075	58277	59854	20991	11532
Mar 25, 2014 19:09:21	1336946	71901	44049	20926	11308	20777	7797	9115
Mar 25, 2014 19:09:22	30370	7013	18945	21448	4437	16388	18329	6115
Mar 25, 2014 19:09:23	105579	10641	4893	2346	2649	2728	1747	2882
Mar 25, 2014 19:09:24	57117	34793	5315	11059	10990	21991	2530	11431
Mar 25, 2014 19:09:25	19504	19128	36516	2976	10914	9097	7556	4219
Mar 25, 2014 19:09:26	47077	38698	25542	10226	16034	21983	36796	8453
Mar 25, 2014 19:09:27	259536	27497	4698	1504	3315	2235	2583	827
