1395731760.26	257420	116485	11836	31105	49299	26413	5245	11072
1395731761.26	257420	116485	11836	31105	49299	26413	5245	11072
1395731762.26	257420	116485	11836	31105	49299	26413	5245	11072
1395731763.26	257420	116485	11836	31105	49299	26413	5245	11072
1395731764.27	257420	116485	11836	31105	49299	26413	5245	11072
1395731765.27	257420	116485	11836	31105	49299	26413	5245	11072
1395731766.27	257420	116485	11836	31105	49299	26413	5245	11072
1395731767.27	257420	116485	11836	31105	49299	26413	5245	11072
1395731768.28	257420	116485	11836	31105	49299	26413	5245	11072
1395731769.28	257420	116485	11836	31105	49299	26413	5245	11072
1395731770.28	257420	116485	11836	31105	49299	26413	5245	11072
1395731771.28	257420	116485	11836	31105	49299	26413	5245	11072
1395731772.28	257420	116485	11836	31105	49299	26413	5245	11072
1395731773.29	257420	116485	11836	31105	49299	26413	5245	11072
1395731774.29	257420	116485	11836	31105	49299	26413	5245	11072
1395731775.29	257420	116485	11836	31105	49299	26413	5245	11072
1395731776.29	257420	116485	11836	31105	49299	26413	5245	11072
1395731777.29	257420	116485	11836	31105	49299	26413	5245	11072
1395731778.3	257420	116485	11836	31105	49299	26413	5245	11072
1395731779.3	257420	116485	11836	31105	49299	26413	5245	11072
1395731780.3	257420	116485	11836	31105	49299	26413	5245	11072
1395731781.3	257420	116485	11836	31105	49299	26413	5245	11072
1395731782.31	257420	116485	11836	31105	49299	26413	5245	11072
1395731783.31	257420	116485	11836	31105	49299	26413	5245	11072
1395731784.31	257420	116485	11836	31105	49299	26413	5245	11072
1395731785.31	257420	116485	11836	31105	49299	26413	5245	11072
1395731786.32	257420	116485	11836	31105	49299	26413	5245	11072
1395731787.32	257420	116485	11836	31105	49299	26413	5245	11072
1395731788.32	257420	116485	11836	31105	49299	26413	5245	11072
1395731789.32	257420	116485	11836	31105	49299	26413	5245	11072
1395731790.33	257420	116485	11836	31105	49299	26413	5245	11072
1395731791.33	257420	116485	11836	31105	49299	26413	5245	11072
1395731792.33	257420	116485	11836	31105	49299	26413	5245	11072
1395731793.33	257420	116485	11836	31105	49299	26413	5245	11072
1395731794.34	257420	116485	11836	31105	49299	26413	5245	11072
1395731795.34	257420	116485	11836	31105	49299	26413	5245	11072
1395731796.34	257420	116485	11836	31105	49299	26413	5245	11072
1395731797.34	257420	116485	11836	31105	49299	26413	5245	11072
1395731798.34	257420	116485	11836	31105	49299	26413	5245	11072
1395731799.35	257420	116485	11836	31105	49299	26413	5245	11072
1395731800.35	257420	116485	11836	31105	49299	26413	5245	11072
1395731801.35	257420	116485	11836	31105	49299	26413	5245	11072
1395731802.35	257420	116485	11836	31105	49299	26413	5245	11072
1395731803.35	257420	116485	11836	31105	49299	26413	5245	11072
1395731804.36	257420	116485	11836	31105	49299	26413	5245	11072
1395731805.36	257420	116485	11836	31105	49299	26413	5245	11072
1395731806.36	257420	116485	11836	31105	49299	26413	5245	11072
1395731807.36	257420	116485	11836	31105	49299	26413	5245	11072
1395731808.37	257420	116485	11836	31105	49299	26413	5245	11072
1395731809.37	257420	116485	11836	31105	49299	26413	5245	11072
1395731810.37	257420	116485	11836	31105	49299	26413	5245	11072
1395731811.37	257420	116485	11836	31105	49299	26413	5245	11072
1395731812.37	257420	116485	11836	31105	49299	26413	5245	11072
1395731813.38	257420	116485	11836	31105	49299	26413	5245	11072
1395731814.38	257420	116485	11836	31105	49299	26413	5245	11072
1395731815.38	257420	116485	11836	31105	49299	26413	5245	11072
1395731816.38	257420	116485	11836	31105	49299	26413	5245	11072
1395731817.39	257420	116485	11836	31105	49299	26413	5245	11072
1395731818.39	257420	116485	11836	31105	49299	26413	5245	11072
1395731819.39	257420	116485	11836	31105	49299	26413	5245	11072
1395731820.39	257420	116485	11836	31105	49299	26413	5245	11072
1395731821.4	257420	116485	11836	31105	49299	26413	5245	11072
1395731822.4	257420	116485	11836	31105	49299	26413	5245	11072
1395731823.4	257420	116485	11836	31105	49299	26413	5245	11072
1395731824.4	257420	116485	11836	31105	49299	26413	5245	11072
1395731825.4	257420	116485	11836	31105	49299	26413	5245	11072
1395731826.41	257420	116485	11836	31105	49299	26413	5245	11072
1395731827.41	257420	116485	11836	31105	49299	26413	5245	11072
1395731828.41	257420	116485	11836	31105	49299	26413	5245	11072
1395731829.41	257420	116485	11836	31105	49299	26413	5245	11072
1395731830.42	257420	116485	11836	31105	49299	26413	5245	11072
1395731831.42	257420	116485	11836	31105	49299	26413	5245	11072
1395731832.42	257420	116485	11836	31105	49299	26413	5245	11072
1395731833.42	257420	116485	11836	31105	49299	26413	5245	11072
1395731834.43	257420	116485	11836	31105	49299	26413	5245	11072
1395731835.43	257420	116485	11836	31105	49299	26413	5245	11072
1395731836.43	257420	116485	11836	31105	49299	26413	5245	11072
1395731837.43	257420	116485	11836	31105	49299	26413	5245	11072
1395731838.44	257420	116485	11836	31105	49299	26413	5245	11072
1395731839.44	257420	116485	11836	31105	49299	26413	5245	11072
1395731840.44	257420	116485	11836	31105	49299	26413	5245	11072
1395731841.44	257420	116485	11836	31105	49299	26413	5245	11072
1395731842.45	257420	116485	11836	31105	49299	26413	5245	11072
1395731843.45	257420	116485	11836	31105	49299	26413	5245	11072
1395731844.45	257420	116485	11836	31105	49299	26413	5245	11072
1395731845.45	257420	116485	11836	31105	49299	26413	5245	11072
1395731846.45	257420	116485	11836	31105	49299	26413	5245	11072
1395731847.46	257420	116485	11836	31105	49299	26413	5245	11072
1395731848.46	257420	116485	11836	31105	49299	26413	5245	11072
1395731849.46	257420	116485	11836	31105	49299	26413	5245	11072
1395731850.46	257420	116485	11836	31105	49299	26413	5245	11072
1395731851.47	257420	116485	11836	31105	49299	26413	5245	11072
1395731852.47	257420	116485	11836	31105	49299	26413	5245	11072
1395731853.47	257420	116485	11836	31105	49299	26413	5245	11072
1395731854.47	257420	116485	11836	31105	49299	26413	5245	11072
1395731855.48	257420	116485	11836	31105	49299	26413	5245	11072
1395731856.48	257420	116485	11836	31105	49299	26413	5245	11072
1395731857.48	257420	116485	11836	31105	49299	26413	5245	11072
1395731858.48	257420	116485	11836	31105	49299	26413	5245	11072
1395731859.49	257420	116485	11836	31105	49299	26413	5245	11072
1395731860.49	257420	116485	11836	31105	49299	26413	5245	11072
1395731861.49	257420	116485	11836	31105	49299	26413	5245	11072
1395731862.49	257420	116485	11836	31105	49299	26413	5245	11072
1395731863.5	257420	116485	11836	31105	49299	26413	5245	11072
1395731864.5	257420	116485	11836	31105	49299	26413	5245	11072
1395731865.5	257420	116485	11836	31105	49299	26413	5245	11072
1395731866.5	257420	116485	11836	31105	49299	26413	5245	11072
1395731867.51	257420	116485	11836	31105	49299	26413	5245	11072
1395731868.51	257420	116485	11836	31105	49299	26413	5245	11072
1395731869.51	257420	116485	11836	31105	49299	26413	5245	11072
1395731870.51	257420	116485	11836	31105	49299	26413	5245	11072
1395731871.51	257420	116485	11836	31105	49299	26413	5245	11072
1395731872.52	257420	116485	11836	31105	49299	26413	5245	11072
1395731873.52	257420	116485	11836	31105	49299	26413	5245	11072
1395731874.52	257420	116485	11836	31105	49299	26413	5245	11072
1395731875.52	257420	116485	11836	31105	49299	26413	5245	11072
1395731876.53	257420	116485	11836	31105	49299	26413	5245	11072
1395731877.53	257420	116485	11836	31105	49299	26413	5245	11072
1395731878.53	257420	116485	11836	31105	49299	26413	5245	11072
1395731879.53	257420	116485	11836	31105	49299	26413	5245	11072
1395731880.53	257420	116485	11836	31105	49299	26413	5245	11072
1395731881.54	257420	116485	11836	31105	49299	26413	5245	11072
1395731882.54	257420	116485	11836	31105	49299	26413	5245	11072
1395731883.54	257420	116485	11836	31105	49299	26413	5245	11072
1395731884.54	257420	116485	11836	31105	49299	26413	5245	11072
1395731885.55	257420	116485	11836	31105	49299	26413	5245	11072
1395731886.55	257420	116485	11836	31105	49299	26413	5245	11072
1395731887.55	257420	116485	11836	31105	49299	26413	5245	11072
1395731888.55	257420	116485	11836	31105	49299	26413	5245	11072
1395731889.56	257420	116485	11836	31105	49299	26413	5245	11072
1395731890.56	257420	116485	11836	31105	49299	26413	5245	11072
1395731891.56	257420	116485	11836	31105	49299	26413	5245	11072
1395731892.56	257420	116485	11836	31105	49299	26413	5245	11072
1395731893.57	257420	116485	11836	31105	49299	26413	5245	11072
1395731894.57	257420	116485	11836	31105	49299	26413	5245	11072
1395731895.57	257420	116485	11836	31105	49299	26413	5245	11072
1395731896.57	257420	116485	11836	31105	49299	26413	5245	11072
1395731897.58	257420	116485	11836	31105	49299	26413	5245	11072
1395731898.58	257420	116485	11836	31105	49299	26413	5245	11072
1395731899.58	257420	116485	11836	31105	49299	26413	5245	11072
1395731900.58	257420	116485	11836	31105	49299	26413	5245	11072
1395731901.59	257420	116485	11836	31105	49299	26413	5245	11072
1395731902.59	257420	116485	11836	31105	49299	26413	5245	11072
1395731903.59	257420	116485	11836	31105	49299	26413	5245	11072
1395731904.59	257420	116485	11836	31105	49299	26413	5245	11072
1395731905.6	257420	116485	11836	31105	49299	26413	5245	11072
1395731906.6	257420	116485	11836	31105	49299	26413	5245	11072
1395731907.6	257420	116485	11836	31105	49299	26413	5245	11072
1395731908.6	257420	116485	11836	31105	49299	26413	5245	11072
1395731909.6	257420	116485	11836	31105	49299	26413	5245	11072
1395731910.61	257420	116485	11836	31105	49299	26413	5245	11072
1395731911.61	257420	116485	11836	31105	49299	26413	5245	11072
1395731912.61	257420	116485	11836	31105	49299	26413	5245	11072
1395731913.62	257420	116485	11836	31105	49299	26413	5245	11072
1395731914.62	257420	116485	11836	31105	49299	26413	5245	11072
1395731915.62	257420	116485	11836	31105	49299	26413	5245	11072
1395731916.62	257420	116485	11836	31105	49299	26413	5245	11072
1395731917.62	257420	116485	11836	31105	49299	26413	5245	11072
1395731918.63	257420	116485	11836	31105	49299	26413	5245	11072
1395731919.63	257420	116485	11836	31105	49299	26413	5245	11072
1395731920.63	257420	116485	11836	31105	49299	26413	5245	11072
1395731921.63	257420	116485	11836	31105	49299	26413	5245	11072
1395731922.63	257420	116485	11836	31105	49299	26413	5245	11072
1395731923.64	257420	116485	11836	31105	49299	26413	5245	11072
1395731924.64	257420	116485	11836	31105	49299	26413	5245	11072
1395731925.64	257420	116485	11836	31105	49299	26413	5245	11072
1395731926.64	257420	116485	11836	31105	49299	26413	5245	11072
1395731927.65	257420	116485	11836	31105	49299	26413	5245	11072
1395731928.65	257420	116485	11836	31105	49299	26413	5245	11072
1395731929.65	257420	116485	11836	31105	49299	26413	5245	11072
1395731930.65	257420	116485	11836	31105	49299	26413	5245	11072
1395731931.66	257420	116485	11836	31105	49299	26413	5245	11072
1395731932.66	257420	116485	11836	31105	49299	26413	5245	11072
1395731933.66	257420	116485	11836	31105	49299	26413	5245	11072
1395731934.66	257420	116485	11836	31105	49299	26413	5245	11072
1395731935.67	257420	116485	11836	31105	49299	26413	5245	11072
1395731936.67	257420	116485	11836	31105	49299	26413	5245	11072
1395731937.67	257420	116485	11836	31105	49299	26413	5245	11072
1395731938.67	257420	116485	11836	31105	49299	26413	5245	11072
1395731939.68	257420	116485	11836	31105	49299	26413	5245	11072
1395731940.68	257420	116485	11836	31105	49299	26413	5245	11072
1395731941.68	257420	116485	11836	31105	49299	26413	5245	11072
1395731942.68	257420	116485	11836	31105	49299	26413	5245	11072
1395731943.69	257420	116485	11836	31105	49299	26413	5245	11072
1395731944.69	257420	116485	11836	31105	49299	26413	5245	11072
1395731945.69	257420	116485	11836	31105	49299	26413	5245	11072
1395731946.69	257420	116485	11836	31105	49299	26413	5245	11072
1395731947.7	257420	116485	11836	31105	49299	26413	5245	11072
1395731948.7	257420	116485	11836	31105	49299	26413	5245	11072
1395731949.7	257420	116485	11836	31105	49299	26413	5245	11072
1395731950.71	257420	116485	11836	31105	49299	26413	5245	11072
1395731951.71	257420	116485	11836	31105	49299	26413	5245	11072
1395731952.71	257420	116485	11836	31105	49299	26413	5245	11072
1395731953.71	257420	116485	11836	31105	49299	26413	5245	11072
1395731954.71	257420	116485	11836	31105	49299	26413	5245	11072
1395731955.72	257420	116485	11836	31105	49299	26413	5245	11072
1395731956.72	257420	116485	11836	31105	49299	26413	5245	11072
1395731957.72	257420	116485	11836	31105	49299	26413	5245	11072
1395731958.72	257420	116485	11836	31105	49299	26413	5245	11072
1395731959.73	257420	116485	11836	31105	49299	26413	5245	11072
1395731960.73	257420	116485	11836	31105	49299	26413	5245	11072
1395731961.73	257420	116485	11836	31105	49299	26413	5245	11072
1395731962.73	257420	116485	11836	31105	49299	26413	5245	11072
1395731963.74	257420	116485	11836	31105	49299	26413	5245	11072
1395731964.74	257420	116485	11836	31105	49299	26413	5245	11072
1395731965.74	257420	116485	11836	31105	49299	26413	5245	11072
1395731966.74	257420	116485	11836	31105	49299	26413	5245	11072
1395731967.75	257420	116485	11836	31105	49299	26413	5245	11072
1395731968.75	257420	116485	11836	31105	49299	26413	5245	11072
1395731969.75	257420	116485	11836	31105	49299	26413	5245	11072
1395731970.75	257420	116485	11836	31105	49299	26413	5245	11072
1395731971.76	257420	116485	11836	31105	49299	26413	5245	11072
1395731972.76	257420	116485	11836	31105	49299	26413	5245	11072
1395731973.76	257420	116485	11836	31105	49299	26413	5245	11072
1395731974.76	257420	116485	11836	31105	49299	26413	5245	11072
1395731975.77	257420	116485	11836	31105	49299	26413	5245	11072
1395731976.77	257420	116485	11836	31105	49299	26413	5245	11072
1395731977.77	257420	116485	11836	31105	49299	26413	5245	11072
1395731978.77	257420	116485	11836	31105	49299	26413	5245	11072
1395731979.78	257420	116485	11836	31105	49299	26413	5245	11072
1395731980.78	257420	116485	11836	31105	49299	26413	5245	11072
1395731981.78	257420	116485	11836	31105	49299	26413	5245	11072
1395731982.78	257420	116485	11836	31105	49299	26413	5245	11072
1395731983.79	257420	116485	11836	31105	49299	26413	5245	11072
1395731984.79	257420	116485	11836	31105	49299	26413	5245	11072
1395731985.79	257420	116485	11836	31105	49299	26413	5245	11072
1395731986.79	257420	116485	11836	31105	49299	26413	5245	11072
1395731987.8	257420	116485	11836	31105	49299	26413	5245	11072
1395731988.8	257420	116485	11836	31105	49299	26413	5245	11072
1395731989.8	257420	116485	11836	31105	49299	26413	5245	11072
1395731990.8	257420	116485	11836	31105	49299	26413	5245	11072
1395731991.81	257420	116485	11836	31105	49299	26413	5245	11072
1395731992.81	257420	116485	11836	31105	49299	26413	5245	11072
1395731993.81	257420	116485	11836	31105	49299	26413	5245	11072
1395731994.82	257420	116485	11836	31105	49299	26413	5245	11072
1395731995.82	257420	116485	11836	31105	49299	26413	5245	11072
1395731996.82	257420	116485	11836	31105	49299	26413	5245	11072
1395731997.82	257420	116485	11836	31105	49299	26413	5245	11072
1395731998.83	257420	116485	11836	31105	49299	26413	5245	11072
1395731999.83	257420	116485	11836	31105	49299	26413	5245	11072
1395732000.83	257420	116485	11836	31105	49299	26413	5245	11072
1395732001.83	257420	116485	11836	31105	49299	26413	5245	11072
1395732002.84	257420	116485	11836	31105	49299	26413	5245	11072
1395732003.84	257420	116485	11836	31105	49299	26413	5245	11072
1395732004.84	257420	116485	11836	31105	49299	26413	5245	11072
1395732005.84	257420	116485	11836	31105	49299	26413	5245	11072
1395732006.85	257420	116485	11836	31105	49299	26413	5245	11072
1395732007.85	257420	116485	11836	31105	49299	26413	5245	11072
1395732008.85	257420	116485	11836	31105	49299	26413	5245	11072
1395732009.85	257420	116485	11836	31105	49299	26413	5245	11072
1395732010.86	257420	116485	11836	31105	49299	26413	5245	11072
1395732011.86	257420	116485	11836	31105	49299	26413	5245	11072
1395732012.86	257420	116485	11836	31105	49299	26413	5245	11072
1395732013.86	257420	116485	11836	31105	49299	26413	5245	11072
1395732014.87	257420	116485	11836	31105	49299	26413	5245	11072
1395732015.87	257420	116485	11836	31105	49299	26413	5245	11072
1395732016.87	257420	116485	11836	31105	49299	26413	5245	11072
1395732017.88	257420	116485	11836	31105	49299	26413	5245	11072
1395732018.88	257420	116485	11836	31105	49299	26413	5245	11072
1395732019.88	257420	116485	11836	31105	49299	26413	5245	11072
1395732020.88	257420	116485	11836	31105	49299	26413	5245	11072
1395732021.88	257420	116485	11836	31105	49299	26413	5245	11072
1395732022.89	257420	116485	11836	31105	49299	26413	5245	11072
1395732023.89	257420	116485	11836	31105	49299	26413	5245	11072
1395732024.89	257420	116485	11836	31105	49299	26413	5245	11072
1395732025.89	257420	116485	11836	31105	49299	26413	5245	11072
1395732026.9	257420	116485	11836	31105	49299	26413	5245	11072
1395732027.9	257420	116485	11836	31105	49299	26413	5245	11072
1395732028.9	257420	116485	11836	31105	49299	26413	5245	11072
1395732029.9	257420	116485	11836	31105	49299	26413	5245	11072
1395732030.91	257420	116485	11836	31105	49299	26413	5245	11072
1395732031.91	257420	116485	11836	31105	49299	26413	5245	11072
1395732032.91	257420	116485	11836	31105	49299	26413	5245	11072
1395732033.91	257420	116485	11836	31105	49299	26413	5245	11072
1395732034.92	257420	116485	11836	31105	49299	26413	5245	11072
1395732035.92	257420	116485	11836	31105	49299	26413	5245	11072
1395732036.92	257420	116485	11836	31105	49299	26413	5245	11072
1395732037.93	257420	116485	11836	31105	49299	26413	5245	11072
1395732038.93	257420	116485	11836	31105	49299	26413	5245	11072
1395732039.93	257420	116485	11836	31105	49299	26413	5245	11072
1395732040.93	257420	116485	11836	31105	49299	26413	5245	11072
1395732041.94	257420	116485	11836	31105	49299	26413	5245	11072
1395732042.94	257420	116485	11836	31105	49299	26413	5245	11072
1395732043.94	257420	116485	11836	31105	49299	26413	5245	11072
1395732044.94	257420	116485	11836	31105	49299	26413	5245	11072
1395732045.95	257420	116485	11836	31105	49299	26413	5245	11072
1395732046.95	257420	116485	11836	31105	49299	26413	5245	11072
1395732047.95	257420	116485	11836	31105	49299	26413	5245	11072
1395732048.95	257420	116485	11836	31105	49299	26413	5245	11072
1395732049.95	257420	116485	11836	31105	49299	26413	5245	11072
1395732050.96	257420	116485	11836	31105	49299	26413	5245	11072
1395732051.96	257420	116485	11836	31105	49299	26413	5245	11072
1395732052.96	257420	116485	11836	31105	49299	26413	5245	11072
1395732053.97	257420	116485	11836	31105	49299	26413	5245	11072
1395732054.97	257420	116485	11836	31105	49299	26413	5245	11072
1395732055.97	257420	116485	11836	31105	49299	26413	5245	11072
1395732056.97	257420	116485	11836	31105	49299	26413	5245	11072
1395732057.98	257420	116485	11836	31105	49299	26413	5245	11072
1395732058.98	257420	116485	11836	31105	49299	26413	5245	11072
1395732059.98	257420	116485	11836	31105	49299	26413	5245	11072
1395732060.98	257420	116485	11836	31105	49299	26413	5245	11072
1395732061.98	257420	116485	11836	31105	49299	26413	5245	11072
1395732062.99	257420	116485	11836	31105	49299	26413	5245	11072
1395732063.99	257420	116485	11836	31105	49299	26413	5245	11072
1395732064.99	257420	116485	11836	31105	49299	26413	5245	11072
1395732065.99	257420	116485	11836	31105	49299	26413	5245	11072
1395732067.0	257420	116485	11836	31105	49299	26413	5245	11072
1395732068.0	257420	116485	11836	31105	49299	26413	5245	11072
1395732069.0	257420	116485	11836	31105	49299	26413	5245	11072
1395732070.0	257420	116485	11836	31105	49299	26413	5245	11072
1395732071.0	257420	116485	11836	31105	49299	26413	5245	11072
1395732072.01	257420	116485	11836	31105	49299	26413	5245	11072
1395732073.01	257420	116485	11836	31105	49299	26413	5245	11072
1395732074.01	257420	116485	11836	31105	49299	26413	5245	11072
1395732075.01	257420	116485	11836	31105	49299	26413	5245	11072
1395732076.02	257420	116485	11836	31105	49299	26413	5245	11072
1395732077.02	257420	116485	11836	31105	49299	26413	5245	11072
1395732078.02	257420	116485	11836	31105	49299	26413	5245	11072
1395732079.02	257420	116485	11836	31105	49299	26413	5245	11072
1395732080.03	257420	116485	11836	31105	49299	26413	5245	11072
1395732081.03	257420	116485	11836	31105	49299	26413	5245	11072
1395732082.03	257420	116485	11836	31105	49299	26413	5245	11072
1395732083.03	257420	116485	11836	31105	49299	26413	5245	11072
1395732084.04	257420	116485	11836	31105	49299	26413	5245	11072
1395732085.04	257420	116485	11836	31105	49299	26413	5245	11072
1395732086.04	257420	116485	11836	31105	49299	26413	5245	11072
1395732087.05	257420	116485	11836	31105	49299	26413	5245	11072
1395732088.05	257420	116485	11836	31105	49299	26413	5245	11072
1395732089.05	257420	116485	11836	31105	49299	26413	5245	11072
1395732090.05	257420	116485	11836	31105	49299	26413	5245	11072
1395732091.06	257420	116485	11836	31105	49299	26413	5245	11072
1395732092.06	257420	116485	11836	31105	49299	26413	5245	11072
1395732093.06	257420	116485	11836	31105	49299	26413	5245	11072
1395732094.06	257420	116485	11836	31105	49299	26413	5245	11072
1395732095.07	257420	116485	11836	31105	49299	26413	5245	11072
1395732096.07	257420	116485	11836	31105	49299	26413	5245	11072
1395732097.07	257420	116485	11836	31105	49299	26413	5245	11072
1395732098.07	257420	116485	11836	31105	49299	26413	5245	11072
1395732099.08	257420	116485	11836	31105	49299	26413	5245	11072
1395732100.08	257420	116485	11836	31105	49299	26413	5245	11072
1395732101.08	257420	116485	11836	31105	49299	26413	5245	11072
1395732102.08	257420	116485	11836	31105	49299	26413	5245	11072
1395732103.09	257420	116485	11836	31105	49299	26413	5245	11072
1395732104.09	257420	116485	11836	31105	49299	26413	5245	11072
1395732105.09	257420	116485	11836	31105	49299	26413	5245	11072
1395732106.09	257420	116485	11836	31105	49299	26413	5245	11072
1395732107.1	257420	116485	11836	31105	49299	26413	5245	11072
1395732108.1	257420	116485	11836	31105	49299	26413	5245	11072
1395732109.1	257420	116485	11836	31105	49299	26413	5245	11072
1395732110.1	257420	116485	11836	31105	49299	26413	5245	11072
1395732111.11	257420	116485	11836	31105	49299	26413	5245	11072
1395732112.11	257420	116485	11836	31105	49299	26413	5245	11072
1395732113.11	257420	116485	11836	31105	49299	26413	5245	11072
1395732114.11	257420	116485	11836	31105	49299	26413	5245	11072
1395732115.12	257420	116485	11836	31105	49299	26413	5245	11072
1395732116.12	257420	116485	11836	31105	49299	26413	5245	11072
1395732117.12	257420	116485	11836	31105	49299	26413	5245	11072
1395732118.12	257420	116485	11836	31105	49299	26413	5245	11072
1395732119.12	257420	116485	11836	31105	49299	26413	5245	11072
1395732120.13	257420	116485	11836	31105	49299	26413	5245	11072
1395732121.13	257420	116485	11836	31105	49299	26413	5245	11072
1395732122.13	257420	116485	11836	31105	49299	26413	5245	11072
1395732123.13	257420	116485	11836	31105	49299	26413	5245	11072
1395732124.14	257420	116485	11836	31105	49299	26413	5245	11072
1395732125.14	257420	116485	11836	31105	49299	26413	5245	11072
1395732126.14	257420	116485	11836	31105	49299	26413	5245	11072
1395732127.14	257420	116485	11836	31105	49299	26413	5245	11072
1395732128.15	257420	116485	11836	31105	49299	26413	5245	11072
1395732129.15	257420	116485	11836	31105	49299	26413	5245	11072
1395732130.15	257420	116485	11836	31105	49299	26413	5245	11072
1395732131.15	257420	116485	11836	31105	49299	26413	5245	11072
1395732132.16	257420	116485	11836	31105	49299	26413	5245	11072
1395732133.16	257420	116485	11836	31105	49299	26413	5245	11072
1395732134.16	257420	116485	11836	31105	49299	26413	5245	11072
1395732135.16	257420	116485	11836	31105	49299	26413	5245	11072
1395732136.17	257420	116485	11836	31105	49299	26413	5245	11072
1395732137.17	257420	116485	11836	31105	49299	26413	5245	11072
1395732138.17	257420	116485	11836	31105	49299	26413	5245	11072
1395732139.17	257420	116485	11836	31105	49299	26413	5245	11072
1395732140.18	257420	116485	11836	31105	49299	26413	5245	11072
1395732141.18	257420	116485	11836	31105	49299	26413	5245	11072
1395732142.18	257420	116485	11836	31105	49299	26413	5245	11072
1395732143.18	257420	116485	11836	31105	49299	26413	5245	11072
1395732144.18	257420	116485	11836	31105	49299	26413	5245	11072
1395732145.19	257420	116485	11836	31105	49299	26413	5245	11072
1395732146.19	257420	116485	11836	31105	49299	26413	5245	11072
1395732147.19	257420	116485	11836	31105	49299	26413	5245	11072
1395732148.2	257420	116485	11836	31105	49299	26413	5245	11072
1395732149.2	257420	116485	11836	31105	49299	26413	5245	11072
1395732150.2	257420	116485	11836	31105	49299	26413	5245	11072
1395732151.2	257420	116485	11836	31105	49299	26413	5245	11072
1395732152.2	257420	116485	11836	31105	49299	26413	5245	11072
1395732153.21	257420	116485	11836	31105	49299	26413	5245	11072
1395732154.21	257420	116485	11836	31105	49299	26413	5245	11072
1395732155.21	257420	116485	11836	31105	49299	26413	5245	11072
1395732156.21	257420	116485	11836	31105	49299	26413	5245	11072
1395732157.22	257420	116485	11836	31105	49299	26413	5245	11072
1395732158.22	257420	116485	11836	31105	49299	26413	5245	11072
1395732159.22	257420	116485	11836	31105	49299	26413	5245	11072
1395732160.22	257420	116485	11836	31105	49299	26413	5245	11072
1395732161.23	257420	116485	11836	31105	49299	26413	5245	11072
1395732162.23	257420	116485	11836	31105	49299	26413	5245	11072
1395732163.23	257420	116485	11836	31105	49299	26413	5245	11072
1395732164.23	257420	116485	11836	31105	49299	26413	5245	11072
1395732165.24	257420	116485	11836	31105	49299	26413	5245	11072
1395732166.24	257420	116485	11836	31105	49299	26413	5245	11072
1395732167.24	257420	116485	11836	31105	49299	26413	5245	11072
1395732168.24	257420	116485	11836	31105	49299	26413	5245	11072
1395732169.25	257420	116485	11836	31105	49299	26413	5245	11072
1395732170.25	257420	116485	11836	31105	49299	26413	5245	11072
1395732171.25	257420	116485	11836	31105	49299	26413	5245	11072
1395732172.25	257420	116485	11836	31105	49299	26413	5245	11072
1395732173.26	257420	116485	11836	31105	49299	26413	5245	11072
1395732174.26	257420	116485	11836	31105	49299	26413	5245	11072
1395732175.26	257420	116485	11836	31105	49299	26413	5245	11072
1395732176.26	257420	116485	11836	31105	49299	26413	5245	11072
1395732177.26	257420	116485	11836	31105	49299	26413	5245	11072
1395732178.27	257420	116485	11836	31105	49299	26413	5245	11072
1395732179.27	257420	116485	11836	31105	49299	26413	5245	11072
1395732180.27	257420	116485	11836	31105	49299	26413	5245	11072
1395732181.28	257420	116485	11836	31105	49299	26413	5245	11072
1395732182.28	257420	116485	11836	31105	49299	26413	5245	11072
1395732183.28	257420	116485	11836	31105	49299	26413	5245	11072
1395732184.28	257420	116485	11836	31105	49299	26413	5245	11072
1395732185.29	257420	116485	11836	31105	49299	26413	5245	11072
1395732186.29	257420	116485	11836	31105	49299	26413	5245	11072
1395732187.29	257420	116485	11836	31105	49299	26413	5245	11072
1395732188.3	257420	116485	11836	31105	49299	26413	5245	11072
1395732189.3	257420	116485	11836	31105	49299	26413	5245	11072
1395732190.3	257420	116485	11836	31105	49299	26413	5245	11072
1395732191.3	257420	116485	11836	31105	49299	26413	5245	11072
1395732192.3	257420	116485	11836	31105	49299	26413	5245	11072
1395732193.31	257420	116485	11836	31105	49299	26413	5245	11072
1395732194.31	257420	116485	11836	31105	49299	26413	5245	11072
1395732195.31	257420	116485	11836	31105	49299	26413	5245	11072
1395732196.31	257420	116485	11836	31105	49299	26413	5245	11072
1395732197.32	257420	116485	11836	31105	49299	26413	5245	11072
1395732198.32	257420	116485	11836	31105	49299	26413	5245	11072
1395732199.32	257420	116485	11836	31105	49299	26413	5245	11072
1395732200.32	257420	116485	11836	31105	49299	26413	5245	11072
1395732201.33	257420	116485	11836	31105	49299	26413	5245	11072
1395732202.33	257420	116485	11836	31105	49299	26413	5245	11072
1395732203.33	257420	116485	11836	31105	49299	26413	5245	11072
1395732204.34	257420	116485	11836	31105	49299	26413	5245	11072
1395732205.34	257420	116485	11836	31105	49299	26413	5245	11072
1395732206.34	257420	116485	11836	31105	49299	26413	5245	11072
1395732207.34	257420	116485	11836	31105	49299	26413	5245	11072
1395732208.34	257420	116485	11836	31105	49299	26413	5245	11072
1395732209.35	257420	116485	11836	31105	49299	26413	5245	11072
1395732210.35	257420	116485	11836	31105	49299	26413	5245	11072
1395732211.35	257420	116485	11836	31105	49299	26413	5245	11072
1395732212.36	257420	116485	11836	31105	49299	26413	5245	11072
1395732213.36	257420	116485	11836	31105	49299	26413	5245	11072
1395732214.36	257420	116485	11836	31105	49299	26413	5245	11072
1395732215.36	257420	116485	11836	31105	49299	26413	5245	11072
1395732216.36	257420	116485	11836	31105	49299	26413	5245	11072
1395732217.37	257420	116485	11836	31105	49299	26413	5245	11072
1395732218.37	257420	116485	11836	31105	49299	26413	5245	11072
1395732219.37	257420	116485	11836	31105	49299	26413	5245	11072
1395732220.37	257420	116485	11836	31105	49299	26413	5245	11072
1395732221.38	257420	116485	11836	31105	49299	26413	5245	11072
1395732222.38	257420	116485	11836	31105	49299	26413	5245	11072
1395732223.38	257420	116485	11836	31105	49299	26413	5245	11072
1395732224.38	257420	116485	11836	31105	49299	26413	5245	11072
1395732225.39	257420	116485	11836	31105	49299	26413	5245	11072
1395732226.39	257420	116485	11836	31105	49299	26413	5245	11072
1395732227.39	257420	116485	11836	31105	49299	26413	5245	11072
1395732228.39	257420	116485	11836	31105	49299	26413	5245	11072
1395732229.4	257420	116485	11836	31105	49299	26413	5245	11072
1395732230.4	257420	116485	11836	31105	49299	26413	5245	11072
1395732231.4	257420	116485	11836	31105	49299	26413	5245	11072
1395732232.4	257420	116485	11836	31105	49299	26413	5245	11072
1395732233.41	257420	116485	11836	31105	49299	26413	5245	11072
1395732234.41	257420	116485	11836	31105	49299	26413	5245	11072
1395732235.41	257420	116485	11836	31105	49299	26413	5245	11072
1395732236.41	257420	116485	11836	31105	49299	26413	5245	11072
1395732237.42	257420	116485	11836	31105	49299	26413	5245	11072
1395732238.42	257420	116485	11836	31105	49299	26413	5245	11072
1395732239.42	257420	116485	11836	31105	49299	26413	5245	11072
1395732240.42	257420	116485	11836	31105	49299	26413	5245	11072
1395732241.43	257420	116485	11836	31105	49299	26413	5245	11072
1395732242.43	257420	116485	11836	31105	49299	26413	5245	11072
1395732243.43	257420	116485	11836	31105	49299	26413	5245	11072
1395732244.44	257420	116485	11836	31105	49299	26413	5245	11072
1395732245.44	257420	116485	11836	31105	49299	26413	5245	11072
1395732246.44	257420	116485	11836	31105	49299	26413	5245	11072
1395732247.44	257420	116485	11836	31105	49299	26413	5245	11072
1395732248.44	257420	116485	11836	31105	49299	26413	5245	11072
1395732249.45	257420	116485	11836	31105	49299	26413	5245	11072
1395732250.45	257420	116485	11836	31105	49299	26413	5245	11072
1395732251.45	257420	116485	11836	31105	49299	26413	5245	11072
1395732252.45	257420	116485	11836	31105	49299	26413	5245	11072
1395732253.46	257420	116485	11836	31105	49299	26413	5245	11072
1395732254.46	257420	116485	11836	31105	49299	26413	5245	11072
1395732255.46	257420	116485	11836	31105	49299	26413	5245	11072
1395732256.47	257420	116485	11836	31105	49299	26413	5245	11072
1395732257.47	257420	116485	11836	31105	49299	26413	5245	11072
1395732258.47	257420	116485	11836	31105	49299	26413	5245	11072
1395732259.47	257420	116485	11836	31105	49299	26413	5245	11072
1395732260.48	257420	116485	11836	31105	49299	26413	5245	11072
1395732261.48	257420	116485	11836	31105	49299	26413	5245	11072
1395732262.48	257420	116485	11836	31105	49299	26413	5245	11072
1395732263.48	257420	116485	11836	31105	49299	26413	5245	11072
1395732264.49	257420	116485	11836	31105	49299	26413	5245	11072
1395732265.49	257420	116485	11836	31105	49299	26413	5245	11072
1395732266.49	257420	116485	11836	31105	49299	26413	5245	11072
1395732267.49	257420	116485	11836	31105	49299	26413	5245	11072
1395732268.5	257420	116485	11836	31105	49299	26413	5245	11072
1395732269.5	257420	116485	11836	31105	49299	26413	5245	11072
1395732270.5	257420	116485	11836	31105	49299	26413	5245	11072
1395732271.5	257420	116485	11836	31105	49299	26413	5245	11072
1395732272.5	257420	116485	11836	31105	49299	26413	5245	11072
1395732273.51	257420	116485	11836	31105	49299	26413	5245	11072
1395732274.51	257420	116485	11836	31105	49299	26413	5245	11072
1395732275.51	257420	116485	11836	31105	49299	26413	5245	11072
1395732276.51	257420	116485	11836	31105	49299	26413	5245	11072
1395732277.52	257420	116485	11836	31105	49299	26413	5245	11072
1395732278.52	257420	116485	11836	31105	49299	26413	5245	11072
1395732279.52	257420	116485	11836	31105	49299	26413	5245	11072
1395732280.52	257420	116485	11836	31105	49299	26413	5245	11072
1395732281.53	257420	116485	11836	31105	49299	26413	5245	11072
1395732282.53	257420	116485	11836	31105	49299	26413	5245	11072
1395732283.53	257420	116485	11836	31105	49299	26413	5245	11072
1395732284.53	257420	116485	11836	31105	49299	26413	5245	11072
1395732285.54	257420	116485	11836	31105	49299	26413	5245	11072
1395732286.54	257420	116485	11836	31105	49299	26413	5245	11072
1395732287.54	257420	116485	11836	31105	49299	26413	5245	11072
1395732288.54	257420	116485	11836	31105	49299	26413	5245	11072
1395732289.54	257420	116485	11836	31105	49299	26413	5245	11072
1395732290.54	257420	116485	11836	31105	49299	26413	5245	11072
1395732291.55	257420	116485	11836	31105	49299	26413	5245	11072
1395732292.55	257420	116485	11836	31105	49299	26413	5245	11072
1395732293.55	257420	116485	11836	31105	49299	26413	5245	11072
1395732294.55	257420	116485	11836	31105	49299	26413	5245	11072
1395732295.56	257420	116485	11836	31105	49299	26413	5245	11072
1395732296.56	257420	116485	11836	31105	49299	26413	5245	11072
1395732297.56	257420	116485	11836	31105	49299	26413	5245	11072
1395732298.56	257420	116485	11836	31105	49299	26413	5245	11072
1395732299.57	257420	116485	11836	31105	49299	26413	5245	11072
1395732300.57	257420	116485	11836	31105	49299	26413	5245	11072
1395732301.57	257420	116485	11836	31105	49299	26413	5245	11072
1395732302.57	257420	116485	11836	31105	49299	26413	5245	11072
1395732303.58	257420	116485	11836	31105	49299	26413	5245	11072
1395732304.58	257420	116485	11836	31105	49299	26413	5245	11072
1395732305.58	257420	116485	11836	31105	49299	26413	5245	11072
1395732306.58	257420	116485	11836	31105	49299	26413	5245	11072
1395732307.59	257420	116485	11836	31105	49299	26413	5245	11072
1395732308.59	257420	116485	11836	31105	49299	26413	5245	11072
1395732309.59	257420	116485	11836	31105	49299	26413	5245	11072
1395732310.59	257420	116485	11836	31105	49299	26413	5245	11072
1395732311.59	257420	116485	11836	31105	49299	26413	5245	11072
1395732312.6	257420	116485	11836	31105	49299	26413	5245	11072
1395732313.6	257420	116485	11836	31105	49299	26413	5245	11072
1395732314.6	257420	116485	11836	31105	49299	26413	5245	11072
1395732315.6	257420	116485	11836	31105	49299	26413	5245	11072
1395732316.61	257420	116485	11836	31105	49299	26413	5245	11072
1395732317.61	257420	116485	11836	31105	49299	26413	5245	11072
1395732318.61	257420	116485	11836	31105	49299	26413	5245	11072
1395732319.61	257420	116485	11836	31105	49299	26413	5245	11072
1395732320.62	257420	116485	11836	31105	49299	26413	5245	11072
1395732321.62	257420	116485	11836	31105	49299	26413	5245	11072
1395732322.62	257420	116485	11836	31105	49299	26413	5245	11072
1395732323.62	257420	116485	11836	31105	49299	26413	5245	11072
1395732324.63	257420	116485	11836	31105	49299	26413	5245	11072
1395732325.63	257420	116485	11836	31105	49299	26413	5245	11072
1395732326.63	257420	116485	11836	31105	49299	26413	5245	11072
1395732327.63	257420	116485	11836	31105	49299	26413	5245	11072
1395732328.64	257420	116485	11836	31105	49299	26413	5245	11072
1395732329.64	257420	116485	11836	31105	49299	26413	5245	11072
1395732330.64	257420	116485	11836	31105	49299	26413	5245	11072
1395732331.64	257420	116485	11836	31105	49299	26413	5245	11072
1395732332.65	257420	116485	11836	31105	49299	26413	5245	11072
1395732333.65	257420	116485	11836	31105	49299	26413	5245	11072
1395732334.65	257420	116485	11836	31105	49299	26413	5245	11072
1395732335.65	257420	116485	11836	31105	49299	26413	5245	11072
1395732336.66	257420	116485	11836	31105	49299	26413	5245	11072
1395732337.66	257420	116485	11836	31105	49299	26413	5245	11072
1395732338.66	257420	116485	11836	31105	49299	26413	5245	11072
1395732339.66	257420	116485	11836	31105	49299	26413	5245	11072
1395732340.66	257420	116485	11836	31105	49299	26413	5245	11072
1395732341.67	257420	116485	11836	31105	49299	26413	5245	11072
1395732342.67	257420	116485	11836	31105	49299	26413	5245	11072
1395732343.67	257420	116485	11836	31105	49299	26413	5245	11072
1395732344.67	257420	116485	11836	31105	49299	26413	5245	11072
1395732345.67	257420	116485	11836	31105	49299	26413	5245	11072
1395732346.67	257420	116485	11836	31105	49299	26413	5245	11072
1395732347.68	257420	116485	11836	31105	49299	26413	5245	11072
1395732348.68	257420	116485	11836	31105	49299	26413	5245	11072
1395732349.68	257420	116485	11836	31105	49299	26413	5245	11072
1395732350.68	257420	116485	11836	31105	49299	26413	5245	11072
1395732351.69	257420	116485	11836	31105	49299	26413	5245	11072
1395732352.69	257420	116485	11836	31105	49299	26413	5245	11072
1395732353.69	257420	116485	11836	31105	49299	26413	5245	11072
1395732354.69	257420	116485	11836	31105	49299	26413	5245	11072
1395732355.7	257420	116485	11836	31105	49299	26413	5245	11072
1395732356.7	257420	116485	11836	31105	49299	26413	5245	11072
1395732357.7	257420	116485	11836	31105	49299	26413	5245	11072
1395732358.7	257420	116485	11836	31105	49299	26413	5245	11072
1395732359.7	257420	116485	11836	31105	49299	26413	5245	11072
1395732360.71	257420	116485	11836	31105	49299	26413	5245	11072
1395732361.71	257420	116485	11836	31105	49299	26413	5245	11072
1395732362.71	257420	116485	11836	31105	49299	26413	5245	11072
1395732363.71	257420	116485	11836	31105	49299	26413	5245	11072
1395732364.72	257420	116485	11836	31105	49299	26413	5245	11072
1395732365.72	257420	116485	11836	31105	49299	26413	5245	11072
1395732366.72	257420	116485	11836	31105	49299	26413	5245	11072
1395732367.73	257420	116485	11836	31105	49299	26413	5245	11072
1395732368.73	257420	116485	11836	31105	49299	26413	5245	11072
1395732369.73	257420	116485	11836	31105	49299	26413	5245	11072
1395732370.73	257420	116485	11836	31105	49299	26413	5245	11072
1395732371.74	257420	116485	11836	31105	49299	26413	5245	11072
1395732372.74	257420	116485	11836	31105	49299	26413	5245	11072
1395732373.74	257420	116485	11836	31105	49299	26413	5245	11072
1395732374.74	257420	116485	11836	31105	49299	26413	5245	11072
1395732375.74	257420	116485	11836	31105	49299	26413	5245	11072
1395732376.75	257420	116485	11836	31105	49299	26413	5245	11072
1395732377.75	257420	116485	11836	31105	49299	26413	5245	11072
1395732378.75	257420	116485	11836	31105	49299	26413	5245	11072
1395732379.75	257420	116485	11836	31105	49299	26413	5245	11072
1395732380.76	257420	116485	11836	31105	49299	26413	5245	11072
1395732381.76	257420	116485	11836	31105	49299	26413	5245	11072
1395732382.76	257420	116485	11836	31105	49299	26413	5245	11072
1395732383.76	257420	116485	11836	31105	49299	26413	5245	11072
1395732384.77	257420	116485	11836	31105	49299	26413	5245	11072
1395732385.77	257420	116485	11836	31105	49299	26413	5245	11072
1395732386.77	257420	116485	11836	31105	49299	26413	5245	11072
1395732387.77	257420	116485	11836	31105	49299	26413	5245	11072
1395732388.78	257420	116485	11836	31105	49299	26413	5245	11072
1395732389.78	257420	116485	11836	31105	49299	26413	5245	11072
1395732390.78	257420	116485	11836	31105	49299	26413	5245	11072
1395732391.78	257420	116485	11836	31105	49299	26413	5245	11072
1395732392.79	257420	116485	11836	31105	49299	26413	5245	11072
1395732393.79	257420	116485	11836	31105	49299	26413	5245	11072
1395732394.79	257420	116485	11836	31105	49299	26413	5245	11072
1395732395.8	257420	116485	11836	31105	49299	26413	5245	11072
1395732396.8	257420	116485	11836	31105	49299	26413	5245	11072
1395732397.8	257420	116485	11836	31105	49299	26413	5245	11072
1395732398.8	257420	116485	11836	31105	49299	26413	5245	11072
1395732399.81	257420	116485	11836	31105	49299	26413	5245	11072
1395732400.81	257420	116485	11836	31105	49299	26413	5245	11072
1395732401.81	257420	116485	11836	31105	49299	26413	5245	11072
1395732402.81	257420	116485	11836	31105	49299	26413	5245	11072
1395732403.81	257420	116485	11836	31105	49299	26413	5245	11072
1395732404.82	257420	116485	11836	31105	49299	26413	5245	11072
1395732405.82	257420	116485	11836	31105	49299	26413	5245	11072
1395732406.82	257420	116485	11836	31105	49299	26413	5245	11072
1395732407.82	257420	116485	11836	31105	49299	26413	5245	11072
1395732408.82	257420	116485	11836	31105	49299	26413	5245	11072
1395732409.83	257420	116485	11836	31105	49299	26413	5245	11072
1395732410.83	257420	116485	11836	31105	49299	26413	5245	11072
1395732411.83	257420	116485	11836	31105	49299	26413	5245	11072
1395732412.83	257420	116485	11836	31105	49299	26413	5245	11072
1395732413.84	257420	116485	11836	31105	49299	26413	5245	11072
1395732414.84	257420	116485	11836	31105	49299	26413	5245	11072
1395732415.84	257420	116485	11836	31105	49299	26413	5245	11072
1395732416.84	257420	116485	11836	31105	49299	26413	5245	11072
1395732417.84	257420	116485	11836	31105	49299	26413	5245	11072
1395732418.85	257420	116485	11836	31105	49299	26413	5245	11072
1395732419.85	257420	116485	11836	31105	49299	26413	5245	11072
1395732420.85	257420	116485	11836	31105	49299	26413	5245	11072
1395732421.85	257420	116485	11836	31105	49299	26413	5245	11072
1395732422.86	257420	116485	11836	31105	49299	26413	5245	11072
1395732423.86	257420	116485	11836	31105	49299	26413	5245	11072
1395732424.86	257420	116485	11836	31105	49299	26413	5245	11072
1395732425.86	257420	116485	11836	31105	49299	26413	5245	11072
1395732426.87	257420	116485	11836	31105	49299	26413	5245	11072
1395732427.87	257420	116485	11836	31105	49299	26413	5245	11072
1395732428.87	257420	116485	11836	31105	49299	26413	5245	11072
1395732429.87	257420	116485	11836	31105	49299	26413	5245	11072
1395732430.87	257420	116485	11836	31105	49299	26413	5245	11072
1395732431.88	257420	116485	11836	31105	49299	26413	5245	11072
1395732432.88	257420	116485	11836	31105	49299	26413	5245	11072
1395732433.88	257420	116485	11836	31105	49299	26413	5245	11072
1395732434.89	257420	116485	11836	31105	49299	26413	5245	11072
1395732435.89	257420	116485	11836	31105	49299	26413	5245	11072
1395732436.89	257420	116485	11836	31105	49299	26413	5245	11072
1395732437.89	257420	116485	11836	31105	49299	26413	5245	11072
1395732438.89	257420	116485	11836	31105	49299	26413	5245	11072
1395732439.89	257420	116485	11836	31105	49299	26413	5245	11072
1395732440.9	257420	116485	11836	31105	49299	26413	5245	11072
1395732441.9	257420	116485	11836	31105	49299	26413	5245	11072
1395732442.9	257420	116485	11836	31105	49299	26413	5245	11072
1395732443.91	257420	116485	11836	31105	49299	26413	5245	11072
1395732444.91	257420	116485	11836	31105	49299	26413	5245	11072
1395732445.91	257420	116485	11836	31105	49299	26413	5245	11072
1395732446.91	257420	116485	11836	31105	49299	26413	5245	11072
1395732447.92	257420	116485	11836	31105	49299	26413	5245	11072
1395732448.92	257420	116485	11836	31105	49299	26413	5245	11072
1395732449.92	257420	116485	11836	31105	49299	26413	5245	11072
1395732450.92	257420	116485	11836	31105	49299	26413	5245	11072
1395732451.93	257420	116485	11836	31105	49299	26413	5245	11072
1395732452.93	257420	116485	11836	31105	49299	26413	5245	11072
1395732453.93	257420	116485	11836	31105	49299	26413	5245	11072
1395732454.93	257420	116485	11836	31105	49299	26413	5245	11072
1395732455.94	257420	116485	11836	31105	49299	26413	5245	11072
1395732456.94	257420	116485	11836	31105	49299	26413	5245	11072
1395732457.94	257420	116485	11836	31105	49299	26413	5245	11072
1395732458.94	257420	116485	11836	31105	49299	26413	5245	11072
1395732459.95	257420	116485	11836	31105	49299	26413	5245	11072
1395732460.95	257420	116485	11836	31105	49299	26413	5245	11072
1395732461.95	257420	116485	11836	31105	49299	26413	5245	11072
1395732462.95	257420	116485	11836	31105	49299	26413	5245	11072
1395732463.96	257420	116485	11836	31105	49299	26413	5245	11072
1395732464.96	257420	116485	11836	31105	49299	26413	5245	11072
1395732465.96	257420	116485	11836	31105	49299	26413	5245	11072
1395732466.96	257420	116485	11836	31105	49299	26413	5245	11072
1395732467.96	257420	116485	11836	31105	49299	26413	5245	11072
1395732468.97	257420	116485	11836	31105	49299	26413	5245	11072
1395732469.97	257420	116485	11836	31105	49299	26413	5245	11072
1395732470.97	257420	116485	11836	31105	49299	26413	5245	11072
1395732471.97	257420	116485	11836	31105	49299	26413	5245	11072
1395732472.98	257420	116485	11836	31105	49299	26413	5245	11072
1395732473.98	257420	116485	11836	31105	49299	26413	5245	11072
1395732474.98	257420	116485	11836	31105	49299	26413	5245	11072
1395732475.98	257420	116485	11836	31105	49299	26413	5245	11072
1395732476.99	257420	116485	11836	31105	49299	26413	5245	11072
1395732477.99	257420	116485	11836	31105	49299	26413	5245	11072
1395732478.99	257420	116485	11836	31105	49299	26413	5245	11072
1395732479.99	257420	116485	11836	31105	49299	26413	5245	11072
1395732481.0	257420	116485	11836	31105	49299	26413	5245	11072
1395732482.0	257420	116485	11836	31105	49299	26413	5245	11072
1395732483.0	257420	116485	11836	31105	49299	26413	5245	11072
1395732484.0	257420	116485	11836	31105	49299	26413	5245	11072
1395732485.01	257420	116485	11836	31105	49299	26413	5245	11072
1395732486.01	257420	116485	11836	31105	49299	26413	5245	11072
1395732487.01	257420	116485	11836	31105	49299	26413	5245	11072
1395732488.01	257420	116485	11836	31105	49299	26413	5245	11072
1395732489.02	257420	116485	11836	31105	49299	26413	5245	11072
1395732490.02	257420	116485	11836	31105	49299	26413	5245	11072
1395732491.02	257420	116485	11836	31105	49299	26413	5245	11072
1395732492.02	257420	116485	11836	31105	49299	26413	5245	11072
1395732493.02	257420	116485	11836	31105	49299	26413	5245	11072
1395732494.03	257420	116485	11836	31105	49299	26413	5245	11072
1395732495.03	257420	116485	11836	31105	49299	26413	5245	11072
1395732496.03	257420	116485	11836	31105	49299	26413	5245	11072
1395732497.03	257420	116485	11836	31105	49299	26413	5245	11072
1395732498.04	257420	116485	11836	31105	49299	26413	5245	11072
1395732499.04	257420	116485	11836	31105	49299	26413	5245	11072
1395732500.04	257420	116485	11836	31105	49299	26413	5245	11072
1395732501.04	257420	116485	11836	31105	49299	26413	5245	11072
1395732502.05	257420	116485	11836	31105	49299	26413	5245	11072
1395732503.05	257420	116485	11836	31105	49299	26413	5245	11072
1395732504.05	257420	116485	11836	31105	49299	26413	5245	11072
1395732505.05	257420	116485	11836	31105	49299	26413	5245	11072
1395732506.06	257420	116485	11836	31105	49299	26413	5245	11072
1395732507.06	257420	116485	11836	31105	49299	26413	5245	11072
1395732508.06	257420	116485	11836	31105	49299	26413	5245	11072
1395732509.06	257420	116485	11836	31105	49299	26413	5245	11072
1395732510.06	257420	116485	11836	31105	49299	26413	5245	11072
1395732511.07	257420	116485	11836	31105	49299	26413	5245	11072
1395732512.07	257420	116485	11836	31105	49299	26413	5245	11072
1395732513.07	257420	116485	11836	31105	49299	26413	5245	11072
1395732514.08	257420	116485	11836	31105	49299	26413	5245	11072
1395732515.08	257420	116485	11836	31105	49299	26413	5245	11072
1395732516.08	257420	116485	11836	31105	49299	26413	5245	11072
1395732517.08	257420	116485	11836	31105	49299	26413	5245	11072
1395732518.09	257420	116485	11836	31105	49299	26413	5245	11072
1395732519.09	257420	116485	11836	31105	49299	26413	5245	11072
1395732520.09	257420	116485	11836	31105	49299	26413	5245	11072
1395732521.09	257420	116485	11836	31105	49299	26413	5245	11072
1395732522.1	257420	116485	11836	31105	49299	26413	5245	11072
1395732523.1	257420	116485	11836	31105	49299	26413	5245	11072
1395732524.1	257420	116485	11836	31105	49299	26413	5245	11072
1395732525.1	257420	116485	11836	31105	49299	26413	5245	11072
1395732526.1	257420	116485	11836	31105	49299	26413	5245	11072
1395732527.11	257420	116485	11836	31105	49299	26413	5245	11072
1395732528.11	257420	116485	11836	31105	49299	26413	5245	11072
1395732529.11	257420	116485	11836	31105	49299	26413	5245	11072
1395732530.11	257420	116485	11836	31105	49299	26413	5245	11072
1395732531.12	257420	116485	11836	31105	49299	26413	5245	11072
1395732532.12	257420	116485	11836	31105	49299	26413	5245	11072
1395732533.12	257420	116485	11836	31105	49299	26413	5245	11072
1395732534.12	257420	116485	11836	31105	49299	26413	5245	11072
1395732535.12	257420	116485	11836	31105	49299	26413	5245	11072
1395732536.13	257420	116485	11836	31105	49299	26413	5245	11072
1395732537.13	257420	116485	11836	31105	49299	26413	5245	11072
1395732538.13	257420	116485	11836	31105	49299	26413	5245	11072
1395732539.13	257420	116485	11836	31105	49299	26413	5245	11072
1395732540.13	257420	116485	11836	31105	49299	26413	5245	11072
1395732541.14	257420	116485	11836	31105	49299	26413	5245	11072
1395732542.14	257420	116485	11836	31105	49299	26413	5245	11072
1395732543.14	257420	116485	11836	31105	49299	26413	5245	11072
1395732544.15	257420	116485	11836	31105	49299	26413	5245	11072
1395732545.15	257420	116485	11836	31105	49299	26413	5245	11072
1395732546.15	257420	116485	11836	31105	49299	26413	5245	11072
1395732547.15	257420	116485	11836	31105	49299	26413	5245	11072
