00:00:00	1	29	0
00:00:01	38	35	0
00:00:02	61	48	0
00:00:03	61	57	0
00:00:05	54	67	0
00:00:06	57	66	0
00:00:07	54	80	0
00:00:08	53	74	0
00:00:09	54	74	0
00:00:10	53	78	0
00:00:11	60	54	0
00:00:12	63	50	0
00:00:13	66	38	0
00:00:14	66	27	0
00:00:15	57	50	0
00:00:16	53	54	0
00:00:17	47	61	0
00:00:18	61	67	0
00:00:19	64	61	0
00:00:20	67	57	0
00:00:21	87	61	0
00:00:22	91	67	0
00:00:23	100	66	0
00:00:24	100	56	0
00:00:25	88	50	0
00:00:26	67	50	0
00:00:27	74	60	0
00:00:28	70	60	0
00:00:29	53	56	0
00:00:30	57	54	0
00:00:31	48	51	0
00:00:32	30	40	0
00:00:33	64	43	0
00:00:34	67	50	0
00:00:35	66	57	0
00:00:36	84	70	0
00:00:37	84	74	0
00:00:39	97	64	0
00:00:40	100	69	0
00:00:41	88	63	0
00:00:42	78	61	0
00:00:43	84	57	0
00:00:44	70	51	0
00:00:45	69	53	0
00:00:46	69	57	0
00:00:47	57	69	0
00:00:48	87	66	0
00:00:49	97	61	0
00:00:50	97	63	0
00:00:51	100	61	0
00:00:52	74	67	0
00:00:53	70	74	0
00:00:54	64	74	0
00:00:55	80	61	0
00:00:56	78	75	0
00:00:57	84	75	0
00:00:58	77	77	0
00:00:59	61	78	0
00:01:00	56	75	0
00:01:01	53	80	0
00:01:02	48	81	0
00:01:03	48	94	0
00:01:04	34	91	0
00:01:05	35	87	0
00:01:06	43	91	0
00:01:07	74	80	0
00:01:08	83	74	0
00:01:09	94	70	0
00:01:10	100	61	0
00:01:11	93	69	0
00:01:12	100	70	0
00:01:14	96	69	0
00:01:15	91	66	0
00:01:16	80	57	0
00:01:17	87	51	0
00:01:18	88	51	0
00:01:19	87	54	0
00:01:20	94	66	0
00:01:21	80	60	0
00:01:22	63	53	0
00:01:23	54	63	0
00:01:24	67	67	0
00:01:25	78	84	0
00:01:26	70	77	0
00:01:27	80	56	0
00:01:28	69	75	0
00:01:29	67	67	0
00:01:30	64	66	0
00:01:31	40	77	0
00:01:32	50	53	0
00:01:33	41	47	0
00:01:34	40	48	0
00:01:35	50	51	0
00:01:36	43	66	0
00:01:37	57	78	0
00:01:38	70	78	0
00:01:39	75	77	0
00:01:40	70	74	0
00:01:41	63	63	0
00:01:42	61	67	0
00:01:43	61	64	0
00:01:44	61	69	0
00:01:45	70	74	0
00:01:46	61	61	0
00:01:47	56	64	0
00:01:49	51	60	0
00:01:50	48	47	0
00:01:51	69	51	0
00:01:52	69	51	0
00:01:53	57	51	0
00:01:54	60	64	0
00:01:55	75	69	0
00:01:56	91	60	0
00:01:57	88	63	0
00:01:58	91	66	0
00:01:59	88	61	0
00:02:00	88	64	0
00:02:01	91	60	0
00:02:02	100	57	0
00:02:03	94	61	0
00:02:04	83	64	0
00:02:05	74	57	0
00:02:06	50	56	0
00:02:07	57	54	0
00:02:08	56	57	0
00:02:09	69	70	0
00:02:10	74	83	0
00:02:11	63	88	0
00:02:12	66	77	0
00:02:13	64	75	0
00:02:14	77	67	0
00:02:15	80	61	0
00:02:16	77	63	0
00:02:17	70	64	0
00:02:18	66	74	0
00:02:19	61	80	0
00:02:20	54	90	0
00:02:21	64	90	0
00:02:23	61	90	0
00:02:24	74	88	0
00:02:25	69	84	0
00:02:26	70	66	0
00:02:27	67	60	0
00:02:28	67	66	0
00:02:29	61	66	0
00:02:30	53	69	0
00:02:31	56	66	0
00:02:32	64	63	0
00:02:33	67	69	0
00:02:34	64	80	0
00:02:35	70	91	0
00:02:36	57	94	0
00:02:37	57	88	0
00:02:38	80	84	0
00:02:39	78	70	0
00:02:40	75	61	0
00:02:41	67	53	0
00:02:42	64	63	0
00:02:43	64	63	0
00:02:44	63	51	0
00:02:45	67	44	0
00:02:46	74	27	0
00:02:47	63	24	0
00:02:48	84	23	0
00:02:49	83	29	0
00:02:50	66	29	0
00:02:51	70	26	0
00:02:52	57	47	0
00:02:53	60	51	0
00:02:55	57	60	0
00:02:56	61	48	0
00:02:57	80	48	0
00:02:58	97	50	0
00:02:59	100	51	0
00:03:00	100	61	0
00:03:01	81	64	0
00:03:02	66	69	0
00:03:03	60	48	0
00:03:04	60	48	51
00:03:05	38	34	0
00:03:06	37	30	0
00:03:07	38	26	0
00:03:08	50	47	0
00:03:09	69	56	0
00:03:10	63	69	0
00:03:11	63	75	0
00:03:12	54	78	0
00:03:13	57	83	0
00:03:14	61	84	0
00:03:15	43	74	0
00:03:16	47	74	0
00:03:17	40	64	0
00:03:18	57	60	0
00:03:19	70	70	0
00:03:20	67	56	0
00:03:21	61	69	0
00:03:22	64	75	0
00:03:23	77	84	0
00:03:24	94	81	0
00:03:25	100	74	0
00:03:26	90	61	0
00:03:27	75	66	0
00:03:28	54	67	0
00:03:30	56	69	0
00:03:31	53	63	0
00:03:32	48	50	0
00:03:33	69	47	0
00:03:34	69	47	0
00:03:35	83	69	0
00:03:36	87	83	0
00:03:37	88	74	0
00:03:38	90	75	0
00:03:39	83	69	0
00:03:40	94	74	0
00:03:41	90	83	0
00:03:42	81	80	0
00:03:43	87	77	0
00:03:44	87	69	0
00:03:45	84	77	0
00:03:46	83	77	0
00:03:47	75	57	0
00:03:48	77	57	0
00:03:49	78	41	0
00:03:50	80	35	0
00:03:51	75	63	0
00:03:52	66	63	0
00:03:53	63	67	0
00:03:54	47	54	0
00:03:55	66	34	0
00:03:56	66	37	0
00:03:57	64	27	0
00:03:58	57	26	0
00:03:59	41	38	0
00:04:00	48	35	0
00:04:01	47	53	0
00:04:02	56	51	0
00:04:03	43	53	0
00:04:05	47	61	0
00:04:06	44	53	0
00:04:07	56	77	0
00:04:08	77	84	0
00:04:09	66	69	0
00:04:10	57	63	0
00:04:11	64	57	0
00:04:12	64	47	0
00:04:13	66	66	0
00:04:14	84	67	0
00:04:15	80	61	0
00:04:16	88	60	0
00:04:17	97	57	0
00:04:18	100	64	0
00:04:19	100	67	0
00:04:20	90	69	0
00:04:21	60	56	0
00:04:22	41	48	0
00:04:23	35	44	0
00:04:24	38	53	0
00:04:25	41	56	0
00:04:26	38	61	0
00:04:27	35	54	0
00:04:28	30	63	0
00:04:29	47	56	0
00:04:30	57	60	0
00:04:31	64	69	0
00:04:32	81	50	0
00:04:33	75	40	0
00:04:34	84	35	0
00:04:35	96	40	0
00:04:36	84	48	0
00:04:38	88	53	0
00:04:39	88	48	0
00:04:40	90	38	0
00:04:41	93	34	0
00:04:42	81	37	0
00:04:43	75	41	0
00:04:44	67	35	0
00:04:45	51	41	0
00:04:46	54	40	0
00:04:47	47	41	0
00:04:48	38	56	0
00:04:49	53	56	0
00:04:50	64	69	0
00:04:51	61	67	0
00:04:52	66	83	0
00:04:53	60	84	0
00:04:54	77	67	0
00:04:55	90	77	0
00:04:56	90	60	0
00:04:57	100	51	0
00:04:58	91	54	0
00:04:59	94	41	0
00:05:00	93	44	0
00:05:01	87	43	0
00:05:02	80	51	0
00:05:03	75	63	0
00:05:04	75	69	0
00:05:05	75	77	0
00:05:06	66	75	0
00:05:07	66	74	0
00:05:08	63	77	0
00:05:09	64	80	0
00:05:10	81	81	0
00:05:12	90	69	0
00:05:13	97	63	0
00:05:14	93	56	0
00:05:15	94	48	0
00:05:16	87	47	0
00:05:17	83	48	0
00:05:18	90	43	0
00:05:19	87	50	0
00:05:20	87	61	0
00:05:21	66	53	0
00:05:22	69	57	0
00:05:23	66	54	0
00:05:24	69	60	0
00:05:25	77	69	0
00:05:26	75	57	0
00:05:27	75	60	0
00:05:28	83	69	0
00:05:29	84	60	0
00:05:30	66	61	0
00:05:31	57	60	0
00:05:32	43	56	0
00:05:33	50	57	0
00:05:34	70	60	0
00:05:35	80	60	0
00:05:36	80	63	0
00:05:37	67	57	0
00:05:38	41	47	0
00:05:39	54	44	0
00:05:40	54	35	0
00:05:41	47	35	0
00:05:42	56	47	0
00:05:43	41	41	0
00:05:44	60	37	0
00:05:46	66	30	0
00:05:47	80	30	0
00:05:48	84	48	0
00:05:49	69	60	0
00:05:50	78	83	0
00:05:51	51	66	0
00:05:52	47	67	0
00:05:53	48	60	0
00:05:54	53	60	0
00:05:55	69	60	0
00:05:56	84	50	0
00:05:57	90	48	0
00:05:58	81	48	0
00:05:59	83	60	0
00:06:00	80	69	0
00:06:01	67	77	0
00:06:02	56	69	0
00:06:03	43	57	0
00:06:04	41	67	0
00:06:05	60	60	0
00:06:06	81	67	0
00:06:07	94	74	0
00:06:08	100	57	0
00:06:09	90	60	0
00:06:10	78	64	0
00:06:11	81	61	0
00:06:12	80	69	0
00:06:13	75	75	0
00:06:14	84	53	0
00:06:15	87	61	0
00:06:16	84	50	0
00:06:17	75	38	0
00:06:18	75	50	0
00:06:19	77	44	0
00:06:21	83	53	0
00:06:22	83	53	26
00:06:23	61	43	0
00:06:24	34	44	0
00:06:25	27	40	0
00:06:26	10	44	0
00:06:27	27	63	0
00:06:28	50	66	0
00:06:29	66	74	0
00:06:30	84	69	0
00:06:31	93	61	0
00:06:32	90	57	0
00:06:33	78	63	0
00:06:34	75	75	0
00:06:35	64	75	0
00:06:36	60	77	0
00:06:37	60	43	0
00:06:38	53	30	0
00:06:39	57	38	0
00:06:40	74	34	0
00:06:41	67	54	0
00:06:42	67	48	0
00:06:43	57	44	0
00:06:44	34	48	0
00:06:45	47	53	0
00:06:46	51	67	0
00:06:47	53	70	0
00:06:48	75	80	0
00:06:49	77	67	0
00:06:50	91	60	0
00:06:51	94	44	0
00:06:52	81	51	0
00:06:54	78	63	0
00:06:55	64	66	0
00:06:56	60	77	0
00:06:57	66	69	0
00:06:58	57	61	0
00:06:59	66	66	0
00:07:00	48	56	0
00:07:01	48	54	0
00:07:02	53	54	0
00:07:03	48	54	0
00:07:04	61	64	0
00:07:05	64	80	0
00:07:06	75	78	0
00:07:07	70	87	0
00:07:08	60	87	0
00:07:09	56	63	0
00:07:10	38	57	0
00:07:11	24	48	0
00:07:12	38	48	0
00:07:13	41	51	0
00:07:14	41	60	0
00:07:15	53	53	0
00:07:16	51	64	0
00:07:17	48	84	0
00:07:18	75	84	0
00:07:19	81	77	0
00:07:20	78	64	0
00:07:21	66	63	0
00:07:22	69	67	0
00:07:23	54	66	0
00:07:24	60	51	0
00:07:26	67	43	0
00:07:27	53	40	0
00:07:28	61	37	0
00:07:29	63	51	0
00:07:30	54	63	0
00:07:31	69	67	0
00:07:32	74	75	0
00:07:33	78	84	0
00:07:34	77	69	0
00:07:35	81	60	0
00:07:36	81	51	0
00:07:37	77	38	0
00:07:38	74	43	0
00:07:39	67	50	0
00:07:40	75	53	0
00:07:41	69	57	0
00:07:42	80	61	0
00:07:43	77	63	0
00:07:44	57	56	0
00:07:45	67	60	0
00:07:46	67	70	0
00:07:47	63	74	0
00:07:48	56	63	0
00:07:49	41	51	0
00:07:50	37	41	0
00:07:51	50	50	0
00:07:52	40	44	0
00:07:53	48	44	0
00:07:54	54	54	0
00:07:55	60	57	0
00:07:56	74	60	0
00:07:57	69	66	0
00:07:58	75	67	0
00:07:59	75	81	0
00:08:00	57	80	0
00:08:01	67	84	0
00:08:03	69	81	0
00:08:04	57	63	0
00:08:05	53	63	0
00:08:06	64	44	0
00:08:07	60	41	0
00:08:08	70	57	0
00:08:09	83	53	0
00:08:10	70	64	0
00:08:11	74	61	0
00:08:12	75	56	0
00:08:13	74	60	0
00:08:14	61	56	0
00:08:15	64	69	0
00:08:16	70	63	0
00:08:17	61	63	0
00:08:18	69	69	0
00:08:19	69	56	0
00:08:20	61	44	0
00:08:21	70	41	0
00:08:22	69	43	0
00:08:23	67	44	0
00:08:24	74	67	0
00:08:25	66	75	0
00:08:26	69	75	0
00:08:27	70	78	0
00:08:28	60	66	0
00:08:29	63	44	0
00:08:30	50	56	0
00:08:31	57	57	0
00:08:32	57	57	0
00:08:33	41	74	0
00:08:34	40	66	0
00:08:35	23	44	0
00:08:37	24	50	0
00:08:38	23	44	0
00:08:39	23	47	0
00:08:40	43	61	0
00:08:41	47	54	0
00:08:42	66	54	0
00:08:43	87	50	0
00:08:44	81	53	0
00:08:45	75	47	0
00:08:46	75	41	0
00:08:47	61	38	0
00:08:48	54	37	0
00:08:49	67	41	0
00:08:50	61	37	0
00:08:51	70	41	0
00:08:52	74	61	0
00:08:53	56	53	0
00:08:54	56	61	0
00:08:55	51	63	0
00:08:56	56	56	0
00:08:57	61	78	0
00:08:58	70	87	0
00:08:59	78	87	0
00:09:00	61	80	0
00:09:01	50	53	0
00:09:02	50	53	51
00:09:03	43	53	0
00:09:04	21	30	0
00:09:05	47	34	0
00:09:06	56	53	0
00:09:07	64	48	0
00:09:08	60	57	0
00:09:09	53	66	0
00:09:10	66	56	0
00:09:12	56	35	0
00:09:13	80	43	0
00:09:14	56	35	0
00:09:15	41	37	0
00:09:16	50	54	0
00:09:17	40	57	0
00:09:18	50	67	0
00:09:19	48	69	0
00:09:20	44	63	0
00:09:21	50	50	0
00:09:22	64	41	0
00:09:23	67	48	0
00:09:24	74	43	0
00:09:25	84	53	0
00:09:26	75	60	0
00:09:27	63	43	0
00:09:28	57	44	0
00:09:29	50	38	0
00:09:30	43	54	0
00:09:31	57	70	0
00:09:32	63	67	0
00:09:33	57	60	0
00:09:34	70	54	0
00:09:35	43	50	0
00:09:36	51	64	0
00:09:37	38	74	0
00:09:38	34	63	0
00:09:39	44	66	0
00:09:40	51	66	0
00:09:41	57	70	0
00:09:42	75	70	0
00:09:44	78	69	0
00:09:45	66	61	0
00:09:46	78	60	0
00:09:47	61	70	0
00:09:48	48	87	0
00:09:49	43	93	0
00:09:50	40	84	0
00:09:51	30	70	0
00:09:52	47	81	0
00:09:53	53	77	0
00:09:54	61	75	0
00:09:55	74	64	0
00:09:56	75	51	0
00:09:57	63	47	0
00:09:58	54	44	0
00:09:59	40	63	0
00:10:00	37	63	0
00:10:01	37	74	0
00:10:02	41	84	0
00:10:03	53	87	0
00:10:04	78	78	0
00:10:05	97	66	0
00:10:06	100	66	0
00:10:07	100	61	0
00:10:08	80	80	0
00:10:09	51	84	0
00:10:10	54	66	0
00:10:11	54	63	0
00:10:12	67	53	0
00:10:13	75	50	0
00:10:14	74	63	0
00:10:15	69	63	0
00:10:16	70	74	0
00:10:18	67	64	0
00:10:19	74	69	0
00:10:20	84	66	0
00:10:21	77	57	0
00:10:22	74	53	0
00:10:23	63	51	0
00:10:24	51	44	0
00:10:25	47	48	0
00:10:26	44	48	0
00:10:27	48	47	0
00:10:28	41	50	0
00:10:29	41	50	0
00:10:30	43	53	0
00:10:31	27	48	0
00:10:32	44	47	0
00:10:33	66	41	0
00:10:34	70	44	0
00:10:35	80	51	0
00:10:36	75	54	0
00:10:37	56	56	0
00:10:38	57	54	0
00:10:39	69	51	0
00:10:40	63	64	0
00:10:41	80	77	0
00:10:42	67	90	0
00:10:43	60	81	0
00:10:44	64	75	0
00:10:45	57	81	0
00:10:46	47	70	0
00:10:47	30	57	0
00:10:48	30	57	0
00:10:49	40	61	0
00:10:50	43	63	0
00:10:52	48	67	0
00:10:53	60	63	0
00:10:54	63	66	0
00:10:55	69	70	0
00:10:56	67	70	0
00:10:57	51	84	0
00:10:58	51	84	26
00:10:59	27	61	0
00:11:00	21	60	0
00:11:01	34	54	0
00:11:02	37	48	0
00:11:03	70	61	0
00:11:04	66	51	0
00:11:05	74	56	0
00:11:06	70	57	0
00:11:07	64	53	0
00:11:08	67	67	0
00:11:09	64	74	0
00:11:10	75	70	0
00:11:11	67	83	0
00:11:12	80	75	0
00:11:13	80	63	0
00:11:14	69	69	0
00:11:15	54	50	0
00:11:16	48	50	0
00:11:17	53	48	0
00:11:18	61	70	0
00:11:19	67	78	0
00:11:20	66	83	0
00:11:21	70	83	0
00:11:22	81	67	0
00:11:23	67	57	0
00:11:25	60	60	0
00:11:26	56	57	0
00:11:27	48	60	0
00:11:28	63	63	0
00:11:29	63	63	0
00:11:30	69	74	0
00:11:31	64	75	0
00:11:32	67	80	0
00:11:33	80	75	0
00:11:34	81	66	0
00:11:35	84	56	0
00:11:36	74	47	0
00:11:37	67	41	0
00:11:38	67	50	0
00:11:39	74	56	0
00:11:40	88	54	0
00:11:41	90	56	0
00:11:42	94	53	0
00:11:43	81	67	0
00:11:44	74	63	0
00:11:45	61	56	0
00:11:46	66	57	0
00:11:47	53	48	0
00:11:48	60	61	0
00:11:49	57	67	0
00:11:50	54	66	0
00:11:51	51	83	0
00:11:52	53	78	0
00:11:53	63	66	0
00:11:54	66	69	0
00:11:55	64	53	0
00:11:56	53	47	0
00:11:58	40	35	0
00:11:59	35	21	0
00:12:00	35	20	0
00:12:01	34	23	0
00:12:02	40	50	0
00:12:03	40	38	0
00:12:04	54	43	0
00:12:05	63	37	0
00:12:06	61	40	0
00:12:07	60	35	0
00:12:08	47	34	0
00:12:09	54	35	0
00:12:10	44	24	0
00:12:11	50	40	0
00:12:12	57	57	0
00:12:13	50	70	0
00:12:14	56	87	0
00:12:15	63	70	0
00:12:16	74	81	0
00:12:17	81	64	0
00:12:18	91	48	0
00:12:19	75	54	0
00:12:20	80	63	0
00:12:21	75	67	0
00:12:22	70	64	0
00:12:23	69	51	0
00:12:24	56	47	0
00:12:25	51	48	0
00:12:26	38	47	0
00:12:27	44	57	0
00:12:28	48	47	0
00:12:29	63	38	0
00:12:31	75	56	0
00:12:32	77	41	0
00:12:33	90	48	0
00:12:34	56	50	0
00:12:35	35	40	0
00:12:36	24	44	0
00:12:37	14	53	0
00:12:38	44	50	0
00:12:39	75	41	0
00:12:40	77	50	0
00:12:41	77	43	0
00:12:42	50	66	0
00:12:43	50	60	0
00:12:44	34	64	0
00:12:45	24	57	0
00:12:46	26	67	0
00:12:47	40	78	0
00:12:48	50	80	0
00:12:49	51	70	0
00:12:50	44	57	0
00:12:51	37	54	0
00:12:52	37	50	0
00:12:53	38	67	0
00:12:54	43	74	0
00:12:55	47	70	0
00:12:56	48	74	0
00:12:57	44	64	0
00:12:58	44	66	0
00:12:59	41	51	0
00:13:00	41	41	0
00:13:01	57	51	0
00:13:02	50	37	0
00:13:04	50	37	0
00:13:05	43	23	0
00:13:06	30	16	0
00:13:07	30	11	0
00:13:08	24	29	0
00:13:09	34	43	0
00:13:10	29	43	0
00:13:11	41	53	0
00:13:12	35	51	0
00:13:13	38	66	0
00:13:14	50	57	0
00:13:15	43	57	0
00:13:16	56	63	0
00:13:17	63	53	0
00:13:18	47	60	0
00:13:19	40	48	0
00:13:20	27	47	0
00:13:21	35	56	0
00:13:22	48	67	0
00:13:23	64	56	0
00:13:24	80	66	0
00:13:25	70	64	0
00:13:26	75	57	0
00:13:27	75	67	0
00:13:28	66	60	0
00:13:29	70	61	0
00:13:30	56	54	0
00:13:31	47	43	0
00:13:32	43	53	0
00:13:33	47	54	0
00:13:34	51	40	0
00:13:35	47	41	0
00:13:37	53	26	0
00:13:38	47	14	0
00:13:39	47	17	0
00:13:40	40	38	0
00:13:41	41	47	0
00:13:42	44	67	0
00:13:43	64	94	0
00:13:44	57	80	0
00:13:45	63	75	0
00:13:46	53	50	0
00:13:47	44	41	0
00:13:48	57	44	0
00:13:49	53	51	0
00:13:50	60	61	0
00:13:51	47	37	0
00:13:52	56	40	0
00:13:53	53	48	0
00:13:54	41	57	0
00:13:55	40	80	0
00:13:56	30	78	0
00:13:57	44	69	0
00:13:58	69	53	0
00:13:59	91	56	0
00:14:00	91	66	0
00:14:01	90	57	0
00:14:02	77	74	0
00:14:03	74	67	0
00:14:04	75	53	0
00:14:05	69	44	0
00:14:06	56	48	0
00:14:07	44	60	0
00:14:08	38	74	0
00:14:10	56	47	0
00:14:11	44	34	0
00:14:12	35	34	0
00:14:13	37	27	0
00:14:14	26	47	0
00:14:15	30	56	0
00:14:16	50	63	0
00:14:17	57	67	0
00:14:18	64	75	0
00:14:19	67	64	0
00:14:20	57	66	0
00:14:21	48	70	0
00:14:22	51	54	0
00:14:23	51	67	0
00:14:24	54	74	0
00:14:25	67	63	0
00:14:26	57	70	0
00:14:27	67	64	0
00:14:28	69	56	0
00:14:29	57	57	0
00:14:30	60	66	0
00:14:31	47	69	0
00:14:32	40	60	0
00:14:33	26	44	0
00:14:34	24	41	0
00:14:35	17	27	0
00:14:36	41	69	0
00:14:37	40	51	0
00:14:38	48	64	0
00:14:39	35	57	0
00:14:40	23	48	0
00:14:42	38	56	0
00:14:43	38	56	0
00:14:44	56	69	0
00:14:45	70	75	0
00:14:46	60	69	0
00:14:47	63	77	0
00:14:48	61	64	0
00:14:49	53	43	0
00:14:50	63	57	0
00:14:51	57	48	0
00:14:52	50	44	0
00:14:53	53	56	0
00:14:54	44	56	0
00:14:55	53	54	0
00:14:56	56	64	0
00:14:57	53	74	0
00:14:58	57	77	0
00:14:59	48	84	0
00:15:00	56	80	0
00:15:01	66	74	0
00:15:02	51	81	0
00:15:03	47	80	0
00:15:04	29	77	0
00:15:05	50	54	0
00:15:06	50	53	0
00:15:07	40	37	0
00:15:08	57	20	0
00:15:09	60	30	0
00:15:10	61	27	0
00:15:11	57	40	0
00:15:12	54	53	0
00:15:13	41	53	0
00:15:15	43	64	0
00:15:16	57	74	0
00:15:17	61	69	0
00:15:18	66	60	0
00:15:19	61	54	0
00:15:20	66	50	0
00:15:21	53	53	0
00:15:22	43	77	0
00:15:23	50	70	0
00:15:24	40	64	0
00:15:25	34	56	0
00:15:26	43	26	0
00:15:27	26	37	0
00:15:28	26	29	0
00:15:29	34	47	0
00:15:30	20	53	0
00:15:31	21	41	0
00:15:32	23	47	0
00:15:33	34	47	0
00:15:34	35	63	0
00:15:35	40	51	0
00:15:36	43	63	0
00:15:37	57	60	0
00:15:38	69	43	0
00:15:39	80	50	0
00:15:40	87	44	0
00:15:41	75	60	0
00:15:42	70	80	0
00:15:43	69	69	0
00:15:44	66	69	0
00:15:46	63	70	0
00:15:47	75	61	0
00:15:48	66	67	0
00:15:49	67	74	0
00:15:50	57	53	0
00:15:51	53	51	0
00:15:52	44	44	0
00:15:53	43	47	0
00:15:54	56	54	0
00:15:55	43	56	0
00:15:56	48	60	0
00:15:57	35	56	0
00:15:58	21	57	0
00:15:59	29	51	0
00:16:00	60	37	0
00:16:01	53	29	0
00:16:02	37	17	0
00:16:03	27	30	0
00:16:04	26	30	0
00:16:05	47	37	0
00:16:06	64	60	0
00:16:07	66	56	0
00:16:08	48	77	0
00:16:09	43	77	0
00:16:10	26	61	0
00:16:11	34	57	0
00:16:12	34	41	0
00:16:13	35	57	0
00:16:14	48	67	0
00:16:15	35	60	0
00:16:16	38	51	0
00:16:17	29	48	0
00:16:18	16	26	0
00:16:20	8	23	0
00:16:21	7	38	0
00:16:22	16	23	0
00:16:23	24	44	0
00:16:24	50	53	0
00:16:25	43	51	0
00:16:26	37	67	0
00:16:27	50	63	0
00:16:28	50	63	0
00:16:29	61	53	0
00:16:30	78	40	0
00:16:31	60	48	0
00:16:32	48	60	0
00:16:33	30	63	0
00:16:34	26	60	0
00:16:35	17	35	0
00:16:36	29	38	0
00:16:37	21	40	0
00:16:38	23	44	0
00:16:39	48	66	0
00:16:40	50	67	0
00:16:41	57	66	0
00:16:42	57	47	0
00:16:43	50	47	0
00:16:44	56	34	0
00:16:45	70	37	0
00:16:46	70	54	0
00:16:47	75	63	0
00:16:48	61	66	0
00:16:49	56	64	0
00:16:50	56	63	0
00:16:51	57	57	0
00:16:52	60	60	0
00:16:53	56	44	0
00:16:54	47	40	0
00:16:56	50	29	0
00:16:57	53	38	0
00:16:58	50	57	0
00:16:59	61	81	0
00:17:00	63	87	0
00:17:01	61	74	0
00:17:02	48	66	0
00:17:03	43	66	0
00:17:04	61	64	0
00:17:05	61	61	0
00:17:06	77	63	0
00:17:07	77	63	0
00:17:08	63	67	0
00:17:09	48	84	0
00:17:10	30	74	0
00:17:11	20	60	0
00:17:12	8	61	0
00:17:13	14	48	0
00:17:14	16	51	0
00:17:15	27	43	0
00:17:16	30	29	0
00:17:17	43	26	0
00:17:18	60	11	0
00:17:19	54	26	0
00:17:20	54	35	0
00:17:21	57	37	0
00:17:22	41	40	0
00:17:23	44	51	0
00:17:24	44	51	26
00:17:25	47	51	0
00:17:26	47	61	0
00:17:27	48	75	0
00:17:28	38	57	0
00:17:30	29	53	0
00:17:31	20	47	0
00:17:32	26	61	0
00:17:33	29	70	0
00:17:34	24	70	0
00:17:35	26	48	0
00:17:36	37	43	0
00:17:37	44	35	0
00:17:38	57	35	0
00:17:39	50	47	0
00:17:40	37	60	0
00:17:41	21	54	0
00:17:42	7	54	0
00:17:43	8	53	0
00:17:44	3	37	0
00:17:45	16	54	0
00:17:46	23	41	0
00:17:47	43	37	0
00:17:48	70	35	0
00:17:49	64	35	0
00:17:50	66	29	0
00:17:51	48	37	0
00:17:52	38	35	0
00:17:53	40	37	0
00:17:54	51	53	0
00:17:55	53	56	0
00:17:56	53	50	0
00:17:57	60	44	0
00:17:58	50	47	0
00:17:59	53	40	0
00:18:00	60	53	0
00:18:01	70	51	0
00:18:02	50	61	0
00:18:03	40	60	0
00:18:04	23	41	0
00:18:06	44	40	0
00:18:07	54	35	0
00:18:08	47	38	0
00:18:09	44	57	0
00:18:10	40	50	0
00:18:11	41	40	0
00:18:12	40	35	0
00:18:13	43	38	0
00:18:14	24	37	0
00:18:15	16	48	0
00:18:16	17	51	0
00:18:17	14	54	0
00:18:18	44	66	0
00:18:19	37	53	0
00:18:20	38	44	0
00:18:21	40	40	0
00:18:22	30	37	0
00:18:23	34	41	0
00:18:24	53	53	0
00:18:25	63	54	0
00:18:26	60	54	0
00:18:27	70	67	0
00:18:28	56	70	0
00:18:29	66	69	0
00:18:30	74	80	0
00:18:31	70	74	0
00:18:32	40	35	0
00:18:33	35	26	0
00:18:34	34	26	0
00:18:35	48	51	0
00:18:36	51	70	0
00:18:37	56	67	0
00:18:38	61	74	0
00:18:39	61	48	0
00:18:40	53	51	0
00:18:42	38	60	0
00:18:43	29	48	0
00:18:44	24	66	0
00:18:45	35	57	0
00:18:46	47	54	0
00:18:47	60	64	0
00:18:48	57	61	0
00:18:49	57	67	0
00:18:50	50	51	0
00:18:51	41	56	0
00:18:52	51	56	0
00:18:53	48	48	0
00:18:54	54	63	0
00:18:55	54	56	0
00:18:56	37	54	0
00:18:57	35	44	0
00:18:58	35	35	0
00:18:59	35	26	0
00:19:00	23	23	0
00:19:01	30	56	0
00:19:02	30	67	0
00:19:03	53	83	0
00:19:04	53	80	0
00:19:05	51	67	0
00:19:06	56	56	0
00:19:07	57	37	0
00:19:08	48	26	0
00:19:09	57	26	0
00:19:10	54	29	0
00:19:11	56	54	0
00:19:12	64	64	0
00:19:13	64	83	0
00:19:15	63	87	0
00:19:16	54	66	0
00:19:17	63	63	0
00:19:18	54	44	0
00:19:19	51	43	0
00:19:20	53	48	0
00:19:21	44	38	0
00:19:22	43	43	0
00:19:23	37	41	0
00:19:24	43	35	0
00:19:25	37	47	0
00:19:26	48	51	0
00:19:27	64	57	0
00:19:28	53	64	0
00:19:29	70	53	0
00:19:30	63	56	0
00:19:31	67	60	0
00:19:32	67	75	0
00:19:33	67	75	0
00:19:34	75	67	0
00:19:35	57	70	0
00:19:36	70	51	0
00:19:37	87	43	0
00:19:38	69	44	0
00:19:39	74	43	0
00:19:40	69	54	0
00:19:41	63	54	0
00:19:42	64	57	0
00:19:43	66	63	0
00:19:44	80	57	0
00:19:45	78	64	0
00:19:46	83	54	0
00:19:47	81	41	0
00:19:48	80	47	0
00:19:49	78	38	0
00:19:51	81	40	0
00:19:52	78	40	0
00:19:53	64	50	0
00:19:54	56	64	0
00:19:55	44	77	0
00:19:56	35	77	0
00:19:57	24	41	0
00:19:58	38	40	0
00:19:59	30	37	0
00:20:00	40	40	0
00:20:01	43	56	0
00:20:02	23	50	0
00:20:03	29	38	0
00:20:04	38	47	0
00:20:05	44	48	0
00:20:06	44	48	0
00:20:07	26	60	0
00:20:08	43	61	0
00:20:09	54	51	0
00:20:10	70	43	0
00:20:11	96	24	0
00:20:12	87	24	0
00:20:13	75	26	0
00:20:14	70	48	0
00:20:15	60	50	0
00:20:16	74	47	0
00:20:17	83	54	0
00:20:18	63	61	0
00:20:19	50	63	0
00:20:20	40	67	0
00:20:21	24	66	0
00:20:22	41	61	0
00:20:23	44	67	0
00:20:24	41	69	0
00:20:25	50	69	0
00:20:26	50	69	0
00:20:28	38	53	0
00:20:29	35	51	0
00:20:30	27	40	0
00:20:31	26	30	0
00:20:32	21	50	0
00:20:33	24	63	0
00:20:34	8	70	0
00:20:35	10	66	0
00:20:36	30	34	0
00:20:37	51	44	0
00:20:38	53	43	0
00:20:39	43	43	0
00:20:40	51	56	0
00:20:41	53	48	0
00:20:42	51	48	0
00:20:43	67	50	0
00:20:44	56	56	0
00:20:45	57	54	0
00:20:46	57	60	0
00:20:47	48	66	0
00:20:48	53	54	0
00:20:49	47	67	0
00:20:50	57	64	0
00:20:51	61	57	0
00:20:52	56	60	0
00:20:53	61	43	0
00:20:54	50	48	0
00:20:55	47	51	0
00:20:56	57	43	0
00:20:57	60	38	0
00:20:58	63	48	0
00:20:59	64	30	0
00:21:00	69	48	0
00:21:01	75	56	0
00:21:02	84	44	0
00:21:04	78	61	0
00:21:05	77	63	0
00:21:06	53	61	0
00:21:07	63	63	0
00:21:08	43	53	0
00:21:09	41	38	0
00:21:10	51	26	0
00:21:11	50	20	0
00:21:12	61	14	0
00:21:13	67	34	0
00:21:14	53	53	0
00:21:15	43	60	0
00:21:16	29	70	0
00:21:17	20	54	0
00:21:18	23	63	0
00:21:19	23	60	0
00:21:20	26	53	0
00:21:21	26	54	0
00:21:22	23	43	0
00:21:23	24	43	0
00:21:24	29	50	0
00:21:25	24	40	0
00:21:26	20	57	0
00:21:27	20	57	0
00:21:28	14	53	0
00:21:29	29	66	0
00:21:30	37	54	0
00:21:31	37	66	0
00:21:32	38	64	0
00:21:33	34	70	0
00:21:34	30	51	0
00:21:35	37	43	0
00:21:36	26	38	0
00:21:38	26	43	0
00:21:39	16	20	0
00:21:40	17	23	0
00:21:41	43	34	0
00:21:42	54	38	0
00:21:43	60	44	0
00:21:44	57	44	0
00:21:45	44	47	0
00:21:46	38	60	0
00:21:47	50	69	0
00:21:48	48	74	0
00:21:49	50	60	0
00:21:50	64	43	0
00:21:51	60	53	0
00:21:52	69	63	0
00:21:53	69	69	0
00:21:54	56	77	0
00:21:55	50	67	0
00:21:56	51	56	0
00:21:57	54	44	0
00:21:58	63	44	0
00:21:59	70	43	0
00:22:00	69	54	0
00:22:01	64	48	0
00:22:02	44	50	0
00:22:03	43	57	0
00:22:04	34	44	0
00:22:05	29	56	0
00:22:06	43	61	0
00:22:07	44	63	0
00:22:08	50	70	0
00:22:09	50	69	0
00:22:10	53	57	0
00:22:11	51	48	0
00:22:12	60	43	0
00:22:14	67	44	0
00:22:15	67	53	0
00:22:16	84	64	0
00:22:17	77	70	0
00:22:18	64	75	0
00:22:19	57	74	0
00:22:20	47	78	0
00:22:21	50	67	0
00:22:22	40	63	0
00:22:23	48	70	0
00:22:24	60	61	0
00:22:25	37	57	0
00:22:26	43	69	0
00:22:27	47	53	0
00:22:28	48	61	0
00:22:29	60	77	0
00:22:30	57	74	0
00:22:31	53	87	0
00:22:32	47	67	0
00:22:33	60	56	0
00:22:34	53	43	0
00:22:35	61	41	0
00:22:36	56	60	0
00:22:37	56	60	26
00:22:38	47	57	0
00:22:39	40	60	0
00:22:40	44	54	0
00:22:41	47	50	0
00:22:42	47	50	26
00:22:43	47	44	0
00:22:44	47	35	0
00:22:45	38	37	0
00:22:46	29	41	0
00:22:47	40	47	0
00:22:48	24	60	0
00:22:49	40	56	0
00:22:51	48	63	0
00:22:52	21	44	0
00:22:53	30	34	0
00:22:54	17	34	0
00:22:55	13	34	0
00:22:56	27	54	0
00:22:57	37	56	0
00:22:58	41	54	0
00:22:59	44	50	0
00:23:00	38	51	0
00:23:01	27	50	0
00:23:02	21	56	0
00:23:03	27	53	0
00:23:04	37	40	0
00:23:05	48	47	0
00:23:06	54	44	0
00:23:07	47	38	0
00:23:08	43	54	0
00:23:09	43	56	0
00:23:10	34	60	0
00:23:11	54	70	0
00:23:12	54	70	26
00:23:13	50	57	0
00:23:14	60	50	0
00:23:15	48	44	0
00:23:16	43	44	0
00:23:17	38	57	0
00:23:18	44	74	0
00:23:19	66	75	0
00:23:20	51	70	0
00:23:21	56	63	0
00:23:22	64	51	0
00:23:23	48	48	0
00:23:24	60	61	0
00:23:25	64	67	0
00:23:26	43	69	0
00:23:28	48	69	0
00:23:29	51	67	0
00:23:30	34	70	0
00:23:31	40	53	0
00:23:32	37	48	0
00:23:33	27	37	0
00:23:34	44	30	0
00:23:35	35	40	0
00:23:36	53	57	0
00:23:37	51	47	0
00:23:38	44	51	0
00:23:39	53	56	0
00:23:40	37	40	0
00:23:41	48	47	0
00:23:42	38	50	0
00:23:43	29	64	0
00:23:44	20	66	0
00:23:45	35	64	0
00:23:46	38	54	0
00:23:47	44	54	0
00:23:48	54	63	0
00:23:49	41	51	0
00:23:50	60	63	0
00:23:51	56	60	0
00:23:52	41	43	0
00:23:53	48	51	0
00:23:54	34	63	0
00:23:55	37	48	0
00:23:56	38	48	0
00:23:57	48	48	0
00:23:58	61	34	0
00:23:59	78	43	0
00:24:00	83	47	0
00:24:01	87	56	0
00:24:02	74	43	0
00:24:04	83	35	0
00:24:05	93	44	0
00:24:06	91	35	0
00:24:07	74	37	0
00:24:08	57	40	0
00:24:09	38	43	0
00:24:10	38	43	26
00:24:11	38	43	26
00:24:12	29	48	0
00:24:13	50	60	0
00:24:14	56	50	0
00:24:15	70	50	0
00:24:16	80	53	0
00:24:17	78	51	0
00:24:18	91	61	0
00:24:19	61	54	0
00:24:20	44	56	0
00:24:21	44	51	0
00:24:22	38	54	0
00:24:23	57	66	0
00:24:24	63	69	0
00:24:25	70	80	0
00:24:26	63	77	0
00:24:27	51	61	0
00:24:28	53	57	0
00:24:29	41	51	0
00:24:30	53	50	0
00:24:31	77	44	0
00:24:32	77	54	0
00:24:33	91	54	0
00:24:34	96	64	0
00:24:35	80	81	0
00:24:36	74	78	0
00:24:38	57	69	0
00:24:39	54	57	0
00:24:40	41	53	0
00:24:41	40	44	0
00:24:42	50	48	0
00:24:43	60	57	0
00:24:44	83	57	0
00:24:45	84	67	0
00:24:46	78	50	0
00:24:47	91	47	0
00:24:48	91	47	0
00:24:49	100	29	0
00:24:50	100	47	0
00:24:51	93	44	0
00:24:52	61	44	0
00:24:53	50	51	0
00:24:54	54	40	0
00:24:55	67	41	0
00:24:56	94	47	0
00:24:57	87	27	0
00:24:58	66	50	0
00:24:59	51	47	0
00:25:00	43	48	0
00:25:01	44	57	0
00:25:02	61	51	0
00:25:03	70	54	0
00:25:04	74	66	0
00:25:05	70	61	0
00:25:06	70	61	26
00:25:07	69	63	0
00:25:08	60	60	0
00:25:09	43	35	0
00:25:10	47	34	0
00:25:11	47	27	0
00:25:13	74	35	0
00:25:14	84	47	0
00:25:15	64	48	0
00:25:16	64	51	0
00:25:17	51	47	0
00:25:18	40	53	0
00:25:19	35	44	0
00:25:20	24	61	0
00:25:21	21	56	0
00:25:22	26	44	0
00:25:23	43	50	0
00:25:24	56	40	0
00:25:25	80	47	0
00:25:26	83	51	0
00:25:27	80	51	0
00:25:28	63	56	0
00:25:29	53	57	0
00:25:30	44	53	0
00:25:31	43	34	0
00:25:32	48	40	0
00:25:33	38	40	0
00:25:34	30	35	0
00:25:35	47	50	0
00:25:36	67	37	0
00:25:37	87	35	0
00:25:38	88	57	0
00:25:39	69	51	0
00:25:40	56	53	0
00:25:41	44	51	0
00:25:42	51	48	0
00:25:43	50	56	0
00:25:44	40	51	0
00:25:45	35	24	0
00:25:46	24	38	0
00:25:47	30	24	0
00:25:49	38	37	0
00:25:50	51	50	0
00:25:51	64	41	0
00:25:52	66	54	0
00:25:53	51	56	0
00:25:54	29	38	0
00:25:55	24	40	0
00:25:56	23	41	0
00:25:57	47	44	0
00:25:58	53	53	0
00:25:59	61	56	0
00:26:00	69	47	0
00:26:01	77	37	0
00:26:02	88	47	0
00:26:03	78	26	0
00:26:04	78	26	26
00:26:05	78	26	26
00:26:06	61	16	0
00:26:07	41	26	0
00:26:08	53	40	0
00:26:09	64	43	0
00:26:10	75	40	0
00:26:11	83	30	0
00:26:12	83	30	26
00:26:13	83	30	26
00:26:14	43	44	0
00:26:15	38	54	0
00:26:16	37	56	0
00:26:17	35	38	0
00:26:18	38	40	0
00:26:19	21	37	0
00:26:20	23	43	0
00:26:21	29	48	0
00:26:22	34	40	0
00:26:24	29	21	0
00:26:25	35	8	0
00:26:26	35	14	0
00:26:27	34	20	0
00:26:28	43	38	0
00:26:29	37	41	0
00:26:30	38	40	0
00:26:31	41	50	0
00:26:32	40	43	0
00:26:33	41	38	0
00:26:34	50	43	0
00:26:35	48	30	0
00:26:36	54	44	0
00:26:37	48	37	0
00:26:38	37	30	0
00:26:39	34	29	0
00:26:40	34	21	0
00:26:41	40	40	0
00:26:42	44	44	0
00:26:43	56	48	0
00:26:44	63	48	0
00:26:45	56	53	0
00:26:46	48	60	0
00:26:47	35	48	0
00:26:48	23	60	0
00:26:49	23	47	0
00:26:50	27	48	0
00:26:51	48	63	0
00:26:52	44	44	0
00:26:53	41	43	0
00:26:54	40	54	0
00:26:55	34	38	0
00:26:56	48	34	0
00:26:58	54	38	0
00:26:59	53	29	0
00:27:00	48	41	0
00:27:01	41	41	0
00:27:02	34	37	0
00:27:03	48	38	0
00:27:04	44	37	0
00:27:05	44	37	0
00:27:06	63	47	0
00:27:07	48	50	0
00:27:08	44	47	0
00:27:09	47	57	0
00:27:10	38	69	0
00:27:11	53	60	0
00:27:12	53	61	0
00:27:13	50	61	0
00:27:14	34	54	0
00:27:15	44	56	0
00:27:16	30	47	0
00:27:17	16	44	0
00:27:18	16	50	0
00:27:19	14	50	0
00:27:20	26	44	0
00:27:21	30	44	0
00:27:22	50	40	0
00:27:23	51	38	0
00:27:24	44	40	0
00:27:25	50	30	0
00:27:26	30	41	0
00:27:27	24	40	0
00:27:28	26	48	0
00:27:29	21	69	0
00:27:30	23	63	0
00:27:31	30	67	0
00:27:33	41	74	0
00:27:34	50	54	0
00:27:35	54	61	0
00:27:36	51	67	0
00:27:37	38	57	0
00:27:38	29	60	0
00:27:39	30	56	0
00:27:40	24	54	0
00:27:41	27	64	0
00:27:42	30	70	0
00:27:43	30	77	0
00:27:44	51	63	0
00:27:45	53	70	0
00:27:46	53	70	26
00:27:47	47	47	0
00:27:48	43	35	0
00:27:49	21	44	0
00:27:50	24	35	0
00:27:51	27	60	0
00:27:52	40	74	0
00:27:53	47	78	0
00:27:54	53	77	0
00:27:55	61	69	0
00:27:56	61	66	0
00:27:57	67	54	0
00:27:58	61	51	0
00:27:59	51	51	0
00:28:00	35	54	0
00:28:01	24	44	0
00:28:02	24	56	0
00:28:03	37	43	0
00:28:04	47	47	0
00:28:05	37	64	0
00:28:06	37	57	0
00:28:08	20	75	0
00:28:09	24	75	0
00:28:10	37	78	0
00:28:11	35	70	0
00:28:12	48	51	0
00:28:13	44	41	0
00:28:14	56	38	0
00:28:15	63	51	0
00:28:16	44	50	0
00:28:17	35	61	0
00:28:18	16	38	0
00:28:19	1	29	0
00:28:20	13	30	0
00:28:21	14	14	0
00:28:22	27	29	0
00:28:23	50	30	0
00:28:24	35	29	0
00:28:25	48	34	0
00:28:26	37	24	0
00:28:27	29	34	0
00:28:28	29	34	0
00:28:29	21	29	0
00:28:30	34	43	0
00:28:31	24	40	0
00:28:32	30	44	0
00:28:33	29	57	0
00:28:34	26	64	0
00:28:35	44	64	0
00:28:36	47	63	0
00:28:37	57	54	0
00:28:38	48	47	0
00:28:39	38	60	0
00:28:40	30	56	0
00:28:41	23	51	0
00:28:42	21	51	0
00:28:43	26	38	0
00:28:45	35	44	0
00:28:46	24	48	0
00:28:47	14	30	0
00:28:48	17	26	0
00:28:49	14	27	0
00:28:50	16	27	0
00:28:51	24	53	0
00:28:52	24	53	26
00:28:53	11	60	0
00:28:54	23	60	0
00:28:55	29	75	0
00:28:56	21	66	0
00:28:57	30	61	0
00:28:58	43	60	0
00:28:59	40	57	0
00:29:00	34	64	0
00:29:01	38	67	0
00:29:02	34	84	0
00:29:03	24	74	0
00:29:04	37	63	0
00:29:05	27	70	0
00:29:06	27	70	26
00:29:07	27	70	26
00:29:08	34	64	0
00:29:09	30	66	0
00:29:10	38	80	0
00:29:11	47	77	0
00:29:12	37	80	0
00:29:13	38	75	0
00:29:14	34	67	0
00:29:15	34	69	0
00:29:16	40	64	0
00:29:17	38	57	0
00:29:18	38	57	0
00:29:20	24	47	0
00:29:21	16	47	0
00:29:22	13	51	0
00:29:23	10	47	0
00:29:24	16	53	0
00:29:25	21	50	0
00:29:26	35	44	0
00:29:27	38	48	0
00:29:28	29	34	0
00:29:29	40	38	0
00:29:30	43	54	0
00:29:31	44	48	0
00:29:32	63	66	0
00:29:33	51	70	0
00:29:34	41	66	0
00:29:35	35	74	0
00:29:36	26	69	0
00:29:37	23	67	0
00:29:38	20	48	0
00:29:39	24	47	0
00:29:40	20	48	0
00:29:41	23	47	0
00:29:42	24	69	0
00:29:43	17	75	0
00:29:44	17	69	0
00:29:45	16	66	0
00:29:46	26	67	0
00:29:47	27	63	0
00:29:48	35	54	0
00:29:49	27	41	0
00:29:50	29	44	0
00:29:51	37	60	0
00:29:52	43	44	0
00:29:53	47	51	0
00:29:54	50	54	0
00:29:56	50	44	0
00:29:57	30	57	0
00:29:58	26	48	0
00:29:59	27	44	0
00:30:00	16	51	0
00:30:01	24	51	0
00:30:02	27	60	0
00:30:03	30	61	0
00:30:04	44	57	0
00:30:05	40	44	0
00:30:06	37	51	0
00:30:07	43	51	0
00:30:08	51	54	0
00:30:09	56	69	0
00:30:10	74	67	0
00:30:11	74	67	26
00:30:12	60	63	0
00:30:13	53	67	0
00:30:14	53	67	26
00:30:15	47	56	0
00:30:16	38	44	0
00:30:17	44	51	0
00:30:18	41	56	0
00:30:19	50	64	0
00:30:20	61	53	0
00:30:21	83	29	0
00:30:22	81	14	0
00:30:23	77	21	0
00:30:24	67	20	0
00:30:25	48	43	0
00:30:26	41	54	0
00:30:27	41	54	26
00:30:28	37	57	0
00:30:29	26	61	0
00:30:31	21	44	0
00:30:32	30	50	0
00:30:33	47	47	0
00:30:34	51	47	0
00:30:35	48	63	0
00:30:36	50	66	0
00:30:37	29	53	0
00:30:38	40	57	0
00:30:39	35	43	0
00:30:40	30	50	0
00:30:41	54	57	0
00:30:42	57	60	0
00:30:43	69	75	0
00:30:44	84	64	0
00:30:45	63	69	0
00:30:46	60	67	0
00:30:47	64	57	0
00:30:48	70	50	0
00:30:49	87	56	0
00:30:50	90	61	0
00:30:51	74	70	0
00:30:52	69	81	0
00:30:53	48	80	0
00:30:54	43	75	0
00:30:55	29	66	0
00:30:56	38	51	0
00:30:57	43	43	0
00:30:58	43	40	0
00:30:59	56	50	0
00:31:00	54	61	0
00:31:01	74	69	0
00:31:02	88	75	0
00:31:03	91	70	0
00:31:04	94	63	0
00:31:05	83	56	0
00:31:07	64	50	0
00:31:08	64	56	0
00:31:09	63	44	0
00:31:10	80	50	0
00:31:11	81	56	0
00:31:12	69	48	0
00:31:13	57	56	0
00:31:14	35	53	0
00:31:15	30	60	0
00:31:16	29	56	0
00:31:17	40	64	0
00:31:18	51	56	0
00:31:19	56	47	0
00:31:20	61	51	0
00:31:21	67	57	0
00:31:22	66	63	0
00:31:23	66	63	26
00:31:24	56	54	0
00:31:25	50	47	0
00:31:26	41	53	0
00:31:27	24	35	0
00:31:28	40	34	0
00:31:29	35	34	0
00:31:30	40	40	0
00:31:31	53	53	0
00:31:32	47	64	0
00:31:33	54	70	0
00:31:34	66	64	0
00:31:35	63	64	0
00:31:36	66	66	0
00:31:37	67	74	0
00:31:38	53	67	0
00:31:39	40	63	0
00:31:40	29	50	0
00:31:41	34	30	0
00:31:43	44	38	0
00:31:44	63	48	0
00:31:45	69	66	0
00:31:46	57	64	0
00:31:47	50	64	0
00:31:48	48	63	0
00:31:49	47	50	0
00:31:50	53	60	0
00:31:51	51	60	0
00:31:52	87	53	0
00:31:53	87	56	0
00:31:54	96	53	0
00:31:55	84	44	0
00:31:56	69	54	0
00:31:57	63	54	0
00:31:58	56	57	0
00:31:59	57	57	0
00:32:00	63	54	0
00:32:01	54	54	0
00:32:02	40	50	0
00:32:03	27	60	0
00:32:04	3	64	0
00:32:05	3	64	26
00:32:06	17	56	0
00:32:07	37	64	0
00:32:08	43	64	0
00:32:09	50	51	0
00:32:10	44	51	0
00:32:11	37	47	0
00:32:12	53	47	0
00:32:13	66	67	0
00:32:14	66	67	0
00:32:15	78	61	0
00:32:16	70	53	0
00:32:18	70	53	51
00:32:19	69	38	0
00:32:20	80	24	0
00:32:21	66	11	0
00:32:22	64	26	0
00:32:23	48	43	0
00:32:24	60	61	0
00:32:25	64	67	0
00:32:26	53	57	0
00:32:27	57	43	0
00:32:28	43	50	0
00:32:29	35	23	0
00:32:30	38	34	0
00:32:31	40	43	0
00:32:32	40	41	0
00:32:33	38	57	0
00:32:34	41	63	0
00:32:35	34	57	0
00:32:36	34	57	0
00:32:37	41	60	0
00:32:38	35	54	0
00:32:39	24	61	0
00:32:40	23	53	0
00:32:41	14	51	0
00:32:42	16	66	0
00:32:43	16	66	0
00:32:44	34	69	0
00:32:45	47	69	0
00:32:46	53	41	0
00:32:47	54	47	0
00:32:48	48	38	0
00:32:49	40	43	0
00:32:50	37	61	0
00:32:51	29	56	0
00:32:52	51	44	0
00:32:53	47	29	0
00:32:55	61	34	0
00:32:56	54	40	0
00:32:57	37	27	0
00:32:58	44	30	0
00:32:59	34	43	0
00:33:00	37	47	0
00:33:01	37	61	0
00:33:02	34	75	0
00:33:03	38	67	0
00:33:04	41	74	0
00:33:05	53	80	0
00:33:06	53	66	0
00:33:07	50	78	0
00:33:08	51	67	0
00:33:09	41	57	0
00:33:10	35	67	0
00:33:11	21	44	0
00:33:12	23	48	0
00:33:13	23	61	0
00:33:14	30	64	0
00:33:15	35	67	0
00:33:16	29	66	0
00:33:17	27	63	0
00:33:18	35	61	0
00:33:19	38	60	0
00:33:20	41	54	0
00:33:21	47	53	0
00:33:22	24	38	0
00:33:23	17	40	0
00:33:24	14	35	0
00:33:25	30	43	0
00:33:26	41	41	0
00:33:27	44	40	0
00:33:28	44	38	0
00:33:29	35	34	0
00:33:31	34	30	0
00:33:32	35	38	0
00:33:33	48	44	0
00:33:34	53	47	0
00:33:35	57	53	0
00:33:36	60	67	0
00:33:37	41	63	0
00:33:38	50	61	0
00:33:39	41	61	0
00:33:40	34	50	0
00:33:41	44	53	0
00:33:42	43	64	0
00:33:43	54	61	0
00:33:44	61	70	0
00:33:45	66	67	0
00:33:46	63	61	0
00:33:47	56	56	0
00:33:48	60	51	0
00:33:49	51	51	0
00:33:50	51	50	0
00:33:51	50	47	0
00:33:52	51	56	0
00:33:53	51	64	0
00:33:54	37	75	0
00:33:55	37	63	0
00:33:56	40	54	0
00:33:57	50	63	0
00:33:58	63	51	0
00:33:59	66	53	0
00:34:00	75	43	0
00:34:01	77	50	0
00:34:02	53	56	0
00:34:03	37	63	0
00:34:04	11	66	0
00:34:06	8	56	0
00:34:07	17	53	0
00:34:08	35	48	0
00:34:09	43	37	0
00:34:10	51	40	0
00:34:11	63	41	0
00:34:12	50	40	0
00:34:13	60	69	0
00:34:14	50	83	0
00:34:15	40	88	0
00:34:16	54	91	0
00:34:17	38	75	0
00:34:18	50	67	0
00:34:19	48	64	0
00:34:20	30	57	0
00:34:21	48	70	0
00:34:22	43	60	0
00:34:23	43	60	0
00:34:24	69	67	0
00:34:25	63	57	0
00:34:26	61	48	0
00:34:27	50	54	0
00:34:28	54	54	0
00:34:29	35	44	0
00:34:30	38	48	0
00:34:31	50	37	0
00:34:32	54	41	0
00:34:33	74	51	0
00:34:34	83	64	0
00:34:35	75	74	0
00:34:36	57	69	0
00:34:37	44	56	0
00:34:38	27	44	0
00:34:39	23	35	0
00:34:40	30	37	0
00:34:42	41	27	0
00:34:43	56	40	0
00:34:44	57	61	0
00:34:45	57	61	26
00:34:46	64	57	0
00:34:47	51	61	0
00:34:48	35	47	0
00:34:49	34	37	0
00:34:50	26	26	0
00:34:51	43	38	0
00:34:52	60	40	0
00:34:53	80	38	0
00:34:54	80	61	0
00:34:55	54	50	0
00:34:56	37	60	0
00:34:57	30	53	0
00:34:58	47	70	0
00:34:59	53	74	0
00:35:00	51	77	0
00:35:01	56	63	0
00:35:02	67	56	0
00:35:03	51	38	0
00:35:04	38	30	0
00:35:05	48	38	0
00:35:06	38	40	0
00:35:07	47	51	0
00:35:08	66	53	0
00:35:09	64	54	0
00:35:10	60	44	0
00:35:11	78	44	0
00:35:12	75	61	0
00:35:13	75	61	0
00:35:14	67	57	0
00:35:15	63	74	0
00:35:17	53	70	0
00:35:18	53	81	0
00:35:19	67	78	0
00:35:20	53	60	0
00:35:21	63	51	0
00:35:22	64	40	0
00:35:23	57	35	0
00:35:24	78	44	0
00:35:25	83	29	0
00:35:26	66	29	0
00:35:27	43	44	0
00:35:28	27	61	0
00:35:29	38	60	0
00:35:30	43	70	0
00:35:31	47	56	0
00:35:32	37	54	0
00:35:33	27	61	0
00:35:34	24	44	0
00:35:35	26	51	0
00:35:36	47	47	0
00:35:37	56	38	0
00:35:38	60	47	0
00:35:39	60	51	0
00:35:40	61	50	0
00:35:41	54	57	0
00:35:42	54	67	0
00:35:43	53	51	0
00:35:44	50	57	0
00:35:45	50	57	0
00:35:46	38	54	0
00:35:47	35	60	0
00:35:48	24	56	0
00:35:49	27	44	0
00:35:50	24	30	0
00:35:51	30	34	0
00:35:53	40	29	0
00:35:54	35	34	0
00:35:55	40	50	0
00:35:56	41	41	0
00:35:57	29	41	0
00:35:58	34	35	0
00:35:59	30	47	0
00:36:00	30	50	0
00:36:01	30	50	26
00:36:02	34	38	0
