00:00:00	34	43	0
00:00:01	54	51	0
00:00:02	64	53	0
00:00:04	75	51	0
00:00:05	64	47	0
00:00:06	80	53	0
00:00:07	83	57	0
00:00:08	83	66	0
00:00:09	97	64	0
00:00:10	77	53	0
00:00:11	77	56	0
00:00:12	67	67	0
00:00:13	54	60	0
00:00:14	67	70	0
00:00:15	67	66	0
00:00:16	80	48	0
00:00:17	78	51	0
00:00:18	78	44	0
00:00:19	80	37	0
00:00:20	74	44	0
00:00:21	88	50	0
00:00:22	93	54	0
00:00:23	75	57	0
00:00:24	66	56	0
00:00:25	53	43	0
00:00:26	48	43	0
00:00:27	43	41	0
00:00:28	50	44	0
00:00:29	70	51	0
00:00:30	93	63	0
00:00:31	100	66	0
00:00:32	100	75	0
00:00:33	100	75	0
00:00:34	100	69	0
00:00:35	100	67	0
00:00:37	84	50	0
00:00:38	78	60	0
00:00:39	57	54	0
00:00:40	38	51	0
00:00:41	63	64	0
00:00:42	74	60	0
00:00:43	93	63	0
00:00:44	100	67	0
00:00:45	100	64	0
00:00:46	96	69	0
00:00:47	81	84	0
00:00:48	75	90	0
00:00:49	74	84	0
00:00:50	81	77	0
00:00:51	94	60	0
00:00:52	100	47	0
00:00:53	100	57	0
00:00:54	91	63	0
00:00:55	74	69	0
00:00:56	77	54	0
00:00:57	81	53	0
00:00:58	66	66	0
00:00:59	66	66	0
00:01:00	67	67	0
00:01:01	74	67	0
00:01:02	64	56	0
00:01:03	80	63	0
00:01:04	84	69	0
00:01:05	81	69	0
00:01:06	90	64	0
00:01:07	84	66	0
00:01:08	64	60	0
00:01:09	56	61	0
00:01:11	64	74	0
00:01:12	66	74	0
00:01:13	83	75	0
00:01:14	100	74	0
00:01:15	93	77	0
00:01:16	90	74	0
00:01:17	75	78	0
00:01:18	54	88	0
00:01:19	50	87	0
00:01:20	50	87	0
00:01:21	41	90	0
00:01:22	47	83	0
00:01:23	75	70	0
00:01:24	70	67	0
00:01:25	69	70	0
00:01:26	67	77	0
00:01:27	64	77	0
00:01:28	63	69	0
00:01:29	78	51	0
00:01:30	84	51	0
00:01:31	75	50	0
00:01:32	88	47	0
00:01:33	87	50	0
00:01:34	69	35	0
00:01:35	75	34	0
00:01:36	53	30	0
00:01:37	48	30	0
00:01:38	56	43	0
00:01:39	50	41	0
00:01:40	63	56	0
00:01:42	54	57	0
00:01:43	56	54	0
00:01:44	53	53	0
00:01:45	48	53	0
00:01:46	60	47	0
00:01:47	66	51	0
00:01:48	70	60	0
00:01:49	78	53	0
00:01:50	80	63	0
00:01:51	80	64	0
00:01:52	87	69	0
00:01:53	78	57	0
00:01:54	67	50	0
00:01:55	53	38	0
00:01:56	51	35	0
00:01:57	37	41	0
00:01:58	38	50	0
00:01:59	38	43	0
00:02:00	23	37	0
00:02:01	30	35	0
00:02:02	24	50	0
00:02:03	29	60	0
00:02:04	35	51	0
00:02:05	37	56	0
00:02:06	50	41	0
00:02:07	53	48	0
00:02:08	51	51	0
00:02:09	61	34	0
00:02:10	60	23	0
00:02:11	63	24	0
00:02:12	66	44	0
00:02:14	51	53	0
00:02:15	48	74	0
00:02:16	40	63	0
00:02:17	47	54	0
00:02:18	51	60	0
00:02:19	53	70	0
00:02:20	57	75	0
00:02:21	67	78	0
00:02:22	56	64	0
00:02:23	66	64	0
00:02:24	64	50	0
00:02:25	51	44	0
00:02:26	67	57	0
00:02:27	43	54	0
00:02:28	27	64	0
00:02:29	37	74	0
00:02:30	40	61	0
00:02:31	63	66	0
00:02:32	77	61	0
00:02:33	81	60	0
00:02:34	81	63	0
00:02:35	64	57	0
00:02:36	64	64	0
00:02:37	67	56	0
00:02:38	60	67	0
00:02:39	74	74	0
00:02:40	74	84	0
00:02:41	63	83	0
00:02:42	66	78	0
00:02:43	63	78	0
00:02:44	50	69	0
00:02:45	38	81	0
00:02:46	40	75	0
00:02:48	54	70	0
00:02:49	70	69	0
00:02:50	77	57	0
00:02:51	75	63	0
00:02:52	63	64	0
00:02:53	67	56	0
00:02:54	57	74	0
00:02:55	60	77	0
00:02:56	63	64	0
00:02:57	48	74	0
00:02:58	51	61	0
00:02:59	51	56	0
00:03:00	50	66	0
00:03:01	53	53	0
00:03:02	54	56	0
00:03:03	56	60	0
00:03:04	75	51	0
00:03:05	80	60	0
00:03:06	78	53	0
00:03:07	78	57	0
00:03:08	60	66	0
00:03:09	48	66	0
00:03:10	47	53	0
00:03:11	47	47	0
00:03:12	57	51	0
00:03:13	63	44	0
00:03:14	66	60	0
00:03:15	80	60	0
00:03:16	70	67	0
00:03:17	67	77	0
00:03:18	67	77	0
00:03:19	53	74	0
00:03:21	56	80	0
00:03:22	67	63	0
00:03:23	67	63	0
00:03:24	77	61	0
00:03:25	66	48	0
00:03:26	57	54	0
00:03:27	43	47	0
00:03:28	34	38	0
00:03:29	29	40	0
00:03:30	29	40	51
00:03:31	29	40	26
00:03:32	23	34	0
00:03:33	23	34	25
00:03:34	23	34	26
00:03:35	24	29	0
00:03:36	35	41	0
00:03:37	44	38	0
00:03:38	37	29	0
00:03:39	37	29	0
00:03:40	47	24	0
00:03:41	44	14	0
00:03:42	66	24	0
00:03:43	66	43	0
00:03:44	56	41	0
00:03:45	61	66	0
00:03:46	61	54	0
00:03:47	69	60	0
00:03:48	60	50	0
00:03:49	70	54	0
00:03:50	77	51	0
00:03:51	56	44	0
00:03:52	63	53	0
00:03:54	63	51	0
00:03:55	69	74	0
00:03:56	81	66	0
00:03:57	61	66	0
00:03:58	37	60	0
00:03:59	29	48	0
00:04:00	35	64	0
00:04:01	47	67	0
00:04:02	67	70	0
00:04:03	81	70	0
00:04:04	70	57	0
00:04:05	83	51	0
00:04:06	70	38	0
00:04:07	69	38	0
00:04:08	88	41	0
00:04:09	69	40	0
00:04:10	77	48	0
00:04:11	64	44	0
00:04:12	51	50	0
00:04:13	41	53	0
00:04:14	47	63	0
00:04:15	47	44	0
00:04:16	74	47	0
00:04:17	75	35	0
00:04:18	77	34	0
00:04:19	87	50	0
00:04:20	75	47	0
00:04:21	54	41	0
00:04:22	51	54	0
00:04:23	41	35	0
00:04:24	48	43	0
00:04:25	57	30	0
00:04:26	64	29	0
00:04:28	88	43	0
00:04:29	78	40	0
00:04:30	80	54	0
00:04:31	88	47	0
00:04:32	80	40	0
00:04:33	75	38	0
00:04:34	80	48	0
00:04:35	53	50	0
00:04:36	37	57	0
00:04:37	37	53	0
00:04:38	38	44	0
00:04:39	40	40	0
00:04:40	35	30	0
00:04:41	50	40	0
00:04:42	38	48	0
00:04:43	54	67	0
00:04:44	40	61	0
00:04:45	26	48	0
00:04:46	50	48	0
00:04:47	44	44	0
00:04:48	70	47	0
00:04:49	97	44	0
00:04:50	91	50	0
00:04:51	88	50	0
00:04:52	64	48	0
00:04:53	61	61	0
00:04:54	56	56	0
00:04:55	64	60	0
00:04:56	66	57	0
00:04:57	56	48	0
00:04:59	56	48	0
00:05:00	61	48	0
00:05:01	75	56	0
00:05:02	87	57	0
00:05:03	81	64	0
00:05:04	69	66	0
00:05:05	83	61	0
00:05:06	84	66	0
00:05:07	91	64	0
00:05:08	87	60	0
00:05:09	57	57	0
00:05:10	41	53	0
00:05:11	56	44	0
00:05:12	70	44	0
00:05:13	75	50	0
00:05:14	78	48	0
00:05:15	60	67	0
00:05:16	74	53	0
00:05:17	77	54	0
00:05:18	84	48	0
00:05:19	77	51	0
00:05:20	69	60	0
00:05:21	74	57	0
00:05:22	63	48	0
00:05:23	67	37	0
00:05:24	51	26	0
00:05:25	43	24	0
00:05:26	41	30	0
00:05:27	47	30	0
00:05:28	43	56	0
00:05:29	40	50	0
00:05:30	50	50	0
00:05:32	43	41	0
00:05:33	47	41	0
00:05:34	60	43	0
00:05:35	47	50	0
00:05:36	44	61	0
00:05:37	48	47	0
00:05:38	26	48	0
00:05:39	30	51	0
00:05:40	50	53	0
00:05:41	50	37	0
00:05:42	48	34	0
00:05:43	38	41	0
00:05:44	14	43	0
00:05:45	23	67	0
00:05:46	21	70	0
00:05:47	16	50	0
00:05:48	27	48	0
00:05:49	37	38	0
00:05:50	35	34	0
00:05:51	48	51	0
00:05:52	57	54	0
00:05:53	50	51	0
00:05:54	41	47	0
00:05:55	27	29	0
00:05:56	16	29	0
00:05:57	35	30	0
00:05:58	38	35	0
00:05:59	60	43	0
00:06:00	43	35	0
00:06:01	26	41	0
00:06:02	24	41	0
00:06:04	13	50	0
00:06:05	21	63	0
00:06:06	27	66	0
00:06:07	29	64	0
00:06:08	41	57	0
00:06:09	41	53	0
00:06:10	38	61	0
00:06:11	26	56	0
00:06:12	34	51	0
00:06:13	38	61	0
00:06:14	53	56	0
00:06:15	64	57	0
00:06:16	56	66	0
00:06:17	48	54	0
00:06:18	48	54	0
00:06:19	54	41	0
00:06:20	57	44	0
00:06:21	60	38	0
00:06:22	61	50	0
00:06:23	54	56	0
00:06:24	47	53	0
00:06:25	41	51	0
00:06:26	61	38	0
00:06:27	57	30	0
00:06:28	66	38	0
00:06:29	66	53	0
00:06:30	43	50	0
00:06:31	29	48	0
00:06:32	24	40	0
00:06:33	20	30	0
00:06:35	41	47	0
00:06:36	41	44	0
00:06:37	43	51	0
00:06:38	37	48	0
00:06:39	35	61	0
00:06:40	29	50	0
00:06:41	38	53	0
00:06:42	43	54	0
00:06:43	56	50	0
00:06:44	70	67	0
00:06:45	77	61	0
00:06:46	77	51	0
00:06:47	78	38	0
00:06:48	80	35	0
00:06:49	67	40	0
00:06:50	75	47	0
00:06:51	60	48	0
00:06:52	30	41	0
00:06:53	43	43	0
00:06:54	35	53	0
00:06:55	29	51	0
00:06:56	47	53	0
00:06:57	56	41	0
00:06:58	56	43	0
00:06:59	78	43	0
00:07:00	84	50	0
00:07:01	77	57	0
00:07:02	63	57	0
00:07:03	60	50	0
00:07:04	69	43	0
00:07:06	75	44	0
00:07:07	60	53	0
00:07:08	56	43	0
00:07:09	40	57	0
00:07:10	43	66	0
00:07:11	50	57	0
00:07:12	50	75	0
00:07:13	44	64	0
00:07:14	50	60	0
00:07:15	47	57	0
00:07:16	50	56	0
00:07:17	43	44	0
00:07:18	34	27	0
00:07:19	35	43	0
00:07:20	24	30	0
00:07:21	37	43	0
00:07:22	34	56	0
00:07:23	23	34	0
00:07:24	43	41	0
00:07:25	47	48	0
00:07:26	57	43	0
00:07:27	54	53	0
00:07:28	53	56	0
00:07:29	48	63	0
00:07:30	56	60	0
00:07:31	54	57	0
00:07:32	17	38	0
00:07:33	17	37	0
00:07:34	27	37	0
00:07:35	34	38	0
00:07:36	50	37	0
00:07:37	47	47	0
00:07:38	43	47	0
00:07:40	40	38	0
00:07:41	40	44	0
00:07:42	37	24	0
00:07:43	27	27	0
00:07:44	38	30	0
00:07:45	40	11	0
00:07:46	43	27	0
00:07:47	53	24	0
00:07:48	61	27	0
00:07:49	61	56	0
00:07:50	53	44	0
00:07:51	56	54	0
00:07:52	48	61	0
00:07:53	41	51	0
00:07:54	48	54	0
00:07:55	47	54	0
00:07:56	29	40	0
00:07:57	44	26	0
00:07:58	44	26	0
00:07:59	35	8	0
00:08:00	47	20	0
00:08:01	43	47	0
00:08:02	26	41	0
00:08:03	13	47	0
00:08:04	17	56	0
00:08:05	8	43	0
00:08:06	26	50	0
00:08:07	48	53	0
00:08:08	43	50	0
00:08:09	54	48	0
00:08:10	41	54	0
00:08:11	27	47	0
00:08:12	21	41	0
00:08:14	27	51	0
00:08:15	37	54	0
00:08:16	34	48	0
00:08:17	44	61	0
00:08:18	37	56	0
00:08:19	40	50	0
00:08:20	50	48	0
00:08:21	47	38	0
00:08:22	54	38	0
00:08:23	53	34	0
00:08:24	61	44	0
00:08:25	63	38	0
00:08:26	66	35	0
00:08:27	66	35	0
00:08:28	64	43	0
00:08:29	74	43	0
00:08:30	48	44	0
00:08:31	34	26	0
00:08:32	16	38	0
00:08:33	24	38	0
00:08:34	30	47	0
00:08:35	27	56	0
00:08:36	38	53	0
00:08:37	35	53	0
00:08:38	44	61	0
00:08:39	63	64	0
00:08:40	63	60	0
00:08:41	61	63	0
00:08:42	40	41	0
00:08:43	37	38	0
00:08:44	27	40	0
00:08:45	29	26	0
00:08:46	34	44	0
00:08:48	37	43	0
00:08:49	37	30	0
00:08:50	50	34	0
00:08:51	48	30	0
00:08:52	47	38	0
00:08:53	44	57	0
00:08:54	26	74	0
00:08:55	21	87	0
00:08:56	21	70	0
00:08:57	13	53	0
00:08:58	24	37	0
00:08:59	17	13	0
00:09:00	27	23	0
00:09:01	20	30	0
00:09:02	24	43	0
00:09:03	27	54	0
00:09:04	41	44	0
00:09:05	56	43	0
00:09:06	64	44	0
00:09:07	64	51	0
00:09:08	44	50	0
00:09:09	41	44	0
00:09:10	35	57	0
00:09:11	38	69	0
00:09:12	40	78	0
00:09:13	17	84	0
00:09:14	23	66	0
00:09:15	20	37	0
00:09:16	24	43	0
00:09:17	43	35	0
00:09:18	44	34	0
00:09:20	47	50	0
00:09:21	61	43	0
00:09:22	44	54	0
00:09:23	47	56	0
00:09:24	40	51	0
00:09:25	29	66	0
00:09:26	47	61	0
00:09:27	60	54	0
00:09:28	64	44	0
00:09:29	69	51	0
00:09:30	48	43	0
00:09:31	48	44	0
00:09:32	43	38	0
00:09:33	26	43	0
00:09:34	41	60	0
00:09:35	24	53	0
00:09:36	26	66	0
00:09:37	37	57	0
00:09:38	35	40	0
00:09:39	50	41	0
00:09:40	51	27	0
00:09:41	54	26	0
00:09:42	44	44	0
00:09:43	51	51	0
00:09:44	48	53	0
00:09:45	43	50	0
00:09:46	50	41	0
00:09:47	41	41	0
00:09:48	48	41	0
00:09:49	57	51	0
00:09:50	44	30	0
00:09:51	43	27	0
00:09:53	41	34	0
00:09:54	30	51	0
00:09:55	35	61	0
00:09:56	34	53	0
00:09:57	34	21	0
00:09:58	51	24	0
00:09:59	61	21	0
00:10:00	67	35	0
00:10:01	66	48	0
00:10:02	57	57	0
00:10:03	51	66	0
00:10:04	40	48	0
00:10:05	60	35	0
00:10:06	64	38	0
00:10:07	61	40	0
00:10:08	80	47	0
00:10:09	64	63	0
00:10:10	61	50	0
00:10:11	54	40	0
00:10:12	43	37	0
00:10:13	41	35	0
00:10:14	34	24	0
00:10:15	37	23	0
00:10:16	37	35	0
00:10:17	26	24	0
00:10:18	37	38	0
00:10:19	41	54	0
00:10:20	44	43	0
00:10:21	51	54	0
00:10:22	41	54	0
00:10:23	51	48	0
00:10:25	57	44	0
00:10:26	70	43	0
00:10:27	66	40	0
00:10:28	57	27	0
00:10:29	47	17	0
00:10:30	24	16	0
00:10:31	27	43	0
00:10:32	29	38	0
00:10:33	38	60	0
00:10:34	54	63	0
00:10:35	57	37	0
00:10:36	50	60	0
00:10:37	50	60	0
00:10:38	40	60	0
00:10:39	44	67	0
00:10:40	48	63	0
00:10:41	57	56	0
00:10:42	63	53	0
00:10:43	51	50	0
00:10:44	50	47	0
00:10:45	40	56	0
00:10:46	38	56	0
00:10:47	37	40	0
00:10:48	43	37	0
00:10:49	43	27	0
00:10:50	50	30	0
00:10:51	57	60	0
00:10:52	61	56	0
00:10:53	53	61	0
00:10:54	41	66	0
00:10:56	37	64	0
00:10:57	37	64	0
00:10:58	34	34	0
00:10:59	41	10	0
00:11:00	43	8	0
00:11:01	51	17	0
00:11:02	43	30	0
00:11:03	30	47	0
00:11:04	16	38	0
00:11:05	3	54	0
00:11:06	1	54	0
00:11:07	8	51	0
00:11:08	13	57	0
00:11:09	17	37	0
00:11:10	26	40	0
00:11:11	30	47	0
00:11:12	38	57	0
00:11:13	47	70	0
00:11:14	35	61	0
00:11:15	30	57	0
00:11:16	43	44	0
00:11:17	37	20	0
00:11:18	50	26	0
00:11:19	56	40	0
00:11:20	63	66	0
00:11:21	66	66	0
00:11:22	61	67	0
00:11:23	54	63	0
00:11:24	44	56	0
00:11:25	47	61	0
00:11:26	54	47	0
00:11:28	50	43	0
00:11:29	64	40	0
00:11:30	63	38	0
00:11:31	60	40	0
00:11:32	67	54	0
00:11:33	63	60	0
00:11:34	54	48	0
00:11:35	47	56	0
00:11:36	26	53	0
00:11:37	27	40	0
00:11:38	27	51	0
00:11:39	30	51	0
00:11:40	47	50	0
00:11:41	35	51	0
00:11:42	27	47	0
00:11:43	30	51	0
00:11:44	26	43	0
00:11:45	24	51	0
00:11:46	26	48	0
00:11:47	17	47	0
00:11:48	24	63	0
00:11:49	41	64	0
00:11:50	54	63	0
00:11:51	66	60	0
00:11:52	60	66	0
00:11:53	43	87	0
00:11:54	29	87	0
00:11:55	29	84	0
00:11:56	37	70	0
00:11:57	35	51	0
00:11:58	41	41	0
00:11:59	35	38	0
00:12:01	21	35	0
00:12:02	20	47	0
00:12:03	20	56	0
00:12:04	20	64	0
00:12:05	24	75	0
00:12:06	40	75	0
00:12:07	43	70	0
00:12:08	44	64	0
00:12:09	56	53	0
00:12:10	61	44	0
00:12:11	54	50	0
00:12:12	63	48	0
00:12:13	57	63	0
00:12:14	53	70	0
00:12:15	44	53	0
00:12:16	35	37	0
00:12:17	43	20	0
00:12:18	44	43	0
00:12:19	50	43	0
00:12:20	48	51	0
00:12:21	37	67	0
00:12:22	41	67	0
00:12:23	29	63	0
00:12:24	24	53	0
00:12:25	24	50	0
00:12:26	24	37	0
00:12:27	40	40	0
00:12:28	48	56	0
00:12:29	40	44	0
00:12:30	41	51	0
00:12:31	38	61	0
00:12:33	23	54	0
00:12:34	23	56	0
00:12:35	20	54	0
00:12:36	21	63	0
00:12:37	30	54	0
00:12:38	34	63	0
00:12:39	41	74	0
00:12:40	41	64	0
00:12:41	44	78	0
00:12:42	48	77	0
00:12:43	37	63	0
00:12:44	35	48	0
00:12:45	50	29	0
00:12:46	50	43	0
00:12:47	50	50	0
00:12:48	50	54	0
00:12:49	40	50	0
00:12:50	48	40	0
00:12:51	48	35	0
00:12:52	43	34	0
00:12:53	41	41	0
00:12:54	35	40	0
00:12:55	47	51	0
00:12:56	44	51	0
00:12:57	41	48	0
00:12:58	43	44	0
00:12:59	24	43	0
00:13:00	26	50	0
00:13:01	26	43	0
00:13:02	40	43	0
00:13:03	50	47	0
00:13:04	48	51	0
00:13:06	48	66	0
00:13:07	38	70	0
00:13:08	40	63	0
00:13:09	44	60	0
00:13:10	37	41	0
00:13:11	27	38	0
00:13:12	29	44	0
00:13:13	24	41	0
00:13:14	38	63	0
00:13:15	34	61	0
00:13:16	34	61	0
00:13:17	41	67	0
00:13:18	41	61	0
00:13:19	43	47	0
00:13:20	40	43	0
00:13:21	38	43	0
00:13:22	35	51	0
00:13:23	38	75	0
00:13:24	34	84	0
00:13:25	23	87	0
00:13:26	26	84	0
00:13:27	14	77	0
00:13:28	10	66	0
00:13:29	20	61	0
00:13:30	17	53	0
00:13:31	27	43	0
00:13:32	37	30	0
00:13:33	41	27	0
00:13:34	41	27	0
00:13:35	43	20	0
00:13:36	41	30	0
00:13:38	40	27	0
00:13:39	48	29	0
00:13:40	48	47	0
00:13:41	24	29	0
00:13:42	23	34	0
00:13:43	14	20	0
00:13:44	23	26	0
00:13:45	30	38	0
00:13:46	14	20	0
00:13:47	21	30	0
00:13:48	17	26	0
00:13:49	13	29	0
00:13:50	21	50	0
00:13:51	27	54	0
00:13:52	35	67	0
00:13:53	44	74	0
00:13:54	53	67	0
00:13:55	47	57	0
00:13:56	48	44	0
00:13:57	48	38	0
00:13:58	57	27	0
00:13:59	53	30	0
00:14:00	60	47	0
00:14:01	57	43	0
00:14:02	30	51	0
00:14:03	30	34	0
00:14:04	24	24	0
00:14:05	14	23	0
00:14:06	24	17	0
00:14:07	29	48	0
00:14:08	26	48	0
00:14:10	26	47	0
00:14:11	34	24	0
00:14:12	34	24	0
00:14:13	29	38	0
00:14:14	48	44	0
00:14:15	35	48	0
00:14:16	34	35	0
00:14:17	23	13	0
00:14:18	24	4	0
00:14:19	37	29	0
00:14:20	40	51	0
00:14:21	48	66	0
00:14:22	47	63	0
00:14:23	53	50	0
00:14:24	61	40	0
00:14:25	57	41	0
00:14:26	37	38	0
00:14:27	24	29	0
00:14:28	17	38	0
00:14:29	20	20	0
00:14:30	34	26	0
00:14:31	34	23	0
00:14:32	37	26	0
00:14:33	40	50	0
00:14:34	50	56	0
00:14:35	47	63	0
00:14:36	50	48	0
00:14:37	35	21	0
00:14:38	44	23	0
00:14:39	37	43	0
00:14:40	38	54	0
00:14:41	30	78	0
00:14:43	34	81	0
00:14:44	29	78	0
00:14:45	35	69	0
00:14:46	43	63	0
00:14:47	47	63	0
00:14:48	47	57	0
00:14:49	51	74	0
00:14:50	38	60	0
00:14:51	24	60	0
00:14:52	24	57	0
00:14:53	23	60	0
00:14:54	24	69	0
00:14:55	27	63	0
00:14:56	41	66	0
00:14:57	37	51	0
00:14:58	30	37	0
00:14:59	47	40	0
00:15:00	40	43	0
00:15:01	50	38	0
00:15:02	63	50	0
00:15:03	44	54	0
00:15:04	40	51	0
00:15:05	38	61	0
00:15:06	30	54	0
00:15:07	54	48	0
00:15:08	43	41	0
00:15:09	54	48	0
00:15:10	67	35	0
00:15:11	63	37	0
00:15:12	61	43	0
00:15:13	57	43	0
00:15:14	37	60	0
00:15:16	41	56	0
00:15:17	44	64	0
00:15:18	44	70	0
00:15:19	38	64	0
00:15:20	38	63	0
00:15:21	43	48	0
00:15:22	38	29	0
00:15:23	48	38	0
00:15:24	37	35	0
00:15:25	30	40	0
00:15:26	38	47	0
00:15:27	40	34	0
00:15:28	57	35	0
00:15:29	57	47	0
00:15:30	47	43	0
00:15:31	27	40	0
00:15:32	20	34	0
00:15:33	20	16	0
00:15:34	30	26	0
00:15:35	50	47	0
00:15:36	50	47	0
00:15:37	57	47	0
00:15:38	61	47	0
00:15:39	43	43	0
00:15:40	37	41	0
00:15:41	43	43	0
00:15:42	43	44	0
00:15:43	47	51	0
00:15:44	38	50	0
00:15:45	37	51	0
00:15:46	27	47	0
00:15:47	29	41	0
00:15:49	37	51	0
00:15:50	41	56	0
00:15:51	51	64	0
00:15:52	57	63	0
00:15:53	66	54	0
00:15:54	54	54	0
00:15:55	56	48	0
00:15:56	56	48	0
00:15:57	38	47	0
00:15:58	37	40	0
00:15:59	34	53	0
00:16:00	29	44	0
00:16:01	37	56	0
00:16:02	50	61	0
00:16:03	53	51	0
00:16:04	61	66	0
00:16:05	48	60	0
00:16:06	40	56	0
00:16:07	29	47	0
00:16:08	17	40	0
00:16:09	29	57	0
00:16:10	21	38	0
00:16:11	26	44	0
00:16:12	30	57	0
00:16:13	40	44	0
00:16:14	54	61	0
00:16:15	57	56	0
00:16:16	61	43	0
00:16:17	47	30	0
00:16:18	38	27	0
00:16:19	17	14	0
00:16:20	13	23	0
00:16:21	4	26	0
00:16:22	10	27	0
00:16:23	14	50	0
00:16:25	29	53	0
00:16:26	50	60	0
00:16:27	57	64	0
00:16:28	63	53	0
00:16:29	57	47	0
00:16:30	47	43	0
00:16:31	43	38	0
00:16:32	29	29	0
00:16:33	16	27	0
00:16:34	23	30	0
00:16:35	16	44	0
00:16:36	21	56	0
00:16:37	21	60	0
00:16:38	21	38	0
00:16:39	24	40	0
00:16:40	23	38	0
00:16:41	26	38	0
00:16:42	17	48	0
00:16:43	24	35	0
00:16:44	10	21	0
00:16:45	4	16	0
00:16:46	14	23	0
00:16:47	1	24	0
00:16:48	8	44	0
00:16:49	16	44	0
00:16:50	24	38	0
00:16:51	40	47	0
00:16:52	43	44	0
00:16:53	51	41	0
00:16:54	47	38	0
00:16:55	34	41	0
00:16:56	43	34	0
00:16:57	51	43	0
00:16:58	43	60	0
00:17:00	48	64	0
00:17:01	37	64	0
00:17:02	21	77	0
00:17:03	30	64	0
00:17:04	50	48	0
00:17:05	50	47	0
00:17:06	56	40	0
00:17:07	38	43	0
00:17:08	50	48	0
00:17:09	38	34	0
00:17:10	35	17	0
00:17:11	17	3	0
00:17:12	8	14	0
00:17:13	1	11	0
00:17:14	16	27	0
00:17:15	17	29	0
00:17:16	17	11	0
00:17:17	40	26	0
00:17:18	30	23	0
00:17:19	51	43	0
00:17:20	63	53	0
00:17:21	50	60	0
00:17:22	40	60	0
00:17:23	44	50	0
00:17:24	35	54	0
00:17:25	26	38	0
00:17:26	29	37	0
00:17:27	10	30	0
00:17:28	11	30	0
00:17:29	16	30	0
00:17:30	35	40	0
00:17:31	47	47	0
00:17:32	41	48	0
00:17:33	54	44	0
00:17:35	51	44	0
00:17:36	43	44	0
00:17:37	37	50	0
00:17:38	21	54	0
00:17:39	21	57	0
00:17:40	10	57	0
00:17:41	11	47	0
00:17:42	23	37	0
00:17:43	23	47	0
00:17:44	30	56	0
00:17:45	27	53	0
00:17:46	23	48	0
00:17:47	17	35	0
00:17:48	23	35	0
00:17:49	14	35	0
00:17:50	13	40	0
00:17:51	7	48	0
00:17:52	14	37	0
00:17:53	16	44	0
00:17:54	8	37	0
00:17:55	35	27	0
00:17:56	17	27	0
00:17:57	23	24	0
00:17:58	24	26	0
00:17:59	3	29	0
00:18:00	11	24	0
00:18:01	20	29	0
00:18:02	17	37	0
00:18:03	30	34	0
00:18:04	38	37	0
00:18:05	30	24	0
00:18:06	30	10	0
00:18:07	21	13	0
00:18:08	3	13	0
00:18:09	1	26	0
00:18:11	1	14	0
00:18:12	1	13	0
00:18:13	13	16	0
00:18:14	17	13	0
00:18:15	16	30	0
00:18:16	7	20	0
00:18:17	4	35	0
00:18:18	1	40	0
00:18:19	4	38	0
00:18:20	13	60	0
00:18:21	11	47	0
00:18:22	53	40	0
00:18:23	44	30	0
00:18:24	61	13	0
00:18:25	78	23	0
00:18:26	61	38	0
00:18:27	69	48	0
00:18:28	56	66	0
00:18:29	54	57	0
00:18:30	50	60	0
00:18:31	38	35	0
00:18:32	34	23	0
00:18:33	27	30	0
00:18:34	16	14	0
00:18:35	26	26	0
00:18:36	27	24	0
00:18:37	37	27	0
00:18:38	41	30	0
00:18:39	41	40	0
00:18:40	23	30	0
00:18:41	20	29	0
00:18:42	21	27	0
00:18:43	17	38	0
00:18:44	30	35	0
00:18:46	43	35	0
00:18:47	43	30	0
00:18:48	61	24	0
00:18:49	57	27	0
00:18:50	53	43	0
00:18:51	56	57	0
00:18:52	50	61	0
00:18:53	43	51	0
00:18:54	50	34	0
00:18:55	47	21	0
00:18:56	47	26	0
00:18:57	66	41	0
00:18:58	66	51	0
00:18:59	67	48	0
00:19:00	61	50	0
00:19:01	41	40	0
00:19:02	35	37	0
00:19:03	30	38	0
00:19:04	35	11	0
00:19:05	41	26	0
00:19:06	53	20	0
00:19:07	51	27	0
00:19:08	30	35	0
00:19:09	29	24	0
00:19:10	10	27	0
00:19:11	21	13	0
00:19:12	26	20	0
00:19:13	38	16	0
00:19:14	35	34	0
00:19:15	38	47	0
00:19:16	37	44	0
00:19:17	27	51	0
00:19:18	34	47	0
00:19:19	38	43	0
00:19:20	27	44	0
00:19:21	43	50	0
00:19:23	38	37	0
00:19:24	51	30	0
00:19:25	53	26	0
00:19:26	44	26	0
00:19:27	40	56	0
00:19:28	26	69	0
00:19:29	24	69	0
00:19:30	14	64	0
00:19:31	14	37	0
00:19:32	14	47	0
00:19:33	14	66	0
00:19:34	26	67	0
00:19:35	26	66	0
00:19:36	23	51	0
00:19:37	24	26	0
00:19:38	20	27	0
00:19:39	34	38	0
00:19:40	37	47	0
00:19:41	44	63	0
00:19:42	35	63	0
00:19:43	37	60	0
00:19:44	30	53	0
00:19:45	20	29	0
00:19:46	20	30	0
00:19:47	20	34	0
00:19:48	29	43	0
00:19:49	35	70	0
00:19:50	21	61	0
00:19:51	17	64	0
00:19:52	10	60	0
00:19:53	23	54	0
00:19:54	20	56	0
00:19:55	20	47	0
00:19:56	10	37	0
00:19:57	1	37	0
00:19:59	23	48	0
00:20:00	34	51	0
00:20:01	64	60	0
00:20:02	60	50	0
00:20:03	54	57	0
00:20:04	41	51	0
00:20:05	24	47	0
00:20:06	35	43	0
00:20:07	27	24	0
00:20:08	41	37	0
00:20:09	47	37	0
00:20:10	37	29	0
00:20:11	34	38	0
00:20:12	20	34	0
00:20:13	24	56	0
00:20:14	30	51	0
00:20:15	24	48	0
00:20:16	26	57	0
00:20:17	20	41	0
00:20:18	34	43	0
00:20:19	41	41	0
00:20:20	53	30	0
00:20:21	54	47	0
00:20:22	37	44	0
00:20:23	37	43	0
00:20:24	24	60	0
00:20:25	37	60	0
00:20:26	35	63	0
00:20:27	37	53	0
00:20:28	41	26	0
00:20:29	30	14	0
00:20:30	27	11	0
00:20:31	26	34	0
00:20:32	20	35	0
00:20:34	21	37	0
00:20:35	29	44	0
00:20:36	27	29	0
00:20:37	17	40	0
00:20:38	23	44	0
00:20:39	21	35	0
00:20:40	10	47	0
00:20:41	16	41	0
00:20:42	13	48	0
00:20:43	26	40	0
00:20:44	26	38	0
00:20:45	20	34	0
00:20:46	7	37	0
00:20:47	10	38	0
00:20:48	21	43	0
00:20:49	21	34	0
00:20:50	8	26	0
00:20:51	20	24	0
00:20:52	17	29	0
00:20:53	37	24	0
00:20:54	66	29	0
00:20:55	66	37	0
00:20:56	60	37	0
00:20:57	56	54	0
00:20:58	53	53	0
00:20:59	54	51	0
00:21:00	64	54	0
00:21:01	57	44	0
00:21:02	38	50	0
00:21:03	27	51	0
00:21:04	13	29	0
00:21:05	14	38	0
00:21:06	16	34	0
00:21:08	10	26	0
00:21:09	21	41	0
00:21:10	24	53	0
00:21:11	35	69	0
00:21:12	40	54	0
00:21:13	24	23	0
00:21:14	26	16	0
00:21:15	35	35	0
00:21:16	53	48	0
00:21:17	38	43	0
00:21:18	27	29	0
00:21:19	24	16	0
00:21:20	23	21	0
00:21:21	26	34	0
00:21:22	30	35	0
00:21:23	29	53	0
00:21:24	29	51	0
00:21:25	23	43	0
00:21:26	23	56	0
00:21:27	23	53	0
00:21:28	16	57	0
00:21:29	30	61	0
00:21:30	24	43	0
00:21:31	26	41	0
00:21:32	37	29	0
00:21:33	26	35	0
00:21:34	26	35	0
00:21:35	27	48	0
00:21:36	24	51	0
00:21:37	35	57	0
00:21:38	40	41	0
00:21:39	44	53	0
00:21:40	50	66	0
00:21:41	43	63	0
00:21:42	53	81	0
00:21:43	53	80	0
00:21:45	51	61	0
00:21:46	37	57	0
00:21:47	37	66	0
00:21:48	37	56	0
00:21:49	30	64	0
00:21:50	54	66	0
00:21:51	48	63	0
00:21:52	44	69	0
00:21:53	41	81	0
00:21:54	26	77	0
00:21:55	23	69	0
00:21:56	16	50	0
00:21:57	17	27	0
00:21:58	13	29	0
00:21:59	16	37	0
00:22:00	10	43	0
00:22:01	13	63	0
00:22:02	1	50	0
00:22:03	1	30	0
00:22:04	7	44	0
00:22:05	26	38	0
00:22:06	47	50	0
00:22:07	74	66	0
00:22:08	87	60	0
00:22:09	69	53	0
00:22:10	67	53	0
00:22:11	63	48	0
00:22:12	56	41	0
00:22:13	66	50	0
00:22:14	74	41	0
00:22:15	70	40	0
00:22:16	67	27	0
00:22:17	61	38	0
00:22:18	53	53	0
00:22:19	54	53	0
00:22:20	61	64	0
00:22:22	78	63	0
00:22:23	64	51	0
00:22:24	57	57	0
00:22:25	41	51	0
00:22:26	29	57	0
00:22:27	44	60	0
00:22:28	41	63	0
00:22:29	53	60	0
00:22:30	56	56	0
00:22:31	47	48	0
00:22:32	61	51	0
00:22:33	48	47	0
00:22:34	38	50	0
00:22:35	27	48	0
00:22:36	21	40	0
00:22:37	27	50	0
00:22:38	24	50	0
00:22:39	40	63	0
00:22:40	54	66	0
00:22:41	48	64	0
00:22:42	74	43	0
00:22:43	57	24	0
00:22:44	41	27	0
00:22:45	60	29	0
00:22:46	43	43	0
00:22:47	51	40	0
00:22:48	34	37	0
00:22:49	24	38	0
00:22:50	26	56	0
00:22:51	34	74	0
00:22:52	43	88	0
00:22:53	38	81	0
00:22:54	47	67	0
00:22:55	44	64	0
00:22:56	53	56	0
00:22:58	80	48	0
00:22:59	87	44	0
00:23:00	83	48	0
00:23:01	64	48	0
00:23:02	40	60	0
00:23:03	35	61	0
00:23:04	35	54	0
00:23:05	37	64	0
00:23:06	43	67	0
00:23:07	29	74	0
00:23:08	26	61	0
00:23:09	37	60	0
00:23:10	38	56	0
00:23:11	44	50	0
00:23:12	54	64	0
00:23:13	48	51	0
00:23:14	41	53	0
00:23:15	37	51	0
00:23:16	34	37	0
00:23:17	34	40	0
00:23:18	44	30	0
00:23:19	44	43	0
00:23:20	48	51	0
00:23:21	41	61	0
00:23:22	61	53	0
00:23:23	57	64	0
00:23:24	66	60	0
00:23:25	64	50	0
00:23:26	47	43	0
00:23:27	37	26	0
00:23:28	37	38	0
00:23:29	51	34	0
00:23:30	54	47	0
00:23:31	66	63	0
00:23:32	64	63	0
00:23:34	48	74	0
00:23:35	47	57	0
00:23:36	30	47	0
00:23:37	27	34	0
00:23:38	44	37	0
00:23:39	44	37	0
00:23:40	48	43	0
00:23:41	51	34	0
00:23:42	34	17	0
00:23:43	51	14	0
00:23:44	47	13	0
00:23:45	38	35	0
00:23:46	44	51	0
00:23:47	24	57	0
00:23:48	37	60	0
00:23:49	40	54	0
00:23:50	26	41	0
00:23:51	21	10	0
00:23:52	1	1	0
00:23:53	14	3	0
00:23:54	14	23	0
00:23:55	17	44	0
00:23:56	35	66	0
00:23:57	41	66	0
00:23:58	34	61	0
00:23:59	24	67	0
00:24:00	26	61	0
00:24:01	16	66	0
00:24:02	14	51	0
00:24:03	23	35	0
00:24:04	11	43	0
00:24:05	20	27	0
00:24:06	26	35	0
00:24:07	20	35	0
00:24:08	23	34	0
00:24:10	10	41	0
00:24:11	13	57	0
00:24:12	17	67	0
00:24:13	17	63	0
00:24:14	21	64	0
00:24:15	29	51	0
00:24:16	23	61	0
00:24:17	21	57	0
00:24:18	24	56	0
00:24:19	23	53	0
00:24:20	43	30	0
00:24:21	35	14	0
00:24:22	38	13	0
00:24:23	38	13	0
00:24:24	34	14	0
00:24:25	34	21	0
00:24:26	24	20	0
00:24:27	14	11	0
00:24:28	21	11	0
00:24:29	21	8	0
00:24:30	29	20	0
00:24:31	34	41	0
00:24:32	35	30	0
00:24:33	43	51	0
00:24:34	44	61	0
00:24:35	48	51	0
00:24:36	51	74	0
00:24:37	61	69	0
00:24:38	60	50	0
00:24:39	50	51	0
00:24:40	60	54	0
00:24:41	44	53	0
00:24:42	37	60	0
00:24:44	37	60	26
00:24:45	37	60	51
00:24:46	44	57	0
00:24:47	44	57	26
00:24:48	44	57	51
00:24:49	30	48	0
00:24:50	23	56	0
00:24:51	17	48	0
00:24:52	40	53	0
00:24:53	43	54	0
00:24:54	48	38	0
00:24:55	54	60	0
00:24:56	27	53	0
00:24:57	21	51	0
00:24:58	30	48	0
00:24:59	41	38	0
00:25:00	43	35	0
00:25:01	37	38	0
00:25:02	30	61	0
00:25:03	20	51	0
00:25:04	16	41	0
00:25:05	17	27	0
00:25:06	7	17	0
00:25:07	8	26	0
00:25:08	23	51	0
00:25:09	47	60	0
00:25:10	54	70	0
00:25:11	54	63	0
00:25:12	51	53	0
00:25:13	51	53	0
00:25:14	70	38	0
00:25:15	67	48	0
00:25:16	66	44	0
00:25:17	41	53	0
00:25:19	14	40	0
00:25:20	7	43	0
00:25:21	13	21	0
00:25:22	16	41	0
00:25:23	13	30	0
00:25:24	21	23	0
00:25:25	23	53	0
00:25:26	40	35	0
00:25:27	47	43	0
00:25:28	54	44	0
00:25:29	56	38	0
00:25:30	51	56	0
00:25:31	50	53	0
00:25:32	38	44	0
00:25:33	38	43	0
00:25:34	38	38	0
00:25:35	43	50	0
00:25:36	47	67	0
00:25:37	44	57	0
00:25:38	56	57	0
00:25:39	57	70	0
00:25:40	48	75	0
00:25:41	43	75	0
00:25:42	26	74	0
00:25:43	16	66	0
00:25:44	24	50	0
00:25:45	23	51	0
00:25:46	30	53	0
00:25:47	34	48	0
00:25:48	38	47	0
00:25:49	38	38	0
00:25:50	53	27	0
00:25:51	61	30	0
00:25:52	64	44	0
00:25:53	44	29	0
00:25:54	35	38	0
00:25:56	30	27	0
00:25:57	47	17	0
00:25:58	37	38	0
00:25:59	51	40	0
00:26:00	60	56	0
00:26:01	47	74	0
00:26:02	60	83	0
00:26:03	69	67	0
00:26:04	57	66	0
00:26:05	60	50	0
00:26:06	61	40	0
00:26:07	35	43	0
00:26:08	54	41	0
00:26:09	51	57	0
00:26:10	40	66	0
00:26:11	37	81	0
00:26:12	37	81	26
00:26:13	16	80	0
00:26:14	20	74	0
00:26:15	21	69	0
00:26:16	30	56	0
00:26:17	30	56	0
00:26:18	51	60	0
00:26:19	56	50	0
00:26:20	53	51	0
00:26:21	48	47	0
00:26:22	23	48	0
00:26:23	40	51	0
00:26:24	41	47	0
00:26:25	43	37	0
00:26:26	48	38	0
00:26:27	26	27	0
00:26:28	38	38	0
00:26:29	27	35	0
00:26:31	43	44	0
00:26:32	37	48	0
00:26:33	34	40	0
00:26:34	34	40	0
00:26:35	24	38	0
00:26:36	41	48	0
00:26:37	37	54	0
00:26:38	38	67	0
00:26:39	27	75	0
00:26:40	21	77	0
00:26:41	24	69	0
00:26:42	24	61	0
00:26:43	37	56	0
00:26:44	41	47	0
00:26:45	48	57	0
00:26:46	50	60	0
00:26:47	50	56	0
00:26:48	41	51	0
00:26:49	44	48	0
00:26:50	43	57	0
00:26:51	41	47	0
00:26:52	54	60	0
00:26:53	47	43	0
00:26:54	47	43	0
00:26:55	34	38	0
00:26:56	47	47	0
00:26:57	30	43	0
00:26:58	24	54	0
00:26:59	23	50	0
00:27:00	21	43	0
00:27:01	24	40	0
00:27:02	27	44	0
00:27:03	38	43	0
00:27:04	30	38	0
00:27:05	37	38	0
00:27:07	40	29	0
00:27:08	29	35	0
00:27:09	47	43	0
00:27:10	50	56	0
00:27:11	56	48	0
00:27:12	61	57	0
00:27:13	53	57	0
00:27:14	61	50	0
00:27:15	60	63	0
00:27:16	67	69	0
00:27:17	63	77	0
00:27:18	69	77	0
00:27:19	70	70	0
00:27:20	69	66	0
00:27:21	78	74	0
00:27:22	74	83	0
00:27:23	50	83	0
00:27:24	48	74	0
00:27:25	35	41	0
00:27:26	47	30	0
00:27:27	37	37	0
00:27:28	35	51	0
00:27:29	21	48	0
00:27:30	13	60	0
00:27:31	13	53	0
00:27:32	26	51	0
00:27:33	27	54	0
00:27:34	40	50	0
00:27:35	40	56	0
00:27:36	24	48	0
00:27:37	43	47	0
00:27:38	38	56	0
00:27:39	47	48	0
00:27:40	48	56	0
00:27:41	35	47	0
00:27:43	53	40	0
00:27:44	41	53	0
00:27:45	43	47	0
00:27:46	48	63	0
00:27:47	30	66	0
00:27:48	50	56	0
00:27:49	35	48	0
00:27:50	40	35	0
00:27:51	38	40	0
00:27:52	20	40	0
00:27:53	38	51	0
00:27:54	35	51	0
00:27:55	43	48	0
00:27:56	44	61	0
00:27:57	44	63	0
00:27:58	64	74	0
00:27:59	61	69	0
00:28:00	50	61	0
00:28:01	38	60	0
00:28:02	43	57	0
00:28:03	43	48	0
00:28:04	40	53	0
00:28:05	34	56	0
00:28:06	17	61	0
00:28:07	3	57	0
00:28:08	10	43	0
00:28:09	24	43	0
00:28:10	41	40	0
00:28:11	41	50	0
00:28:12	50	53	0
00:28:13	60	57	0
00:28:14	56	51	0
00:28:15	81	50	0
00:28:16	67	56	0
00:28:17	48	50	0
00:28:19	41	54	0
00:28:20	26	47	0
00:28:21	29	43	0
00:28:22	34	44	0
00:28:23	24	40	0
00:28:24	47	47	0
00:28:25	56	50	0
00:28:26	74	48	0
00:28:27	51	37	0
00:28:28	35	38	0
00:28:29	50	38	0
00:28:30	40	41	0
00:28:31	44	61	0
00:28:32	64	57	0
00:28:33	61	57	0
00:28:34	60	70	0
00:28:35	69	60	0
00:28:36	60	53	0
00:28:37	64	63	0
00:28:38	81	48	0
00:28:39	66	60	0
00:28:40	60	80	0
00:28:41	50	67	0
00:28:42	26	70	0
00:28:43	21	60	0
00:28:44	26	35	0
00:28:45	43	44	0
00:28:46	44	47	0
00:28:47	56	60	0
00:28:48	74	75	0
00:28:49	75	70	0
00:28:50	84	64	0
00:28:51	81	48	0
00:28:53	81	48	0
00:28:54	41	57	0
00:28:55	37	74	0
00:28:56	23	70	0
00:28:57	24	60	0
00:28:58	27	61	0
00:28:59	40	57	0
00:29:00	54	56	0
00:29:01	64	56	0
00:29:02	75	44	0
00:29:03	69	56	0
00:29:04	54	63	0
00:29:05	51	60	0
00:29:06	60	54	0
00:29:07	66	53	0
00:29:08	69	48	0
00:29:09	64	48	0
00:29:10	44	50	0
00:29:11	38	48	0
00:29:12	53	50	0
00:29:13	51	30	0
00:29:14	50	27	0
00:29:15	43	26	0
00:29:16	20	14	0
00:29:17	21	26	0
00:29:18	20	38	0
00:29:19	26	41	0
00:29:20	44	48	0
00:29:21	41	57	0
00:29:22	43	53	0
00:29:23	41	57	0
00:29:24	40	75	0
00:29:25	57	84	0
00:29:26	94	77	0
00:29:27	100	61	0
00:29:29	100	41	0
00:29:30	87	44	0
00:29:31	61	27	0
00:29:32	48	14	0
00:29:33	41	11	0
00:29:34	35	3	0
00:29:35	64	17	0
00:29:36	66	34	0
00:29:37	70	48	0
00:29:38	64	50	0
00:29:39	44	44	0
00:29:40	56	44	0
00:29:41	50	40	0
00:29:42	64	43	0
00:29:43	75	47	0
00:29:44	63	43	0
00:29:45	78	51	0
00:29:46	77	51	0
00:29:47	69	61	0
00:29:48	63	57	0
00:29:49	53	50	0
00:29:50	57	57	0
00:29:51	63	47	0
00:29:52	66	54	0
00:29:53	50	60	0
00:29:54	35	57	0
00:29:55	17	54	0
00:29:56	1	51	0
00:29:57	14	53	0
00:29:58	24	43	0
00:29:59	44	40	0
00:30:00	27	20	0
00:30:01	34	34	0
00:30:02	23	21	0
00:30:03	16	34	0
00:30:05	21	53	0
00:30:06	17	53	0
00:30:07	37	64	0
00:30:08	38	70	0
00:30:09	35	63	0
00:30:10	37	66	0
00:30:11	27	61	0
00:30:12	30	56	0
00:30:13	38	61	0
00:30:14	37	64	0
00:30:15	43	50	0
00:30:16	29	29	0
00:30:17	23	21	0
00:30:18	27	11	0
00:30:19	30	26	0
00:30:20	35	29	0
00:30:21	44	38	0
00:30:22	44	40	0
00:30:23	37	30	0
00:30:24	40	38	0
00:30:25	24	34	0
00:30:26	23	38	0
00:30:27	13	35	0
00:30:28	34	40	0
00:30:29	41	43	0
00:30:30	47	53	0
00:30:31	40	64	0
00:30:32	43	60	0
00:30:33	26	47	0
00:30:34	37	47	0
00:30:35	35	38	0
00:30:36	43	37	0
00:30:37	53	44	0
00:30:39	40	24	0
00:30:40	50	38	0
00:30:41	37	37	0
00:30:42	40	44	0
00:30:43	53	67	0
00:30:44	47	69	0
00:30:45	47	81	0
00:30:46	44	83	0
00:30:47	48	74	0
00:30:48	47	57	0
00:30:49	37	53	0
00:30:50	38	53	0
00:30:51	40	63	0
00:30:52	40	63	0
00:30:53	43	56	0
00:30:54	24	41	0
00:30:55	26	35	0
00:30:56	37	41	0
00:30:57	34	37	0
00:30:58	23	41	0
00:30:59	20	54	0
00:31:00	23	53	0
00:31:01	40	60	0
00:31:02	48	63	0
00:31:03	51	38	0
00:31:04	53	56	0
00:31:05	47	50	0
00:31:06	44	61	0
00:31:07	47	83	0
00:31:08	38	63	0
00:31:09	34	66	0
00:31:10	30	53	0
00:31:11	34	41	0
00:31:12	37	53	0
00:31:13	41	54	0
00:31:14	35	38	0
00:31:16	37	54	0
00:31:17	40	48	0
00:31:18	35	37	0
00:31:19	38	43	0
00:31:20	43	37	0
00:31:21	40	24	0
00:31:22	41	43	0
00:31:23	48	47	0
00:31:24	40	40	0
00:31:25	24	48	0
00:31:26	11	38	0
00:31:27	14	47	0
00:31:28	17	56	0
00:31:29	44	54	0
00:31:30	41	53	0
00:31:31	48	47	0
00:31:32	54	41	0
00:31:33	50	47	0
00:31:34	53	41	0
00:31:35	53	44	0
00:31:36	44	56	0
00:31:37	48	48	0
00:31:38	48	53	0
00:31:39	26	43	0
00:31:40	24	27	0
00:31:41	14	26	0
00:31:42	11	17	0
00:31:43	16	27	0
00:31:44	8	24	0
00:31:45	1	38	0
00:31:46	1	30	0
00:31:47	17	27	0
00:31:48	27	41	0
00:31:49	47	43	0
00:31:51	44	56	0
00:31:52	50	60	0
00:31:53	50	48	0
00:31:54	51	40	0
00:31:55	61	27	0
00:31:56	61	24	0
00:31:57	74	43	0
00:31:58	63	48	0
00:31:59	61	51	0
00:32:00	44	53	0
00:32:01	48	48	0
00:32:02	53	40	0
00:32:03	40	47	0
00:32:04	35	40	0
00:32:05	30	41	0
00:32:06	24	48	0
00:32:07	40	54	0
00:32:08	53	57	0
00:32:09	56	61	0
00:32:10	67	69	0
00:32:11	56	56	0
00:32:12	66	53	0
00:32:13	74	53	0
00:32:14	63	56	0
00:32:15	66	51	0
00:32:16	47	51	0
00:32:17	43	57	0
00:32:18	44	56	0
00:32:19	60	63	0
00:32:20	64	51	0
00:32:21	47	24	0
00:32:22	47	27	0
00:32:24	29	26	0
00:32:25	26	40	0
00:32:26	40	64	0
00:32:27	34	53	0
00:32:28	27	53	0
00:32:29	7	41	0
00:32:30	14	51	0
00:32:31	16	61	0
00:32:32	27	60	0
00:32:33	38	50	0
00:32:34	20	24	0
00:32:35	16	27	0
00:32:36	21	51	0
00:32:37	27	60	0
00:32:38	50	70	0
00:32:39	41	57	0
00:32:40	38	27	0
00:32:41	34	34	0
00:32:42	30	29	0
00:32:43	41	34	0
00:32:44	43	54	0
00:32:45	38	38	0
00:32:46	38	38	26
00:32:47	40	60	0
00:32:48	40	70	0
00:32:49	44	64	0
00:32:50	43	78	0
00:32:51	44	66	0
00:32:52	43	54	0
00:32:53	27	56	0
00:32:54	14	51	0
00:32:55	13	43	0
00:32:56	16	47	0
00:32:57	17	50	0
00:32:58	35	74	0
00:33:00	29	75	0
00:33:01	24	64	0
00:33:02	29	63	0
00:33:03	29	50	0
00:33:04	26	60	0
00:33:05	41	74	0
00:33:06	38	66	0
00:33:07	37	74	0
00:33:08	50	53	0
00:33:09	44	48	0
00:33:10	60	61	0
00:33:11	56	53	0
00:33:12	54	56	0
00:33:13	56	63	0
00:33:14	50	61	0
00:33:15	66	69	0
00:33:16	74	64	0
00:33:17	67	54	0
00:33:18	64	53	0
00:33:19	44	44	0
00:33:20	16	48	0
00:33:21	38	51	0
00:33:22	47	61	0
00:33:23	74	57	0
00:33:24	88	57	0
00:33:25	78	50	0
00:33:26	83	40	0
00:33:27	60	44	0
00:33:28	66	43	0
00:33:29	63	40	0
00:33:30	53	37	0
00:33:31	47	43	0
00:33:32	47	50	0
00:33:33	40	60	0
00:33:34	50	47	0
00:33:36	56	51	0
00:33:37	43	41	0
00:33:38	43	30	0
00:33:39	40	35	0
00:33:40	29	26	0
00:33:41	35	53	0
00:33:42	41	61	0
00:33:43	35	69	0
00:33:44	34	61	0
00:33:45	34	60	0
00:33:46	34	56	0
00:33:47	35	61	0
00:33:48	35	54	0
00:33:49	27	34	0
00:33:50	27	38	0
00:33:51	21	41	0
00:33:52	20	48	0
00:33:53	29	60	0
00:33:54	29	54	0
00:33:55	43	41	0
00:33:56	74	44	0
00:33:57	77	47	0
00:33:58	75	53	0
00:33:59	56	44	0
00:34:00	37	51	0
00:34:01	30	50	0
00:34:02	50	57	0
00:34:03	53	43	0
00:34:04	44	41	0
00:34:05	56	51	0
00:34:06	66	53	0
00:34:07	61	56	0
00:34:08	75	56	0
00:34:10	64	50	0
00:34:11	61	56	0
00:34:12	66	60	0
00:34:13	74	70	0
00:34:14	78	70	0
00:34:15	57	61	0
00:34:16	44	67	0
00:34:17	26	44	0
00:34:18	17	41	0
00:34:19	23	37	0
00:34:20	29	27	0
00:34:21	27	50	0
00:34:22	34	44	0
00:34:23	37	61	0
00:34:24	27	66	0
00:34:25	17	53	0
00:34:26	16	63	0
00:34:27	1	40	0
00:34:28	4	44	0
00:34:29	20	57	0
00:34:30	48	69	0
00:34:31	48	60	0
00:34:32	40	47	0
00:34:33	43	41	0
00:34:34	35	26	0
00:34:35	35	30	0
00:34:36	38	37	0
00:34:37	41	48	0
00:34:38	50	64	0
00:34:39	50	69	0
00:34:40	54	69	0
00:34:41	51	69	0
00:34:42	50	63	0
00:34:43	53	47	0
00:34:45	54	53	0
00:34:46	48	37	0
00:34:47	51	35	0
00:34:48	43	43	0
00:34:49	54	34	0
00:34:50	57	53	0
00:34:51	50	57	0
00:34:52	66	75	0
00:34:53	67	84	0
00:34:54	67	87	0
00:34:55	61	69	0
00:34:56	56	47	0
00:34:57	35	34	0
00:34:58	35	23	0
00:34:59	44	40	0
00:35:00	47	44	0
00:35:01	43	53	0
00:35:02	41	63	0
00:35:03	41	70	0
00:35:04	38	80	0
00:35:05	41	78	0
00:35:06	53	64	0
00:35:07	43	64	0
00:35:08	53	69	0
00:35:09	48	70	0
00:35:10	30	70	0
00:35:11	40	66	0
00:35:12	44	77	0
00:35:13	37	67	0
00:35:14	38	69	0
00:35:15	34	69	0
00:35:16	21	61	0
00:35:17	35	60	0
00:35:18	40	63	0
00:35:20	47	61	0
00:35:21	64	51	0
00:35:22	70	67	0
00:35:23	60	64	0
00:35:24	53	69	0
00:35:25	37	78	0
00:35:26	23	66	0
00:35:27	35	74	0
00:35:28	30	61	0
00:35:29	48	57	0
00:35:30	50	61	0
00:35:31	56	57	0
00:35:32	56	60	0
00:35:33	60	63	0
00:35:34	66	57	0
00:35:35	70	57	0
00:35:36	60	63	0
00:35:37	64	57	0
00:35:38	53	63	0
00:35:39	64	61	0
00:35:40	60	44	0
00:35:41	63	43	0
00:35:42	67	26	0
00:35:43	53	21	0
00:35:44	57	35	0
00:35:45	63	35	0
00:35:46	60	40	0
00:35:47	53	43	0
00:35:48	60	35	0
00:35:49	57	40	0
00:35:50	54	47	0
00:35:51	54	47	0
00:35:52	48	50	0
00:35:53	30	47	0
00:35:54	24	37	0
00:35:56	29	26	0
00:35:57	34	30	0
00:35:58	47	37	0
00:35:59	54	53	0
00:36:00	51	70	0
00:36:01	69	70	0
