Mar 25, 2014 23:53:09	84	50	0
Mar 25, 2014 23:53:10	53	50	0
Mar 25, 2014 23:53:11	40	64	0
Mar 25, 2014 23:53:12	37	67	0
Mar 25, 2014 23:53:13	30	77	0
Mar 25, 2014 23:53:14	43	67	0
Mar 25, 2014 23:53:15	27	66	0
Mar 25, 2014 23:53:16	20	56	0
Mar 25, 2014 23:53:17	27	54	0
Mar 25, 2014 23:53:18	35	66	0
Mar 25, 2014 23:53:19	53	67	0
Mar 25, 2014 23:53:20	60	83	0
Mar 25, 2014 23:53:21	63	77	0
Mar 25, 2014 23:53:22	51	64	0
Mar 25, 2014 23:53:23	38	69	0
Mar 25, 2014 23:53:24	43	53	0
Mar 25, 2014 23:53:25	40	63	0
Mar 25, 2014 23:53:26	38	74	0
Mar 25, 2014 23:53:27	35	77	0
Mar 25, 2014 23:53:28	40	75	0
Mar 25, 2014 23:53:29	53	74	0
Mar 25, 2014 23:53:30	54	67	0
Mar 25, 2014 23:53:31	50	70	0
Mar 25, 2014 23:53:32	40	57	0
Mar 25, 2014 23:53:33	38	56	0
Mar 25, 2014 23:53:34	47	53	0
Mar 25, 2014 23:53:35	41	47	0
Mar 25, 2014 23:53:36	48	67	0
Mar 25, 2014 23:53:37	43	66	0
Mar 25, 2014 23:53:38	48	64	0
Mar 25, 2014 23:53:39	56	63	0
Mar 25, 2014 23:53:40	66	60	0
Mar 25, 2014 23:53:42	67	69	0
Mar 25, 2014 23:53:43	63	75	0
Mar 25, 2014 23:53:44	61	60	0
Mar 25, 2014 23:53:45	48	64	0
Mar 25, 2014 23:53:46	48	61	0
Mar 25, 2014 23:53:47	51	66	0
Mar 25, 2014 23:53:48	47	96	0
Mar 25, 2014 23:53:49	56	96	0
Mar 25, 2014 23:53:50	64	87	0
Mar 25, 2014 23:53:51	48	84	0
Mar 25, 2014 23:53:52	47	75	0
Mar 25, 2014 23:53:53	41	56	0
Mar 25, 2014 23:53:54	30	67	0
Mar 25, 2014 23:53:55	40	75	0
Mar 25, 2014 23:53:56	37	77	0
Mar 25, 2014 23:53:57	41	70	0
Mar 25, 2014 23:53:58	47	47	0
Mar 25, 2014 23:53:59	50	57	0
Mar 25, 2014 23:54:00	57	63	0
Mar 25, 2014 23:54:01	47	56	0
Mar 25, 2014 23:54:02	37	70	0
Mar 25, 2014 23:54:03	30	69	0
Mar 25, 2014 23:54:04	26	78	0
Mar 25, 2014 23:54:05	35	80	0
Mar 25, 2014 23:54:06	47	70	0
Mar 25, 2014 23:54:07	57	70	0
Mar 25, 2014 23:54:08	43	43	0
Mar 25, 2014 23:54:09	34	51	0
Mar 25, 2014 23:54:10	16	53	0
Mar 25, 2014 23:54:11	13	47	0
Mar 25, 2014 23:54:13	23	70	0
Mar 25, 2014 23:54:14	34	64	0
Mar 25, 2014 23:54:15	47	75	0
Mar 25, 2014 23:54:16	51	75	0
Mar 25, 2014 23:54:17	51	63	0
Mar 25, 2014 23:54:18	53	61	0
Mar 25, 2014 23:54:19	50	66	0
Mar 25, 2014 23:54:20	30	74	0
Mar 25, 2014 23:54:21	26	67	0
Mar 25, 2014 23:54:22	24	69	0
Mar 25, 2014 23:54:23	35	63	0
Mar 25, 2014 23:54:24	40	64	0
Mar 25, 2014 23:54:25	37	63	0
Mar 25, 2014 23:54:26	41	48	0
Mar 25, 2014 23:54:27	50	48	0
Mar 25, 2014 23:54:28	51	53	0
Mar 25, 2014 23:54:29	53	53	0
Mar 25, 2014 23:54:30	40	61	0
Mar 25, 2014 23:54:31	27	67	0
Mar 25, 2014 23:54:32	26	67	0
Mar 25, 2014 23:54:33	38	81	0
Mar 25, 2014 23:54:34	35	69	0
Mar 25, 2014 23:54:35	34	69	0
Mar 25, 2014 23:54:36	35	69	0
Mar 25, 2014 23:54:37	27	66	0
Mar 25, 2014 23:54:38	29	67	0
Mar 25, 2014 23:54:39	40	63	0
Mar 25, 2014 23:54:40	38	57	0
Mar 25, 2014 23:54:41	35	63	0
Mar 25, 2014 23:54:42	38	69	0
Mar 25, 2014 23:54:44	27	66	0
Mar 25, 2014 23:54:45	29	60	0
Mar 25, 2014 23:54:46	30	50	0
Mar 25, 2014 23:54:47	34	47	0
Mar 25, 2014 23:54:48	35	54	0
Mar 25, 2014 23:54:49	34	56	0
Mar 25, 2014 23:54:50	40	51	0
Mar 25, 2014 23:54:51	37	56	0
Mar 25, 2014 23:54:52	24	56	0
Mar 25, 2014 23:54:53	26	75	0
Mar 25, 2014 23:54:54	16	66	0
Mar 25, 2014 23:54:55	14	61	0
Mar 25, 2014 23:54:56	27	61	0
Mar 25, 2014 23:54:57	34	54	0
Mar 25, 2014 23:54:58	44	47	0
Mar 25, 2014 23:54:59	51	51	0
Mar 25, 2014 23:55:00	51	50	0
Mar 25, 2014 23:55:01	47	54	0
Mar 25, 2014 23:55:02	29	60	0
Mar 25, 2014 23:55:03	34	53	0
Mar 25, 2014 23:55:04	17	60	0
Mar 25, 2014 23:55:05	20	56	0
Mar 25, 2014 23:55:06	29	53	0
Mar 25, 2014 23:55:07	16	47	0
Mar 25, 2014 23:55:08	29	54	0
Mar 25, 2014 23:55:09	29	51	0
Mar 25, 2014 23:55:10	30	60	0
Mar 25, 2014 23:55:11	38	64	0
Mar 25, 2014 23:55:12	38	50	0
Mar 25, 2014 23:55:14	37	57	0
Mar 25, 2014 23:55:15	27	43	0
Mar 25, 2014 23:55:16	40	43	0
Mar 25, 2014 23:55:17	37	67	0
Mar 25, 2014 23:55:18	47	84	0
Mar 25, 2014 23:55:19	44	91	0
Mar 25, 2014 23:55:20	54	77	0
Mar 25, 2014 23:55:21	53	67	0
Mar 25, 2014 23:55:22	47	64	0
Mar 25, 2014 23:55:23	37	57	0
Mar 25, 2014 23:55:24	26	60	0
Mar 25, 2014 23:55:25	17	64	0
Mar 25, 2014 23:55:26	21	67	0
Mar 25, 2014 23:55:27	38	63	0
Mar 25, 2014 23:55:28	44	50	0
Mar 25, 2014 23:55:29	54	50	0
Mar 25, 2014 23:55:30	60	53	0
Mar 25, 2014 23:55:31	47	60	0
Mar 25, 2014 23:55:32	41	63	0
Mar 25, 2014 23:55:33	37	54	0
Mar 25, 2014 23:55:34	29	41	0
Mar 25, 2014 23:55:35	30	35	0
Mar 25, 2014 23:55:36	40	40	0
Mar 25, 2014 23:55:37	43	50	0
Mar 25, 2014 23:55:38	53	61	0
Mar 25, 2014 23:55:39	53	61	0
Mar 25, 2014 23:55:40	50	50	0
Mar 25, 2014 23:55:41	50	43	0
Mar 25, 2014 23:55:42	37	34	0
Mar 25, 2014 23:55:43	24	30	0
Mar 25, 2014 23:55:45	17	23	0
Mar 25, 2014 23:55:46	27	24	0
Mar 25, 2014 23:55:47	35	35	0
Mar 25, 2014 23:55:48	44	57	0
Mar 25, 2014 23:55:49	44	69	0
Mar 25, 2014 23:55:50	35	61	0
Mar 25, 2014 23:55:51	35	56	0
Mar 25, 2014 23:55:52	34	44	0
Mar 25, 2014 23:55:53	40	51	0
Mar 25, 2014 23:55:54	41	57	0
Mar 25, 2014 23:55:55	37	54	0
Mar 25, 2014 23:55:56	43	50	0
Mar 25, 2014 23:55:57	41	40	0
Mar 25, 2014 23:55:58	38	43	0
Mar 25, 2014 23:55:59	37	50	0
Mar 25, 2014 23:56:00	23	50	0
Mar 25, 2014 23:56:01	21	61	0
Mar 25, 2014 23:56:02	21	61	0
Mar 25, 2014 23:56:03	29	54	0
Mar 25, 2014 23:56:04	30	63	0
Mar 25, 2014 23:56:05	35	54	0
Mar 25, 2014 23:56:06	40	56	0
Mar 25, 2014 23:56:07	50	56	0
Mar 25, 2014 23:56:08	56	47	0
Mar 25, 2014 23:56:09	50	44	0
Mar 25, 2014 23:56:10	26	44	0
Mar 25, 2014 23:56:11	29	54	0
Mar 25, 2014 23:56:12	29	54	0
Mar 25, 2014 23:56:13	29	53	0
Mar 25, 2014 23:56:15	38	47	0
Mar 25, 2014 23:56:16	34	53	0
Mar 25, 2014 23:56:17	38	61	0
Mar 25, 2014 23:56:18	53	60	0
Mar 25, 2014 23:56:19	43	66	0
Mar 25, 2014 23:56:20	43	64	0
Mar 25, 2014 23:56:21	38	50	0
Mar 25, 2014 23:56:22	21	51	0
Mar 25, 2014 23:56:23	21	48	0
Mar 25, 2014 23:56:24	27	38	0
Mar 25, 2014 23:56:25	30	38	0
Mar 25, 2014 23:56:26	44	37	0
Mar 25, 2014 23:56:27	63	38	0
Mar 25, 2014 23:56:28	66	41	0
Mar 25, 2014 23:56:29	67	57	0
Mar 25, 2014 23:56:30	66	63	0
Mar 25, 2014 23:56:31	63	56	0
Mar 25, 2014 23:56:32	61	48	0
Mar 25, 2014 23:56:33	56	41	0
Mar 25, 2014 23:56:34	47	34	0
Mar 25, 2014 23:56:35	35	41	0
Mar 25, 2014 23:56:36	27	48	0
Mar 25, 2014 23:56:37	26	44	0
Mar 25, 2014 23:56:38	27	41	0
Mar 25, 2014 23:56:39	14	37	0
Mar 25, 2014 23:56:40	37	44	0
Mar 25, 2014 23:56:41	40	48	0
Mar 25, 2014 23:56:42	34	56	0
Mar 25, 2014 23:56:43	53	57	0
Mar 25, 2014 23:56:44	41	63	0
Mar 25, 2014 23:56:46	41	60	0
Mar 25, 2014 23:56:47	53	74	0
Mar 25, 2014 23:56:48	43	66	0
Mar 25, 2014 23:56:49	50	61	0
Mar 25, 2014 23:56:50	50	56	0
Mar 25, 2014 23:56:51	47	47	0
Mar 25, 2014 23:56:52	51	61	0
Mar 25, 2014 23:56:53	44	69	0
Mar 25, 2014 23:56:54	35	69	0
Mar 25, 2014 23:56:55	24	64	0
Mar 25, 2014 23:56:56	23	63	0
Mar 25, 2014 23:56:57	27	50	0
Mar 25, 2014 23:56:58	34	50	0
Mar 25, 2014 23:56:59	43	53	0
Mar 25, 2014 23:57:00	38	43	0
Mar 25, 2014 23:57:01	27	38	0
Mar 25, 2014 23:57:02	27	38	0
Mar 25, 2014 23:57:03	26	10	0
Mar 25, 2014 23:57:04	50	20	0
Mar 25, 2014 23:57:05	37	23	0
Mar 25, 2014 23:57:06	43	20	0
Mar 25, 2014 23:57:07	47	11	0
Mar 25, 2014 23:57:08	50	23	0
Mar 25, 2014 23:57:09	54	38	0
Mar 25, 2014 23:57:10	64	60	0
Mar 25, 2014 23:57:11	54	67	0
Mar 25, 2014 23:57:12	38	70	0
Mar 25, 2014 23:57:13	37	77	0
Mar 25, 2014 23:57:14	37	84	0
Mar 25, 2014 23:57:15	43	91	0
Mar 25, 2014 23:57:16	56	87	0
Mar 25, 2014 23:57:18	74	78	0
Mar 25, 2014 23:57:19	67	60	0
Mar 25, 2014 23:57:20	61	37	0
Mar 25, 2014 23:57:21	56	37	0
Mar 25, 2014 23:57:22	53	26	0
Mar 25, 2014 23:57:23	53	41	0
Mar 25, 2014 23:57:24	47	50	0
Mar 25, 2014 23:57:25	41	30	0
Mar 25, 2014 23:57:26	35	48	0
Mar 25, 2014 23:57:27	41	34	0
Mar 25, 2014 23:57:28	54	41	0
Mar 25, 2014 23:57:29	56	48	0
Mar 25, 2014 23:57:30	53	37	0
Mar 25, 2014 23:57:31	44	35	0
Mar 25, 2014 23:57:32	48	35	0
Mar 25, 2014 23:57:33	70	51	0
Mar 25, 2014 23:57:34	69	63	0
Mar 25, 2014 23:57:35	53	63	0
Mar 25, 2014 23:57:36	44	63	0
Mar 25, 2014 23:57:37	34	37	0
Mar 25, 2014 23:57:38	35	26	0
Mar 25, 2014 23:57:39	51	26	0
Mar 25, 2014 23:57:40	56	24	0
Mar 25, 2014 23:57:41	60	53	0
Mar 25, 2014 23:57:42	60	66	0
Mar 25, 2014 23:57:43	53	66	0
Mar 25, 2014 23:57:44	47	66	0
Mar 25, 2014 23:57:45	57	67	0
Mar 25, 2014 23:57:46	63	53	0
Mar 25, 2014 23:57:47	48	30	0
Mar 25, 2014 23:57:49	50	20	0
Mar 25, 2014 23:57:50	51	11	0
Mar 25, 2014 23:57:51	44	35	0
Mar 25, 2014 23:57:52	53	54	0
Mar 25, 2014 23:57:53	57	60	0
Mar 25, 2014 23:57:54	34	61	0
Mar 25, 2014 23:57:55	38	50	0
Mar 25, 2014 23:57:56	48	48	0
Mar 25, 2014 23:57:57	37	44	0
Mar 25, 2014 23:57:58	50	44	0
Mar 25, 2014 23:57:59	43	40	0
Mar 25, 2014 23:58:00	51	53	0
Mar 25, 2014 23:58:01	44	51	0
Mar 25, 2014 23:58:02	48	53	0
Mar 25, 2014 23:58:03	41	50	0
Mar 25, 2014 23:58:04	43	35	0
Mar 25, 2014 23:58:05	48	35	0
Mar 25, 2014 23:58:06	51	34	0
Mar 25, 2014 23:58:07	54	44	0
Mar 25, 2014 23:58:08	56	38	0
Mar 25, 2014 23:58:09	44	26	0
Mar 25, 2014 23:58:10	30	17	0
Mar 25, 2014 23:58:11	26	1	0
Mar 25, 2014 23:58:12	16	8	0
Mar 25, 2014 23:58:13	24	10	0
Mar 25, 2014 23:58:14	43	24	0
Mar 25, 2014 23:58:15	47	40	0
Mar 25, 2014 23:58:16	43	40	0
Mar 25, 2014 23:58:17	38	40	0
Mar 25, 2014 23:58:18	27	35	0
Mar 25, 2014 23:58:19	20	27	0
Mar 25, 2014 23:58:20	34	47	0
Mar 25, 2014 23:58:22	30	57	0
Mar 25, 2014 23:58:23	38	63	0
Mar 25, 2014 23:58:24	40	67	0
Mar 25, 2014 23:58:25	27	53	0
Mar 25, 2014 23:58:26	47	47	0
Mar 25, 2014 23:58:27	47	53	0
Mar 25, 2014 23:58:28	51	57	0
Mar 25, 2014 23:58:29	41	69	0
Mar 25, 2014 23:58:30	34	84	0
Mar 25, 2014 23:58:31	37	84	0
Mar 25, 2014 23:58:32	51	78	0
Mar 25, 2014 23:58:33	47	77	0
Mar 25, 2014 23:58:34	38	60	0
Mar 25, 2014 23:58:35	34	53	0
Mar 25, 2014 23:58:36	37	50	0
Mar 25, 2014 23:58:37	41	41	0
Mar 25, 2014 23:58:38	44	34	0
Mar 25, 2014 23:58:39	38	35	0
Mar 25, 2014 23:58:40	30	37	0
Mar 25, 2014 23:58:41	26	51	0
Mar 25, 2014 23:58:42	26	61	0
Mar 25, 2014 23:58:43	34	67	0
Mar 25, 2014 23:58:44	44	64	0
Mar 25, 2014 23:58:45	40	47	0
Mar 25, 2014 23:58:46	40	50	0
Mar 25, 2014 23:58:47	34	47	0
Mar 25, 2014 23:58:48	35	43	0
Mar 25, 2014 23:58:49	35	63	0
Mar 25, 2014 23:58:50	29	44	0
Mar 25, 2014 23:58:51	38	30	0
Mar 25, 2014 23:58:52	27	41	0
Mar 25, 2014 23:58:53	38	44	0
Mar 25, 2014 23:58:54	51	64	0
Mar 25, 2014 23:58:55	56	77	0
Mar 25, 2014 23:58:57	61	64	0
Mar 25, 2014 23:58:58	57	47	0
Mar 25, 2014 23:58:59	48	51	0
Mar 25, 2014 23:59:00	29	48	0
Mar 25, 2014 23:59:01	41	56	0
Mar 25, 2014 23:59:02	57	53	0
Mar 25, 2014 23:59:03	70	48	0
Mar 25, 2014 23:59:04	83	57	0
Mar 25, 2014 23:59:05	75	56	0
Mar 25, 2014 23:59:06	60	50	0
Mar 25, 2014 23:59:07	56	47	0
Mar 25, 2014 23:59:08	51	51	0
Mar 25, 2014 23:59:09	43	47	0
Mar 25, 2014 23:59:10	47	53	0
Mar 25, 2014 23:59:11	54	54	0
Mar 25, 2014 23:59:12	56	47	0
Mar 25, 2014 23:59:13	61	60	0
Mar 25, 2014 23:59:14	74	56	0
Mar 25, 2014 23:59:15	63	53	0
Mar 25, 2014 23:59:16	54	50	0
Mar 25, 2014 23:59:17	44	37	0
Mar 25, 2014 23:59:18	37	43	0
Mar 25, 2014 23:59:19	27	43	0
Mar 25, 2014 23:59:20	44	51	0
Mar 25, 2014 23:59:21	53	40	0
Mar 25, 2014 23:59:22	50	29	0
Mar 25, 2014 23:59:23	53	34	0
Mar 25, 2014 23:59:24	38	24	0
Mar 25, 2014 23:59:25	35	30	0
Mar 25, 2014 23:59:26	38	48	0
Mar 25, 2014 23:59:27	40	54	0
Mar 25, 2014 23:59:28	44	60	0
Mar 25, 2014 23:59:30	34	48	0
Mar 25, 2014 23:59:31	38	43	0
Mar 25, 2014 23:59:32	29	51	0
Mar 25, 2014 23:59:33	47	61	0
Mar 25, 2014 23:59:34	60	61	0
Mar 25, 2014 23:59:35	57	64	0
Mar 25, 2014 23:59:36	66	64	0
Mar 25, 2014 23:59:37	56	66	0
Mar 25, 2014 23:59:38	41	53	0
Mar 25, 2014 23:59:39	35	47	0
Mar 25, 2014 23:59:40	34	41	0
Mar 25, 2014 23:59:41	44	44	0
Mar 25, 2014 23:59:42	48	51	0
Mar 25, 2014 23:59:43	47	53	0
Mar 25, 2014 23:59:44	44	51	0
Mar 25, 2014 23:59:45	44	44	0
Mar 25, 2014 23:59:46	50	51	0
Mar 25, 2014 23:59:47	53	48	0
Mar 25, 2014 23:59:48	51	51	0
Mar 25, 2014 23:59:49	34	51	0
Mar 25, 2014 23:59:50	23	44	0
Mar 25, 2014 23:59:51	24	50	0
Mar 25, 2014 23:59:52	17	41	0
Mar 25, 2014 23:59:53	17	35	0
Mar 25, 2014 23:59:54	23	23	0
Mar 25, 2014 23:59:55	29	35	0
Mar 25, 2014 23:59:56	48	69	0
Mar 25, 2014 23:59:57	56	91	0
Mar 25, 2014 23:59:58	44	81	0
Mar 25, 2014 23:59:59	40	74	0
Mar 26, 2014 00:00:00	38	66	0
Mar 26, 2014 00:00:01	40	64	0
Mar 26, 2014 00:00:03	38	66	0
Mar 26, 2014 00:00:04	35	54	0
Mar 26, 2014 00:00:05	35	54	0
Mar 26, 2014 00:00:06	21	38	0
Mar 26, 2014 00:00:07	21	37	0
Mar 26, 2014 00:00:08	23	44	0
Mar 26, 2014 00:00:09	29	37	0
Mar 26, 2014 00:00:10	34	40	0
Mar 26, 2014 00:00:11	43	43	0
Mar 26, 2014 00:00:12	53	53	0
Mar 26, 2014 00:00:13	47	61	0
Mar 26, 2014 00:00:14	43	61	0
Mar 26, 2014 00:00:15	34	61	0
Mar 26, 2014 00:00:16	40	56	0
Mar 26, 2014 00:00:17	40	51	0
Mar 26, 2014 00:00:18	53	64	0
Mar 26, 2014 00:00:19	60	54	0
Mar 26, 2014 00:00:20	37	48	0
Mar 26, 2014 00:00:21	47	50	0
Mar 26, 2014 00:00:22	43	50	0
Mar 26, 2014 00:00:23	44	54	0
Mar 26, 2014 00:00:24	66	56	0
Mar 26, 2014 00:00:25	50	40	0
Mar 26, 2014 00:00:26	57	40	0
Mar 26, 2014 00:00:27	57	40	26
Mar 26, 2014 00:00:28	48	35	0
Mar 26, 2014 00:00:29	56	44	0
Mar 26, 2014 00:00:30	47	47	0
Mar 26, 2014 00:00:31	40	50	0
Mar 26, 2014 00:00:32	50	66	0
Mar 26, 2014 00:00:33	56	60	0
Mar 26, 2014 00:00:34	78	60	0
Mar 26, 2014 00:00:36	74	63	0
Mar 26, 2014 00:00:37	60	56	0
Mar 26, 2014 00:00:38	74	66	0
Mar 26, 2014 00:00:39	51	61	0
Mar 26, 2014 00:00:40	63	51	0
Mar 26, 2014 00:00:41	66	57	0
Mar 26, 2014 00:00:42	51	44	0
Mar 26, 2014 00:00:43	67	50	0
Mar 26, 2014 00:00:44	63	48	0
Mar 26, 2014 00:00:45	50	34	0
Mar 26, 2014 00:00:46	67	34	0
Mar 26, 2014 00:00:47	44	41	0
Mar 26, 2014 00:00:48	37	54	0
Mar 26, 2014 00:00:49	44	60	0
Mar 26, 2014 00:00:50	27	78	0
Mar 26, 2014 00:00:51	35	64	0
Mar 26, 2014 00:00:52	29	50	0
Mar 26, 2014 00:00:53	20	53	0
Mar 26, 2014 00:00:54	16	29	0
Mar 26, 2014 00:00:55	40	54	0
Mar 26, 2014 00:00:56	53	63	0
Mar 26, 2014 00:00:57	54	87	0
Mar 26, 2014 00:00:58	43	64	0
Mar 26, 2014 00:00:59	38	67	0
Mar 26, 2014 00:01:00	38	67	0
Mar 26, 2014 00:01:01	48	56	0
Mar 26, 2014 00:01:02	61	56	0
Mar 26, 2014 00:01:03	50	50	0
Mar 26, 2014 00:01:04	30	34	0
Mar 26, 2014 00:01:05	48	47	0
Mar 26, 2014 00:01:06	47	53	0
Mar 26, 2014 00:01:07	61	50	0
Mar 26, 2014 00:01:09	66	56	0
Mar 26, 2014 00:01:10	51	50	0
Mar 26, 2014 00:01:11	40	67	0
Mar 26, 2014 00:01:12	30	67	0
Mar 26, 2014 00:01:13	44	66	0
Mar 26, 2014 00:01:14	48	61	0
Mar 26, 2014 00:01:15	48	38	0
Mar 26, 2014 00:01:16	48	57	0
Mar 26, 2014 00:01:17	43	57	0
Mar 26, 2014 00:01:18	40	69	0
Mar 26, 2014 00:01:19	35	57	0
Mar 26, 2014 00:01:20	37	53	0
Mar 26, 2014 00:01:21	40	61	0
Mar 26, 2014 00:01:22	53	63	0
Mar 26, 2014 00:01:23	61	77	0
Mar 26, 2014 00:01:24	53	64	0
Mar 26, 2014 00:01:25	56	74	0
Mar 26, 2014 00:01:26	66	83	0
Mar 26, 2014 00:01:27	61	70	0
Mar 26, 2014 00:01:28	67	74	0
Mar 26, 2014 00:01:29	64	56	0
Mar 26, 2014 00:01:30	70	54	0
Mar 26, 2014 00:01:31	75	63	0
Mar 26, 2014 00:01:32	54	53	0
Mar 26, 2014 00:01:33	47	56	0
Mar 26, 2014 00:01:34	30	47	0
Mar 26, 2014 00:01:35	29	54	0
Mar 26, 2014 00:01:36	37	70	0
Mar 26, 2014 00:01:37	35	54	0
Mar 26, 2014 00:01:38	44	64	0
Mar 26, 2014 00:01:39	56	53	0
Mar 26, 2014 00:01:41	56	53	0
Mar 26, 2014 00:01:42	66	53	0
Mar 26, 2014 00:01:43	48	30	0
Mar 26, 2014 00:01:44	40	27	0
Mar 26, 2014 00:01:45	43	29	0
Mar 26, 2014 00:01:46	48	37	0
Mar 26, 2014 00:01:47	57	48	0
Mar 26, 2014 00:01:48	60	53	0
Mar 26, 2014 00:01:49	51	61	0
Mar 26, 2014 00:01:50	43	60	0
Mar 26, 2014 00:01:51	48	70	0
Mar 26, 2014 00:01:52	50	43	0
Mar 26, 2014 00:01:53	47	48	0
Mar 26, 2014 00:01:54	53	48	0
Mar 26, 2014 00:01:55	48	41	0
Mar 26, 2014 00:01:56	44	63	0
Mar 26, 2014 00:01:57	44	56	0
Mar 26, 2014 00:01:58	30	53	0
Mar 26, 2014 00:01:59	40	60	0
Mar 26, 2014 00:02:00	40	60	0
Mar 26, 2014 00:02:01	61	70	0
Mar 26, 2014 00:02:02	54	81	0
Mar 26, 2014 00:02:03	34	67	0
Mar 26, 2014 00:02:04	16	60	0
Mar 26, 2014 00:02:05	3	51	0
Mar 26, 2014 00:02:06	7	40	0
Mar 26, 2014 00:02:07	23	34	0
Mar 26, 2014 00:02:08	38	43	0
Mar 26, 2014 00:02:09	53	44	0
Mar 26, 2014 00:02:10	61	56	0
Mar 26, 2014 00:02:11	63	80	0
Mar 26, 2014 00:02:12	64	69	0
Mar 26, 2014 00:02:13	63	57	0
Mar 26, 2014 00:02:15	63	38	0
Mar 26, 2014 00:02:16	67	37	0
Mar 26, 2014 00:02:17	60	60	0
Mar 26, 2014 00:02:18	56	64	0
Mar 26, 2014 00:02:19	66	74	0
Mar 26, 2014 00:02:20	60	77	0
Mar 26, 2014 00:02:21	41	60	0
Mar 26, 2014 00:02:22	43	61	0
Mar 26, 2014 00:02:23	27	53	0
Mar 26, 2014 00:02:24	37	60	0
Mar 26, 2014 00:02:25	51	57	0
Mar 26, 2014 00:02:26	30	53	0
Mar 26, 2014 00:02:27	51	48	0
Mar 26, 2014 00:02:28	48	50	0
Mar 26, 2014 00:02:29	40	60	0
Mar 26, 2014 00:02:30	48	66	0
Mar 26, 2014 00:02:31	40	61	0
Mar 26, 2014 00:02:32	37	48	0
Mar 26, 2014 00:02:33	43	41	0
Mar 26, 2014 00:02:34	34	30	0
Mar 26, 2014 00:02:35	40	41	0
Mar 26, 2014 00:02:36	40	48	0
Mar 26, 2014 00:02:37	41	43	0
Mar 26, 2014 00:02:38	66	35	0
Mar 26, 2014 00:02:39	70	20	0
Mar 26, 2014 00:02:40	81	30	0
Mar 26, 2014 00:02:41	74	21	0
Mar 26, 2014 00:02:42	50	30	0
Mar 26, 2014 00:02:43	44	44	0
Mar 26, 2014 00:02:44	34	38	0
Mar 26, 2014 00:02:45	41	50	0
Mar 26, 2014 00:02:47	44	47	0
Mar 26, 2014 00:02:48	37	41	0
Mar 26, 2014 00:02:49	43	47	0
Mar 26, 2014 00:02:50	41	51	0
Mar 26, 2014 00:02:51	37	51	0
Mar 26, 2014 00:02:52	41	54	0
Mar 26, 2014 00:02:53	30	27	0
Mar 26, 2014 00:02:54	40	34	0
Mar 26, 2014 00:02:55	44	40	0
Mar 26, 2014 00:02:56	41	38	0
Mar 26, 2014 00:02:57	51	51	0
Mar 26, 2014 00:02:58	50	61	0
Mar 26, 2014 00:02:59	54	43	0
Mar 26, 2014 00:03:00	53	34	0
Mar 26, 2014 00:03:01	60	34	0
Mar 26, 2014 00:03:02	38	24	0
Mar 26, 2014 00:03:03	26	43	0
Mar 26, 2014 00:03:04	23	41	0
Mar 26, 2014 00:03:05	13	23	0
Mar 26, 2014 00:03:06	40	35	0
Mar 26, 2014 00:03:07	56	20	0
Mar 26, 2014 00:03:08	67	37	0
Mar 26, 2014 00:03:09	70	53	0
Mar 26, 2014 00:03:10	64	48	0
Mar 26, 2014 00:03:11	56	69	0
Mar 26, 2014 00:03:12	37	48	0
Mar 26, 2014 00:03:13	29	48	0
Mar 26, 2014 00:03:14	37	53	0
Mar 26, 2014 00:03:15	47	51	0
Mar 26, 2014 00:03:16	50	54	0
Mar 26, 2014 00:03:17	60	56	0
Mar 26, 2014 00:03:18	38	57	0
Mar 26, 2014 00:03:20	50	60	0
Mar 26, 2014 00:03:21	44	60	0
Mar 26, 2014 00:03:22	50	66	0
Mar 26, 2014 00:03:23	44	48	0
Mar 26, 2014 00:03:24	34	57	0
Mar 26, 2014 00:03:25	35	57	0
Mar 26, 2014 00:03:26	26	54	0
Mar 26, 2014 00:03:27	29	87	0
Mar 26, 2014 00:03:28	26	93	0
Mar 26, 2014 00:03:29	14	84	0
Mar 26, 2014 00:03:30	24	83	0
Mar 26, 2014 00:03:31	23	56	0
Mar 26, 2014 00:03:32	26	41	0
Mar 26, 2014 00:03:33	40	50	0
Mar 26, 2014 00:03:34	51	50	0
Mar 26, 2014 00:03:35	63	56	0
Mar 26, 2014 00:03:36	69	61	0
Mar 26, 2014 00:03:37	69	47	0
Mar 26, 2014 00:03:38	61	40	0
Mar 26, 2014 00:03:39	47	41	0
Mar 26, 2014 00:03:40	48	40	0
Mar 26, 2014 00:03:41	40	48	0
Mar 26, 2014 00:03:42	34	64	0
Mar 26, 2014 00:03:43	53	64	0
Mar 26, 2014 00:03:44	50	77	0
Mar 26, 2014 00:03:45	53	83	0
Mar 26, 2014 00:03:46	63	81	0
Mar 26, 2014 00:03:47	60	75	0
Mar 26, 2014 00:03:48	74	69	0
Mar 26, 2014 00:03:49	74	63	0
Mar 26, 2014 00:03:50	74	69	0
Mar 26, 2014 00:03:51	74	63	0
Mar 26, 2014 00:03:53	70	75	0
Mar 26, 2014 00:03:54	60	63	0
Mar 26, 2014 00:03:55	67	56	0
Mar 26, 2014 00:03:56	63	56	0
Mar 26, 2014 00:03:57	47	35	0
Mar 26, 2014 00:03:58	48	50	0
Mar 26, 2014 00:03:59	35	56	0
Mar 26, 2014 00:04:00	30	63	0
Mar 26, 2014 00:04:01	34	74	0
Mar 26, 2014 00:04:02	24	57	0
Mar 26, 2014 00:04:03	27	47	0
Mar 26, 2014 00:04:04	37	51	0
Mar 26, 2014 00:04:05	53	60	0
Mar 26, 2014 00:04:06	70	54	0
Mar 26, 2014 00:04:07	80	44	0
Mar 26, 2014 00:04:08	70	30	0
Mar 26, 2014 00:04:09	63	21	0
Mar 26, 2014 00:04:10	53	40	0
Mar 26, 2014 00:04:11	53	61	0
Mar 26, 2014 00:04:12	61	66	0
Mar 26, 2014 00:04:13	57	70	0
Mar 26, 2014 00:04:14	51	57	0
Mar 26, 2014 00:04:15	40	43	0
Mar 26, 2014 00:04:16	40	37	0
Mar 26, 2014 00:04:17	50	44	0
Mar 26, 2014 00:04:18	51	47	0
Mar 26, 2014 00:04:19	48	64	0
Mar 26, 2014 00:04:20	44	64	0
Mar 26, 2014 00:04:21	50	53	0
Mar 26, 2014 00:04:22	48	57	0
Mar 26, 2014 00:04:23	56	60	0
Mar 26, 2014 00:04:24	64	60	0
Mar 26, 2014 00:04:26	61	83	0
Mar 26, 2014 00:04:27	61	83	51
Mar 26, 2014 00:04:28	56	57	0
Mar 26, 2014 00:04:29	51	56	0
Mar 26, 2014 00:04:30	47	66	0
Mar 26, 2014 00:04:31	27	38	0
Mar 26, 2014 00:04:32	29	37	0
Mar 26, 2014 00:04:33	26	38	0
Mar 26, 2014 00:04:34	35	21	0
Mar 26, 2014 00:04:35	41	43	0
Mar 26, 2014 00:04:36	41	63	0
Mar 26, 2014 00:04:37	44	40	0
Mar 26, 2014 00:04:38	43	60	0
Mar 26, 2014 00:04:39	56	53	0
Mar 26, 2014 00:04:40	69	43	0
Mar 26, 2014 00:04:41	66	56	0
Mar 26, 2014 00:04:42	56	53	0
Mar 26, 2014 00:04:43	51	51	0
Mar 26, 2014 00:04:44	44	66	0
Mar 26, 2014 00:04:45	50	67	0
Mar 26, 2014 00:04:46	56	66	0
Mar 26, 2014 00:04:47	61	74	0
Mar 26, 2014 00:04:48	70	87	0
Mar 26, 2014 00:04:49	77	66	0
Mar 26, 2014 00:04:50	80	56	0
Mar 26, 2014 00:04:51	69	51	0
Mar 26, 2014 00:04:52	63	41	0
Mar 26, 2014 00:04:53	64	47	0
Mar 26, 2014 00:04:54	50	56	0
Mar 26, 2014 00:04:55	47	57	0
Mar 26, 2014 00:04:56	44	50	0
Mar 26, 2014 00:04:57	30	51	0
Mar 26, 2014 00:04:59	44	51	0
Mar 26, 2014 00:05:00	44	51	0
Mar 26, 2014 00:05:01	53	41	0
Mar 26, 2014 00:05:02	63	38	0
Mar 26, 2014 00:05:03	56	43	0
Mar 26, 2014 00:05:04	51	43	0
Mar 26, 2014 00:05:05	51	54	0
Mar 26, 2014 00:05:06	69	51	0
Mar 26, 2014 00:05:07	66	48	0
Mar 26, 2014 00:05:08	66	50	0
Mar 26, 2014 00:05:09	57	60	0
Mar 26, 2014 00:05:10	40	66	0
Mar 26, 2014 00:05:11	40	77	0
Mar 26, 2014 00:05:12	40	84	0
Mar 26, 2014 00:05:13	35	75	0
Mar 26, 2014 00:05:14	43	63	0
Mar 26, 2014 00:05:15	40	56	0
Mar 26, 2014 00:05:16	54	57	0
Mar 26, 2014 00:05:17	51	56	0
Mar 26, 2014 00:05:18	47	69	0
Mar 26, 2014 00:05:19	47	69	0
Mar 26, 2014 00:05:20	50	69	0
Mar 26, 2014 00:05:21	53	60	0
Mar 26, 2014 00:05:22	48	30	0
Mar 26, 2014 00:05:23	57	29	0
Mar 26, 2014 00:05:24	44	20	0
Mar 26, 2014 00:05:25	40	23	0
Mar 26, 2014 00:05:26	47	40	0
Mar 26, 2014 00:05:27	43	37	0
Mar 26, 2014 00:05:28	51	50	0
Mar 26, 2014 00:05:29	51	50	0
Mar 26, 2014 00:05:30	51	44	0
Mar 26, 2014 00:05:32	44	44	0
Mar 26, 2014 00:05:33	44	51	0
Mar 26, 2014 00:05:34	43	48	0
Mar 26, 2014 00:05:35	34	60	0
Mar 26, 2014 00:05:36	43	50	0
Mar 26, 2014 00:05:37	40	35	0
Mar 26, 2014 00:05:38	35	34	0
Mar 26, 2014 00:05:39	43	26	0
Mar 26, 2014 00:05:40	43	26	0
Mar 26, 2014 00:05:41	51	48	0
Mar 26, 2014 00:05:42	64	53	0
Mar 26, 2014 00:05:43	56	40	0
Mar 26, 2014 00:05:44	50	47	0
Mar 26, 2014 00:05:45	43	47	0
Mar 26, 2014 00:05:46	47	56	0
Mar 26, 2014 00:05:47	38	38	0
Mar 26, 2014 00:05:48	43	51	0
Mar 26, 2014 00:05:49	44	67	0
Mar 26, 2014 00:05:50	47	77	0
Mar 26, 2014 00:05:51	50	87	0
Mar 26, 2014 00:05:52	64	66	0
Mar 26, 2014 00:05:53	80	60	0
Mar 26, 2014 00:05:54	75	53	0
Mar 26, 2014 00:05:55	74	60	0
Mar 26, 2014 00:05:56	53	69	0
Mar 26, 2014 00:05:57	34	74	0
Mar 26, 2014 00:05:58	37	74	0
Mar 26, 2014 00:05:59	43	60	0
Mar 26, 2014 00:06:00	56	54	0
Mar 26, 2014 00:06:01	61	43	0
Mar 26, 2014 00:06:02	74	38	0
Mar 26, 2014 00:06:03	70	60	0
Mar 26, 2014 00:06:05	63	80	0
Mar 26, 2014 00:06:06	61	74	0
Mar 26, 2014 00:06:07	51	70	0
Mar 26, 2014 00:06:08	40	64	0
Mar 26, 2014 00:06:09	40	43	0
Mar 26, 2014 00:06:10	47	60	0
Mar 26, 2014 00:06:11	43	60	0
Mar 26, 2014 00:06:12	48	63	0
Mar 26, 2014 00:06:13	53	51	0
Mar 26, 2014 00:06:14	56	44	0
Mar 26, 2014 00:06:15	53	38	0
Mar 26, 2014 00:06:16	53	29	0
Mar 26, 2014 00:06:17	44	43	0
Mar 26, 2014 00:06:18	56	50	0
Mar 26, 2014 00:06:19	56	50	0
Mar 26, 2014 00:06:20	50	80	0
Mar 26, 2014 00:06:21	57	83	0
Mar 26, 2014 00:06:22	40	83	0
Mar 26, 2014 00:06:23	61	80	0
Mar 26, 2014 00:06:24	57	78	0
Mar 26, 2014 00:06:25	64	66	0
Mar 26, 2014 00:06:26	84	54	0
Mar 26, 2014 00:06:27	78	35	0
Mar 26, 2014 00:06:28	77	34	0
Mar 26, 2014 00:06:29	56	34	0
Mar 26, 2014 00:06:30	51	51	0
Mar 26, 2014 00:06:31	51	69	0
Mar 26, 2014 00:06:32	60	70	0
Mar 26, 2014 00:06:33	66	66	0
Mar 26, 2014 00:06:34	41	51	0
Mar 26, 2014 00:06:35	35	47	0
Mar 26, 2014 00:06:36	27	21	0
Mar 26, 2014 00:06:38	20	20	0
Mar 26, 2014 00:06:39	50	21	0
Mar 26, 2014 00:06:40	47	41	0
Mar 26, 2014 00:06:41	54	48	0
Mar 26, 2014 00:06:42	44	61	0
Mar 26, 2014 00:06:43	50	66	0
Mar 26, 2014 00:06:44	60	70	0
Mar 26, 2014 00:06:45	48	70	0
Mar 26, 2014 00:06:46	60	57	0
Mar 26, 2014 00:06:47	67	51	0
Mar 26, 2014 00:06:48	50	54	0
Mar 26, 2014 00:06:49	69	70	0
Mar 26, 2014 00:06:50	54	69	0
Mar 26, 2014 00:06:51	41	74	0
Mar 26, 2014 00:06:52	67	64	0
Mar 26, 2014 00:06:53	57	50	0
Mar 26, 2014 00:06:54	48	44	0
Mar 26, 2014 00:06:55	43	50	0
Mar 26, 2014 00:06:56	35	56	0
Mar 26, 2014 00:06:57	48	50	0
Mar 26, 2014 00:06:58	60	60	0
Mar 26, 2014 00:06:59	64	43	0
Mar 26, 2014 00:07:00	50	29	0
Mar 26, 2014 00:07:01	38	41	0
Mar 26, 2014 00:07:02	29	40	0
Mar 26, 2014 00:07:03	30	56	0
Mar 26, 2014 00:07:04	43	57	0
Mar 26, 2014 00:07:05	54	56	0
Mar 26, 2014 00:07:06	56	54	0
Mar 26, 2014 00:07:07	66	44	0
Mar 26, 2014 00:07:08	51	51	0
Mar 26, 2014 00:07:10	54	38	0
Mar 26, 2014 00:07:11	54	40	0
Mar 26, 2014 00:07:12	60	34	0
Mar 26, 2014 00:07:13	67	47	0
Mar 26, 2014 00:07:14	77	57	0
Mar 26, 2014 00:07:15	60	44	0
Mar 26, 2014 00:07:16	67	44	0
Mar 26, 2014 00:07:17	56	41	0
Mar 26, 2014 00:07:18	53	40	0
Mar 26, 2014 00:07:19	60	43	0
Mar 26, 2014 00:07:20	47	50	0
Mar 26, 2014 00:07:21	48	29	0
Mar 26, 2014 00:07:22	40	27	0
Mar 26, 2014 00:07:23	47	35	0
Mar 26, 2014 00:07:24	53	29	0
Mar 26, 2014 00:07:25	47	34	0
Mar 26, 2014 00:07:26	41	30	0
Mar 26, 2014 00:07:27	41	29	0
Mar 26, 2014 00:07:28	24	27	0
Mar 26, 2014 00:07:29	34	40	0
Mar 26, 2014 00:07:30	43	44	0
Mar 26, 2014 00:07:31	47	57	0
Mar 26, 2014 00:07:32	54	80	0
Mar 26, 2014 00:07:33	61	78	0
Mar 26, 2014 00:07:34	70	77	0
Mar 26, 2014 00:07:35	64	44	0
Mar 26, 2014 00:07:36	54	26	0
Mar 26, 2014 00:07:37	54	26	25
Mar 26, 2014 00:07:38	38	17	0
Mar 26, 2014 00:07:39	48	14	0
Mar 26, 2014 00:07:40	64	26	0
Mar 26, 2014 00:07:42	70	26	0
Mar 26, 2014 00:07:43	80	43	0
Mar 26, 2014 00:07:44	50	29	0
Mar 26, 2014 00:07:45	48	14	0
Mar 26, 2014 00:07:46	60	30	0
Mar 26, 2014 00:07:47	60	30	51
Mar 26, 2014 00:07:48	60	30	51
Mar 26, 2014 00:07:49	60	30	51
Mar 26, 2014 00:07:50	60	30	25
Mar 26, 2014 00:07:51	48	27	0
Mar 26, 2014 00:07:52	63	34	0
Mar 26, 2014 00:07:53	61	43	0
Mar 26, 2014 00:07:54	50	50	0
Mar 26, 2014 00:07:55	60	48	0
Mar 26, 2014 00:07:56	63	57	0
Mar 26, 2014 00:07:57	64	66	0
Mar 26, 2014 00:07:58	69	60	0
Mar 26, 2014 00:07:59	64	60	0
Mar 26, 2014 00:08:00	61	60	0
Mar 26, 2014 00:08:01	61	41	0
Mar 26, 2014 00:08:02	54	40	0
Mar 26, 2014 00:08:03	60	47	0
Mar 26, 2014 00:08:04	44	56	0
Mar 26, 2014 00:08:05	54	51	0
Mar 26, 2014 00:08:06	50	38	0
Mar 26, 2014 00:08:07	54	44	0
Mar 26, 2014 00:08:08	60	34	0
Mar 26, 2014 00:08:09	44	37	0
Mar 26, 2014 00:08:10	48	43	0
Mar 26, 2014 00:08:11	47	40	0
Mar 26, 2014 00:08:12	51	51	0
Mar 26, 2014 00:08:13	53	41	0
Mar 26, 2014 00:08:15	63	43	0
Mar 26, 2014 00:08:16	64	40	0
Mar 26, 2014 00:08:17	63	38	0
Mar 26, 2014 00:08:18	64	57	0
Mar 26, 2014 00:08:19	50	48	0
Mar 26, 2014 00:08:20	56	56	0
Mar 26, 2014 00:08:21	41	53	0
Mar 26, 2014 00:08:22	51	34	0
Mar 26, 2014 00:08:23	57	44	0
Mar 26, 2014 00:08:24	56	30	0
Mar 26, 2014 00:08:25	67	16	0
Mar 26, 2014 00:08:26	69	20	0
Mar 26, 2014 00:08:27	70	17	0
Mar 26, 2014 00:08:28	78	21	0
Mar 26, 2014 00:08:29	67	38	0
Mar 26, 2014 00:08:30	53	40	0
Mar 26, 2014 00:08:31	50	50	0
Mar 26, 2014 00:08:32	47	60	0
Mar 26, 2014 00:08:33	54	80	0
Mar 26, 2014 00:08:34	53	80	0
Mar 26, 2014 00:08:35	47	91	0
Mar 26, 2014 00:08:36	60	83	0
Mar 26, 2014 00:08:37	40	53	0
Mar 26, 2014 00:08:38	40	53	0
Mar 26, 2014 00:08:39	41	24	0
Mar 26, 2014 00:08:40	44	26	0
Mar 26, 2014 00:08:41	64	44	0
Mar 26, 2014 00:08:42	63	56	0
Mar 26, 2014 00:08:43	69	70	0
Mar 26, 2014 00:08:44	56	77	0
Mar 26, 2014 00:08:45	63	83	0
Mar 26, 2014 00:08:46	66	67	0
Mar 26, 2014 00:08:48	83	51	0
Mar 26, 2014 00:08:49	87	47	0
Mar 26, 2014 00:08:50	83	29	0
Mar 26, 2014 00:08:51	83	41	0
Mar 26, 2014 00:08:52	75	44	0
Mar 26, 2014 00:08:53	66	47	0
Mar 26, 2014 00:08:54	67	63	0
Mar 26, 2014 00:08:55	74	47	0
Mar 26, 2014 00:08:56	81	50	0
Mar 26, 2014 00:08:57	80	27	0
Mar 26, 2014 00:08:58	70	27	0
Mar 26, 2014 00:08:59	78	29	0
Mar 26, 2014 00:09:00	75	37	0
Mar 26, 2014 00:09:01	83	69	0
Mar 26, 2014 00:09:02	81	75	0
Mar 26, 2014 00:09:03	64	66	0
Mar 26, 2014 00:09:04	60	41	0
Mar 26, 2014 00:09:05	64	20	0
Mar 26, 2014 00:09:06	56	34	0
Mar 26, 2014 00:09:07	47	48	0
Mar 26, 2014 00:09:08	41	60	0
Mar 26, 2014 00:09:09	34	69	0
Mar 26, 2014 00:09:10	44	61	0
Mar 26, 2014 00:09:11	51	69	0
Mar 26, 2014 00:09:12	66	74	0
Mar 26, 2014 00:09:13	77	81	0
Mar 26, 2014 00:09:14	75	75	0
Mar 26, 2014 00:09:15	75	63	0
Mar 26, 2014 00:09:16	69	53	0
Mar 26, 2014 00:09:17	74	44	0
Mar 26, 2014 00:09:18	63	43	0
Mar 26, 2014 00:09:19	69	43	0
Mar 26, 2014 00:09:20	77	51	0
Mar 26, 2014 00:09:21	74	47	0
Mar 26, 2014 00:09:23	80	51	0
Mar 26, 2014 00:09:24	70	48	0
Mar 26, 2014 00:09:25	66	51	0
Mar 26, 2014 00:09:26	60	56	0
Mar 26, 2014 00:09:27	48	53	0
Mar 26, 2014 00:09:28	60	51	0
Mar 26, 2014 00:09:29	44	40	0
Mar 26, 2014 00:09:30	53	43	0
Mar 26, 2014 00:09:31	53	48	0
Mar 26, 2014 00:09:32	48	50	0
Mar 26, 2014 00:09:33	77	50	0
Mar 26, 2014 00:09:34	87	48	0
Mar 26, 2014 00:09:35	84	57	0
Mar 26, 2014 00:09:36	77	66	0
Mar 26, 2014 00:09:37	66	75	0
Mar 26, 2014 00:09:38	69	81	0
Mar 26, 2014 00:09:39	60	67	0
Mar 26, 2014 00:09:40	48	54	0
Mar 26, 2014 00:09:41	40	38	0
Mar 26, 2014 00:09:42	27	24	0
Mar 26, 2014 00:09:43	27	21	0
Mar 26, 2014 00:09:44	27	23	0
Mar 26, 2014 00:09:45	41	30	0
Mar 26, 2014 00:09:46	51	38	0
Mar 26, 2014 00:09:47	64	40	0
Mar 26, 2014 00:09:48	66	63	0
Mar 26, 2014 00:09:49	66	69	0
Mar 26, 2014 00:09:50	67	88	0
Mar 26, 2014 00:09:51	56	87	0
Mar 26, 2014 00:09:52	51	57	0
Mar 26, 2014 00:09:53	37	44	0
Mar 26, 2014 00:09:54	44	23	0
Mar 26, 2014 00:09:55	50	29	0
Mar 26, 2014 00:09:56	66	54	0
Mar 26, 2014 00:09:58	83	54	0
Mar 26, 2014 00:09:59	69	60	0
Mar 26, 2014 00:10:00	74	53	0
Mar 26, 2014 00:10:01	60	37	0
Mar 26, 2014 00:10:02	40	38	0
Mar 26, 2014 00:10:03	38	51	0
Mar 26, 2014 00:10:04	40	43	0
Mar 26, 2014 00:10:05	35	40	0
Mar 26, 2014 00:10:06	51	44	0
Mar 26, 2014 00:10:07	50	43	0
Mar 26, 2014 00:10:08	54	50	0
Mar 26, 2014 00:10:09	63	38	0
Mar 26, 2014 00:10:10	56	44	0
Mar 26, 2014 00:10:11	44	41	0
Mar 26, 2014 00:10:12	38	51	0
Mar 26, 2014 00:10:13	27	63	0
Mar 26, 2014 00:10:14	23	75	0
Mar 26, 2014 00:10:15	38	67	0
Mar 26, 2014 00:10:16	44	66	0
Mar 26, 2014 00:10:17	57	50	0
Mar 26, 2014 00:10:18	57	29	0
Mar 26, 2014 00:10:19	41	26	0
Mar 26, 2014 00:10:20	43	27	0
Mar 26, 2014 00:10:21	37	51	0
Mar 26, 2014 00:10:22	30	57	0
Mar 26, 2014 00:10:23	51	66	0
Mar 26, 2014 00:10:24	53	60	0
Mar 26, 2014 00:10:25	61	51	0
Mar 26, 2014 00:10:26	84	35	0
Mar 26, 2014 00:10:27	80	27	0
Mar 26, 2014 00:10:28	75	27	0
Mar 26, 2014 00:10:29	61	23	0
Mar 26, 2014 00:10:31	60	43	0
Mar 26, 2014 00:10:32	61	54	0
Mar 26, 2014 00:10:33	63	60	0
Mar 26, 2014 00:10:34	53	64	0
Mar 26, 2014 00:10:35	70	66	0
Mar 26, 2014 00:10:36	57	61	0
Mar 26, 2014 00:10:37	67	61	0
Mar 26, 2014 00:10:38	74	51	0
Mar 26, 2014 00:10:39	66	61	0
Mar 26, 2014 00:10:40	74	54	0
Mar 26, 2014 00:10:41	57	50	0
Mar 26, 2014 00:10:42	47	50	0
Mar 26, 2014 00:10:43	47	54	0
Mar 26, 2014 00:10:44	53	64	0
Mar 26, 2014 00:10:45	53	74	0
Mar 26, 2014 00:10:46	60	90	0
Mar 26, 2014 00:10:47	48	90	0
Mar 26, 2014 00:10:48	43	83	0
Mar 26, 2014 00:10:49	41	70	0
Mar 26, 2014 00:10:50	37	66	0
Mar 26, 2014 00:10:51	35	47	0
Mar 26, 2014 00:10:52	26	50	0
Mar 26, 2014 00:10:53	44	54	0
Mar 26, 2014 00:10:54	43	56	0
Mar 26, 2014 00:10:55	43	53	0
Mar 26, 2014 00:10:56	38	44	0
Mar 26, 2014 00:10:57	21	44	0
Mar 26, 2014 00:10:58	23	40	0
Mar 26, 2014 00:10:59	34	57	0
Mar 26, 2014 00:11:00	34	56	0
Mar 26, 2014 00:11:01	48	50	0
Mar 26, 2014 00:11:02	40	23	0
Mar 26, 2014 00:11:03	40	23	26
Mar 26, 2014 00:11:04	53	34	0
Mar 26, 2014 00:11:06	53	34	26
Mar 26, 2014 00:11:07	53	34	26
Mar 26, 2014 00:11:08	35	30	0
Mar 26, 2014 00:11:09	44	27	0
Mar 26, 2014 00:11:10	50	57	0
Mar 26, 2014 00:11:11	35	40	0
Mar 26, 2014 00:11:12	47	61	0
Mar 26, 2014 00:11:13	38	61	0
Mar 26, 2014 00:11:14	35	64	0
Mar 26, 2014 00:11:15	47	75	0
Mar 26, 2014 00:11:16	54	60	0
Mar 26, 2014 00:11:17	50	69	0
Mar 26, 2014 00:11:18	48	64	0
Mar 26, 2014 00:11:19	53	69	0
Mar 26, 2014 00:11:20	50	64	0
Mar 26, 2014 00:11:21	56	63	0
Mar 26, 2014 00:11:22	57	48	0
Mar 26, 2014 00:11:23	50	40	0
Mar 26, 2014 00:11:24	40	61	0
Mar 26, 2014 00:11:25	40	53	0
Mar 26, 2014 00:11:26	50	61	0
Mar 26, 2014 00:11:27	43	50	0
Mar 26, 2014 00:11:28	53	29	0
Mar 26, 2014 00:11:29	48	20	0
Mar 26, 2014 00:11:30	35	30	0
Mar 26, 2014 00:11:31	50	50	0
Mar 26, 2014 00:11:32	64	64	0
Mar 26, 2014 00:11:33	64	50	0
Mar 26, 2014 00:11:34	56	43	0
Mar 26, 2014 00:11:35	38	23	0
Mar 26, 2014 00:11:36	50	37	0
Mar 26, 2014 00:11:37	50	37	0
Mar 26, 2014 00:11:38	44	38	0
Mar 26, 2014 00:11:39	51	67	0
Mar 26, 2014 00:11:41	48	66	0
Mar 26, 2014 00:11:42	50	66	0
Mar 26, 2014 00:11:43	63	63	0
Mar 26, 2014 00:11:44	63	51	0
Mar 26, 2014 00:11:45	60	48	0
Mar 26, 2014 00:11:46	50	44	0
Mar 26, 2014 00:11:47	54	50	0
Mar 26, 2014 00:11:48	53	60	0
Mar 26, 2014 00:11:49	51	56	0
Mar 26, 2014 00:11:50	63	64	0
Mar 26, 2014 00:11:51	66	61	0
Mar 26, 2014 00:11:52	56	43	0
Mar 26, 2014 00:11:53	64	44	0
Mar 26, 2014 00:11:54	54	21	0
Mar 26, 2014 00:11:55	43	20	0
Mar 26, 2014 00:11:56	51	30	0
Mar 26, 2014 00:11:57	44	41	0
Mar 26, 2014 00:11:58	51	54	0
Mar 26, 2014 00:11:59	54	48	0
Mar 26, 2014 00:12:00	54	48	26
Mar 26, 2014 00:12:01	54	48	26
Mar 26, 2014 00:12:02	50	11	0
Mar 26, 2014 00:12:03	40	7	0
Mar 26, 2014 00:12:04	43	24	0
Mar 26, 2014 00:12:05	38	44	0
Mar 26, 2014 00:12:06	38	54	0
Mar 26, 2014 00:12:07	41	56	0
Mar 26, 2014 00:12:08	48	50	0
Mar 26, 2014 00:12:09	41	41	0
Mar 26, 2014 00:12:10	48	41	0
Mar 26, 2014 00:12:11	53	54	0
Mar 26, 2014 00:12:12	56	66	0
Mar 26, 2014 00:12:13	63	75	0
Mar 26, 2014 00:12:15	60	64	0
Mar 26, 2014 00:12:16	51	57	0
Mar 26, 2014 00:12:17	30	50	0
Mar 26, 2014 00:12:18	44	48	0
Mar 26, 2014 00:12:19	47	48	0
Mar 26, 2014 00:12:20	44	41	0
Mar 26, 2014 00:12:21	67	48	0
Mar 26, 2014 00:12:22	56	50	0
Mar 26, 2014 00:12:23	57	57	0
Mar 26, 2014 00:12:24	77	64	0
Mar 26, 2014 00:12:25	61	69	0
Mar 26, 2014 00:12:26	77	77	0
Mar 26, 2014 00:12:27	64	54	0
Mar 26, 2014 00:12:28	54	54	0
Mar 26, 2014 00:12:29	63	51	0
Mar 26, 2014 00:12:30	51	43	0
Mar 26, 2014 00:12:31	66	64	0
Mar 26, 2014 00:12:32	75	64	0
Mar 26, 2014 00:12:33	77	70	0
Mar 26, 2014 00:12:34	63	57	0
Mar 26, 2014 00:12:35	61	47	0
Mar 26, 2014 00:12:36	41	40	0
Mar 26, 2014 00:12:37	41	40	0
Mar 26, 2014 00:12:38	41	48	0
Mar 26, 2014 00:12:39	35	53	0
Mar 26, 2014 00:12:40	48	67	0
Mar 26, 2014 00:12:41	61	63	0
Mar 26, 2014 00:12:42	56	47	0
Mar 26, 2014 00:12:43	50	50	0
Mar 26, 2014 00:12:44	54	40	0
Mar 26, 2014 00:12:45	66	30	0
Mar 26, 2014 00:12:46	66	40	0
Mar 26, 2014 00:12:47	74	40	0
Mar 26, 2014 00:12:49	66	44	0
Mar 26, 2014 00:12:50	57	57	0
Mar 26, 2014 00:12:51	63	48	0
Mar 26, 2014 00:12:52	61	61	0
Mar 26, 2014 00:12:53	54	70	0
Mar 26, 2014 00:12:54	56	78	0
Mar 26, 2014 00:12:55	54	90	0
Mar 26, 2014 00:12:56	56	69	0
Mar 26, 2014 00:12:57	63	63	0
Mar 26, 2014 00:12:58	53	53	0
Mar 26, 2014 00:12:59	53	60	0
Mar 26, 2014 00:13:00	50	64	0
Mar 26, 2014 00:13:01	48	63	0
Mar 26, 2014 00:13:02	56	77	0
Mar 26, 2014 00:13:03	60	77	0
Mar 26, 2014 00:13:04	53	78	0
Mar 26, 2014 00:13:05	47	61	0
Mar 26, 2014 00:13:06	50	57	0
Mar 26, 2014 00:13:07	43	61	0
Mar 26, 2014 00:13:08	41	57	0
Mar 26, 2014 00:13:09	27	64	0
Mar 26, 2014 00:13:10	21	51	0
Mar 26, 2014 00:13:11	30	37	0
Mar 26, 2014 00:13:12	37	38	0
Mar 26, 2014 00:13:13	40	50	0
Mar 26, 2014 00:13:14	50	57	0
Mar 26, 2014 00:13:15	48	70	0
Mar 26, 2014 00:13:16	51	63	0
Mar 26, 2014 00:13:17	51	63	0
Mar 26, 2014 00:13:18	44	41	0
Mar 26, 2014 00:13:19	44	43	0
Mar 26, 2014 00:13:20	48	51	0
Mar 26, 2014 00:13:21	53	48	0
Mar 26, 2014 00:13:22	69	44	0
Mar 26, 2014 00:13:23	78	37	0
Mar 26, 2014 00:13:25	70	23	0
Mar 26, 2014 00:13:26	67	13	0
Mar 26, 2014 00:13:27	67	21	0
Mar 26, 2014 00:13:28	67	23	0
Mar 26, 2014 00:13:29	70	29	0
Mar 26, 2014 00:13:30	77	51	0
Mar 26, 2014 00:13:31	64	61	0
Mar 26, 2014 00:13:32	61	64	0
Mar 26, 2014 00:13:33	64	63	0
Mar 26, 2014 00:13:34	67	30	0
Mar 26, 2014 00:13:35	53	24	0
Mar 26, 2014 00:13:36	41	27	0
Mar 26, 2014 00:13:37	37	23	0
Mar 26, 2014 00:13:38	34	34	0
Mar 26, 2014 00:13:39	50	50	0
Mar 26, 2014 00:13:40	63	60	0
Mar 26, 2014 00:13:41	51	61	0
Mar 26, 2014 00:13:42	50	66	0
Mar 26, 2014 00:13:43	34	53	0
Mar 26, 2014 00:13:44	27	48	0
Mar 26, 2014 00:13:45	40	41	0
Mar 26, 2014 00:13:46	50	40	0
Mar 26, 2014 00:13:47	53	47	0
Mar 26, 2014 00:13:48	40	60	0
Mar 26, 2014 00:13:49	38	80	0
Mar 26, 2014 00:13:50	47	90	0
Mar 26, 2014 00:13:51	47	83	0
Mar 26, 2014 00:13:52	66	84	0
Mar 26, 2014 00:13:53	56	63	0
Mar 26, 2014 00:13:54	53	60	0
Mar 26, 2014 00:13:55	56	60	0
Mar 26, 2014 00:13:56	43	27	0
Mar 26, 2014 00:13:57	60	37	0
Mar 26, 2014 00:13:58	53	37	0
Mar 26, 2014 00:13:59	57	51	0
Mar 26, 2014 00:14:01	56	50	0
Mar 26, 2014 00:14:02	40	41	0
Mar 26, 2014 00:14:03	47	41	0
Mar 26, 2014 00:14:04	51	50	0
Mar 26, 2014 00:14:05	44	57	0
Mar 26, 2014 00:14:06	40	43	0
Mar 26, 2014 00:14:07	30	40	0
Mar 26, 2014 00:14:08	41	43	0
Mar 26, 2014 00:14:09	43	47	0
Mar 26, 2014 00:14:10	54	53	0
Mar 26, 2014 00:14:11	54	53	0
Mar 26, 2014 00:14:12	51	43	0
Mar 26, 2014 00:14:13	61	40	0
Mar 26, 2014 00:14:14	50	63	0
Mar 26, 2014 00:14:15	48	50	0
Mar 26, 2014 00:14:16	60	53	0
Mar 26, 2014 00:14:17	47	56	0
Mar 26, 2014 00:14:18	48	37	0
Mar 26, 2014 00:14:19	41	43	0
Mar 26, 2014 00:14:20	40	40	0
Mar 26, 2014 00:14:21	48	50	0
Mar 26, 2014 00:14:22	56	51	0
Mar 26, 2014 00:14:23	57	50	0
Mar 26, 2014 00:14:24	57	64	0
Mar 26, 2014 00:14:25	60	51	0
Mar 26, 2014 00:14:26	50	47	0
Mar 26, 2014 00:14:27	69	44	0
Mar 26, 2014 00:14:28	57	40	0
Mar 26, 2014 00:14:29	56	41	0
Mar 26, 2014 00:14:30	57	43	0
Mar 26, 2014 00:14:31	38	67	0
Mar 26, 2014 00:14:32	38	69	0
Mar 26, 2014 00:14:33	29	80	0
Mar 26, 2014 00:14:34	43	70	0
Mar 26, 2014 00:14:35	38	74	0
Mar 26, 2014 00:14:37	35	47	0
Mar 26, 2014 00:14:38	35	47	26
Mar 26, 2014 00:14:39	35	47	26
Mar 26, 2014 00:14:40	24	56	0
Mar 26, 2014 00:14:41	27	37	0
Mar 26, 2014 00:14:42	44	40	0
Mar 26, 2014 00:14:43	44	41	0
Mar 26, 2014 00:14:44	38	27	0
Mar 26, 2014 00:14:45	43	47	0
Mar 26, 2014 00:14:46	30	30	0
Mar 26, 2014 00:14:47	43	54	0
Mar 26, 2014 00:14:48	57	56	0
Mar 26, 2014 00:14:49	51	53	0
Mar 26, 2014 00:14:50	66	53	0
Mar 26, 2014 00:14:51	70	41	0
Mar 26, 2014 00:14:52	64	48	0
Mar 26, 2014 00:14:53	70	47	0
Mar 26, 2014 00:14:54	60	44	0
Mar 26, 2014 00:14:55	60	57	0
Mar 26, 2014 00:14:56	56	56	0
Mar 26, 2014 00:14:57	51	60	0
Mar 26, 2014 00:14:58	54	69	0
Mar 26, 2014 00:14:59	34	41	0
Mar 26, 2014 00:15:00	30	35	0
Mar 26, 2014 00:15:01	24	37	0
Mar 26, 2014 00:15:02	24	26	0
Mar 26, 2014 00:15:03	29	53	0
Mar 26, 2014 00:15:04	40	66	0
Mar 26, 2014 00:15:05	41	74	0
Mar 26, 2014 00:15:06	51	80	0
Mar 26, 2014 00:15:07	48	77	0
Mar 26, 2014 00:15:08	37	70	0
Mar 26, 2014 00:15:09	56	74	0
Mar 26, 2014 00:15:11	66	63	0
Mar 26, 2014 00:15:12	64	60	0
Mar 26, 2014 00:15:13	67	61	0
Mar 26, 2014 00:15:14	64	48	0
Mar 26, 2014 00:15:15	38	40	0
Mar 26, 2014 00:15:16	44	43	0
Mar 26, 2014 00:15:17	44	54	0
Mar 26, 2014 00:15:18	48	63	0
Mar 26, 2014 00:15:19	50	66	0
Mar 26, 2014 00:15:20	37	51	0
Mar 26, 2014 00:15:21	26	53	0
Mar 26, 2014 00:15:22	10	47	0
Mar 26, 2014 00:15:23	23	54	0
Mar 26, 2014 00:15:24	27	69	0
Mar 26, 2014 00:15:25	38	67	0
Mar 26, 2014 00:15:26	35	77	0
Mar 26, 2014 00:15:27	35	87	0
Mar 26, 2014 00:15:28	43	81	0
Mar 26, 2014 00:15:29	27	83	0
Mar 26, 2014 00:15:30	35	84	0
Mar 26, 2014 00:15:31	34	64	0
Mar 26, 2014 00:15:32	30	64	0
Mar 26, 2014 00:15:33	51	66	0
Mar 26, 2014 00:15:34	63	69	0
Mar 26, 2014 00:15:35	66	83	0
Mar 26, 2014 00:15:36	69	77	0
Mar 26, 2014 00:15:37	60	69	0
Mar 26, 2014 00:15:38	54	63	0
Mar 26, 2014 00:15:39	43	56	0
Mar 26, 2014 00:15:40	34	51	0
Mar 26, 2014 00:15:41	40	43	0
Mar 26, 2014 00:15:42	37	47	0
Mar 26, 2014 00:15:43	41	41	0
Mar 26, 2014 00:15:44	47	43	0
Mar 26, 2014 00:15:46	37	51	0
Mar 26, 2014 00:15:47	47	54	0
Mar 26, 2014 00:15:48	53	66	0
Mar 26, 2014 00:15:49	64	67	0
Mar 26, 2014 00:15:50	57	64	0
Mar 26, 2014 00:15:51	54	75	0
Mar 26, 2014 00:15:52	43	75	0
Mar 26, 2014 00:15:53	44	83	0
Mar 26, 2014 00:15:54	54	88	0
Mar 26, 2014 00:15:55	64	81	0
Mar 26, 2014 00:15:56	67	75	0
Mar 26, 2014 00:15:57	64	67	0
Mar 26, 2014 00:15:58	57	67	0
Mar 26, 2014 00:15:59	41	56	0
Mar 26, 2014 00:16:00	38	56	0
Mar 26, 2014 00:16:01	35	57	0
Mar 26, 2014 00:16:02	43	66	0
Mar 26, 2014 00:16:03	50	57	0
Mar 26, 2014 00:16:04	63	63	0
Mar 26, 2014 00:16:05	50	54	0
Mar 26, 2014 00:16:06	60	74	0
Mar 26, 2014 00:16:07	60	70	0
Mar 26, 2014 00:16:08	60	75	0
Mar 26, 2014 00:16:09	80	81	0
Mar 26, 2014 00:16:10	66	70	0
Mar 26, 2014 00:16:11	54	69	0
Mar 26, 2014 00:16:12	60	69	0
Mar 26, 2014 00:16:13	56	57	0
Mar 26, 2014 00:16:14	67	63	0
Mar 26, 2014 00:16:15	67	56	0
Mar 26, 2014 00:16:16	67	56	0
Mar 26, 2014 00:16:17	56	64	0
Mar 26, 2014 00:16:18	38	74	0
Mar 26, 2014 00:16:19	37	69	0
Mar 26, 2014 00:16:21	26	69	0
Mar 26, 2014 00:16:22	34	60	0
Mar 26, 2014 00:16:23	43	57	0
Mar 26, 2014 00:16:24	56	77	0
Mar 26, 2014 00:16:25	64	78	0
Mar 26, 2014 00:16:26	63	90	0
Mar 26, 2014 00:16:27	50	96	0
Mar 26, 2014 00:16:28	47	96	0
Mar 26, 2014 00:16:29	41	93	0
Mar 26, 2014 00:16:30	43	94	0
Mar 26, 2014 00:16:31	54	78	0
Mar 26, 2014 00:16:32	44	64	0
Mar 26, 2014 00:16:33	43	57	0
Mar 26, 2014 00:16:34	51	57	0
Mar 26, 2014 00:16:35	63	77	0
Mar 26, 2014 00:16:36	67	74	0
Mar 26, 2014 00:16:37	51	70	0
Mar 26, 2014 00:16:38	40	66	0
Mar 26, 2014 00:16:39	37	63	0
Mar 26, 2014 00:16:40	23	74	0
Mar 26, 2014 00:16:41	35	66	0
Mar 26, 2014 00:16:42	41	61	0
Mar 26, 2014 00:16:43	50	74	0
Mar 26, 2014 00:16:44	57	70	0
Mar 26, 2014 00:16:45	60	69	0
Mar 26, 2014 00:16:46	56	51	0
Mar 26, 2014 00:16:47	48	34	0
Mar 26, 2014 00:16:48	61	35	0
Mar 26, 2014 00:16:49	53	30	0
Mar 26, 2014 00:16:50	56	47	0
Mar 26, 2014 00:16:51	70	53	0
Mar 26, 2014 00:16:52	47	43	0
Mar 26, 2014 00:16:53	44	56	0
Mar 26, 2014 00:16:54	50	60	0
Mar 26, 2014 00:16:56	51	60	0
Mar 26, 2014 00:16:57	64	64	0
Mar 26, 2014 00:16:58	67	56	0
Mar 26, 2014 00:16:59	54	61	0
Mar 26, 2014 00:17:00	44	48	0
Mar 26, 2014 00:17:01	24	51	0
Mar 26, 2014 00:17:02	20	60	0
Mar 26, 2014 00:17:03	34	61	0
Mar 26, 2014 00:17:04	26	67	0
Mar 26, 2014 00:17:05	44	66	0
Mar 26, 2014 00:17:06	57	61	0
Mar 26, 2014 00:17:07	57	67	0
Mar 26, 2014 00:17:08	51	56	0
Mar 26, 2014 00:17:09	60	56	0
Mar 26, 2014 00:17:10	63	40	0
Mar 26, 2014 00:17:11	69	41	0
Mar 26, 2014 00:17:12	70	50	0
Mar 26, 2014 00:17:13	84	48	0
Mar 26, 2014 00:17:14	56	56	0
Mar 26, 2014 00:17:15	61	47	0
Mar 26, 2014 00:17:16	54	51	0
Mar 26, 2014 00:17:17	30	41	0
Mar 26, 2014 00:17:18	35	48	0
Mar 26, 2014 00:17:19	23	53	0
Mar 26, 2014 00:17:20	38	61	0
Mar 26, 2014 00:17:21	51	77	0
Mar 26, 2014 00:17:22	57	88	0
Mar 26, 2014 00:17:23	63	83	0
Mar 26, 2014 00:17:24	47	77	0
Mar 26, 2014 00:17:25	38	69	0
Mar 26, 2014 00:17:26	26	64	0
Mar 26, 2014 00:17:27	23	63	0
Mar 26, 2014 00:17:28	53	61	0
Mar 26, 2014 00:17:29	56	64	0
Mar 26, 2014 00:17:31	77	63	0
Mar 26, 2014 00:17:32	87	70	0
Mar 26, 2014 00:17:33	63	75	0
Mar 26, 2014 00:17:34	69	74	0
Mar 26, 2014 00:17:35	60	77	0
Mar 26, 2014 00:17:36	56	74	0
Mar 26, 2014 00:17:37	63	77	0
Mar 26, 2014 00:17:38	69	75	0
Mar 26, 2014 00:17:39	64	75	0
Mar 26, 2014 00:17:40	66	70	0
Mar 26, 2014 00:17:41	44	66	0
Mar 26, 2014 00:17:42	29	70	0
Mar 26, 2014 00:17:43	27	66	0
Mar 26, 2014 00:17:44	26	61	0
Mar 26, 2014 00:17:45	40	63	0
Mar 26, 2014 00:17:46	57	63	0
Mar 26, 2014 00:17:47	60	78	0
Mar 26, 2014 00:17:48	63	83	0
Mar 26, 2014 00:17:49	63	78	0
Mar 26, 2014 00:17:50	60	70	0
Mar 26, 2014 00:17:51	56	64	0
Mar 26, 2014 00:17:52	67	70	0
Mar 26, 2014 00:17:53	57	77	0
Mar 26, 2014 00:17:54	60	87	0
Mar 26, 2014 00:17:55	75	74	0
Mar 26, 2014 00:17:56	75	74	0
Mar 26, 2014 00:17:57	57	60	0
Mar 26, 2014 00:17:58	43	43	0
Mar 26, 2014 00:17:59	37	40	0
Mar 26, 2014 00:18:00	29	35	0
Mar 26, 2014 00:18:01	50	34	0
Mar 26, 2014 00:18:02	63	40	0
Mar 26, 2014 00:18:03	54	48	0
Mar 26, 2014 00:18:05	70	56	0
Mar 26, 2014 00:18:06	67	63	0
Mar 26, 2014 00:18:07	83	51	0
Mar 26, 2014 00:18:08	61	51	0
Mar 26, 2014 00:18:09	67	41	0
Mar 26, 2014 00:18:10	56	37	0
Mar 26, 2014 00:18:11	40	30	0
Mar 26, 2014 00:18:12	60	38	0
Mar 26, 2014 00:18:13	57	38	0
Mar 26, 2014 00:18:14	67	41	0
Mar 26, 2014 00:18:15	74	54	0
Mar 26, 2014 00:18:16	70	44	0
Mar 26, 2014 00:18:17	60	37	0
Mar 26, 2014 00:18:18	54	51	0
Mar 26, 2014 00:18:19	48	43	0
Mar 26, 2014 00:18:20	38	57	0
Mar 26, 2014 00:18:21	50	63	0
Mar 26, 2014 00:18:22	54	66	0
Mar 26, 2014 00:18:23	60	84	0
Mar 26, 2014 00:18:24	77	84	0
Mar 26, 2014 00:18:25	69	87	0
Mar 26, 2014 00:18:26	77	83	0
Mar 26, 2014 00:18:27	69	66	0
Mar 26, 2014 00:18:28	63	60	0
Mar 26, 2014 00:18:29	74	66	0
Mar 26, 2014 00:18:30	70	67	0
Mar 26, 2014 00:18:31	93	57	0
Mar 26, 2014 00:18:32	81	61	0
Mar 26, 2014 00:18:33	77	48	0
Mar 26, 2014 00:18:34	75	47	0
Mar 26, 2014 00:18:35	60	50	0
Mar 26, 2014 00:18:36	70	48	0
Mar 26, 2014 00:18:37	77	43	0
Mar 26, 2014 00:18:38	67	40	0
Mar 26, 2014 00:18:39	63	29	0
Mar 26, 2014 00:18:41	64	34	0
Mar 26, 2014 00:18:42	61	48	0
Mar 26, 2014 00:18:43	84	47	0
Mar 26, 2014 00:18:44	84	64	0
Mar 26, 2014 00:18:45	90	63	0
Mar 26, 2014 00:18:46	90	57	0
Mar 26, 2014 00:18:47	67	80	0
Mar 26, 2014 00:18:48	75	78	0
Mar 26, 2014 00:18:49	64	78	0
Mar 26, 2014 00:18:50	61	80	0
Mar 26, 2014 00:18:51	69	70	0
Mar 26, 2014 00:18:52	54	69	0
Mar 26, 2014 00:18:53	61	66	0
Mar 26, 2014 00:18:54	56	63	0
Mar 26, 2014 00:18:55	51	64	0
Mar 26, 2014 00:18:56	51	64	0
Mar 26, 2014 00:18:57	63	64	0
Mar 26, 2014 00:18:58	60	47	0
Mar 26, 2014 00:18:59	64	53	0
Mar 26, 2014 00:19:00	61	50	0
Mar 26, 2014 00:19:01	50	50	0
Mar 26, 2014 00:19:02	44	67	0
Mar 26, 2014 00:19:03	35	54	0
Mar 26, 2014 00:19:04	40	66	0
Mar 26, 2014 00:19:05	56	70	0
Mar 26, 2014 00:19:06	70	61	0
Mar 26, 2014 00:19:07	93	56	0
Mar 26, 2014 00:19:08	93	50	0
Mar 26, 2014 00:19:09	81	44	0
Mar 26, 2014 00:19:10	64	50	0
Mar 26, 2014 00:19:11	57	60	0
Mar 26, 2014 00:19:12	44	63	0
Mar 26, 2014 00:19:13	44	83	0
Mar 26, 2014 00:19:14	54	88	0
Mar 26, 2014 00:19:16	54	88	0
Mar 26, 2014 00:19:17	50	70	0
Mar 26, 2014 00:19:18	50	44	0
Mar 26, 2014 00:19:19	40	35	0
Mar 26, 2014 00:19:20	29	40	0
Mar 26, 2014 00:19:21	35	29	0
Mar 26, 2014 00:19:22	41	56	0
Mar 26, 2014 00:19:23	43	56	0
Mar 26, 2014 00:19:24	53	60	0
Mar 26, 2014 00:19:25	61	66	0
Mar 26, 2014 00:19:26	67	66	0
Mar 26, 2014 00:19:27	78	67	0
Mar 26, 2014 00:19:28	70	66	0
Mar 26, 2014 00:19:29	70	70	0
Mar 26, 2014 00:19:30	60	56	0
Mar 26, 2014 00:19:31	56	66	0
Mar 26, 2014 00:19:32	69	69	0
Mar 26, 2014 00:19:33	75	80	0
Mar 26, 2014 00:19:34	75	83	0
Mar 26, 2014 00:19:35	80	69	0
Mar 26, 2014 00:19:36	66	74	0
Mar 26, 2014 00:19:37	64	44	0
Mar 26, 2014 00:19:38	48	63	0
Mar 26, 2014 00:19:39	56	66	0
Mar 26, 2014 00:19:40	50	75	0
Mar 26, 2014 00:19:41	53	81	0
Mar 26, 2014 00:19:42	64	57	0
Mar 26, 2014 00:19:43	47	38	0
Mar 26, 2014 00:19:44	63	37	0
Mar 26, 2014 00:19:45	57	40	0
Mar 26, 2014 00:19:46	47	48	0
Mar 26, 2014 00:19:47	60	56	0
Mar 26, 2014 00:19:48	48	56	0
Mar 26, 2014 00:19:50	51	61	0
Mar 26, 2014 00:19:51	66	56	0
Mar 26, 2014 00:19:52	57	57	0
Mar 26, 2014 00:19:53	61	67	0
Mar 26, 2014 00:19:54	54	66	0
Mar 26, 2014 00:19:55	51	69	0
Mar 26, 2014 00:19:56	57	78	0
Mar 26, 2014 00:19:57	54	80	0
Mar 26, 2014 00:19:58	57	80	0
Mar 26, 2014 00:19:59	40	91	0
Mar 26, 2014 00:20:00	24	70	0
Mar 26, 2014 00:20:01	34	61	0
Mar 26, 2014 00:20:02	26	61	0
Mar 26, 2014 00:20:03	48	48	0
Mar 26, 2014 00:20:04	64	64	0
Mar 26, 2014 00:20:05	48	64	0
Mar 26, 2014 00:20:06	56	50	0
Mar 26, 2014 00:20:07	51	41	0
Mar 26, 2014 00:20:08	63	47	0
Mar 26, 2014 00:20:09	54	64	0
Mar 26, 2014 00:20:10	51	74	0
Mar 26, 2014 00:20:11	56	87	0
Mar 26, 2014 00:20:12	51	69	0
Mar 26, 2014 00:20:13	63	66	0
Mar 26, 2014 00:20:14	57	67	0
Mar 26, 2014 00:20:15	43	56	0
Mar 26, 2014 00:20:16	54	69	0
Mar 26, 2014 00:20:17	50	69	0
Mar 26, 2014 00:20:18	51	78	0
Mar 26, 2014 00:20:19	63	66	0
Mar 26, 2014 00:20:20	48	63	0
Mar 26, 2014 00:20:21	44	56	0
Mar 26, 2014 00:20:22	56	48	0
Mar 26, 2014 00:20:23	50	64	0
Mar 26, 2014 00:20:25	54	66	0
Mar 26, 2014 00:20:26	61	66	0
Mar 26, 2014 00:20:27	48	64	0
Mar 26, 2014 00:20:28	48	54	0
Mar 26, 2014 00:20:29	48	50	0
Mar 26, 2014 00:20:30	37	48	0
Mar 26, 2014 00:20:31	26	35	0
Mar 26, 2014 00:20:32	29	30	0
Mar 26, 2014 00:20:33	30	38	0
Mar 26, 2014 00:20:34	43	44	0
Mar 26, 2014 00:20:35	54	60	0
Mar 26, 2014 00:20:36	69	75	0
Mar 26, 2014 00:20:37	80	63	0
Mar 26, 2014 00:20:38	77	57	0
Mar 26, 2014 00:20:39	54	50	0
Mar 26, 2014 00:20:40	38	30	0
Mar 26, 2014 00:20:41	35	38	0
Mar 26, 2014 00:20:42	47	26	0
Mar 26, 2014 00:20:43	51	20	0
Mar 26, 2014 00:20:44	60	37	0
Mar 26, 2014 00:20:45	67	44	0
Mar 26, 2014 00:20:46	57	64	0
Mar 26, 2014 00:20:47	67	66	0
Mar 26, 2014 00:20:48	63	78	0
Mar 26, 2014 00:20:49	47	77	0
Mar 26, 2014 00:20:50	53	64	0
Mar 26, 2014 00:20:51	56	81	0
Mar 26, 2014 00:20:52	69	66	0
Mar 26, 2014 00:20:53	80	69	0
Mar 26, 2014 00:20:54	61	69	0
Mar 26, 2014 00:20:55	60	69	0
Mar 26, 2014 00:20:56	51	78	0
Mar 26, 2014 00:20:57	50	66	0
Mar 26, 2014 00:20:58	60	83	0
Mar 26, 2014 00:21:00	56	77	0
Mar 26, 2014 00:21:01	57	81	0
Mar 26, 2014 00:21:02	56	84	0
Mar 26, 2014 00:21:03	44	64	0
Mar 26, 2014 00:21:04	41	77	0
Mar 26, 2014 00:21:05	38	64	0
Mar 26, 2014 00:21:06	38	70	0
Mar 26, 2014 00:21:07	69	70	0
Mar 26, 2014 00:21:08	75	67	0
Mar 26, 2014 00:21:09	77	53	0
Mar 26, 2014 00:21:10	80	51	0
Mar 26, 2014 00:21:11	63	51	0
Mar 26, 2014 00:21:12	61	61	0
Mar 26, 2014 00:21:13	67	74	0
Mar 26, 2014 00:21:14	47	66	0
Mar 26, 2014 00:21:15	50	60	0
Mar 26, 2014 00:21:16	38	54	0
Mar 26, 2014 00:21:17	27	47	0
Mar 26, 2014 00:21:18	40	51	0
Mar 26, 2014 00:21:19	24	57	0
Mar 26, 2014 00:21:20	27	51	0
Mar 26, 2014 00:21:21	21	50	0
Mar 26, 2014 00:21:22	7	44	0
Mar 26, 2014 00:21:23	20	41	0
Mar 26, 2014 00:21:24	24	56	0
Mar 26, 2014 00:21:25	38	70	0
Mar 26, 2014 00:21:26	51	66	0
Mar 26, 2014 00:21:27	50	57	0
Mar 26, 2014 00:21:28	47	48	0
Mar 26, 2014 00:21:29	51	41	0
Mar 26, 2014 00:21:30	44	43	0
Mar 26, 2014 00:21:31	37	50	0
Mar 26, 2014 00:21:32	43	53	0
Mar 26, 2014 00:21:34	37	53	0
Mar 26, 2014 00:21:35	41	54	0
Mar 26, 2014 00:21:36	54	78	0
Mar 26, 2014 00:21:37	35	74	0
Mar 26, 2014 00:21:38	35	69	0
Mar 26, 2014 00:21:39	24	38	0
Mar 26, 2014 00:21:40	24	47	0
Mar 26, 2014 00:21:41	35	41	0
Mar 26, 2014 00:21:42	38	51	0
Mar 26, 2014 00:21:43	43	67	0
Mar 26, 2014 00:21:44	47	70	0
Mar 26, 2014 00:21:45	64	75	0
Mar 26, 2014 00:21:46	54	70	0
Mar 26, 2014 00:21:47	54	87	0
Mar 26, 2014 00:21:48	53	91	0
Mar 26, 2014 00:21:49	34	81	0
Mar 26, 2014 00:21:50	38	83	0
Mar 26, 2014 00:21:51	38	64	0
Mar 26, 2014 00:21:52	35	54	0
Mar 26, 2014 00:21:53	50	61	0
Mar 26, 2014 00:21:54	48	64	0
Mar 26, 2014 00:21:55	54	67	0
Mar 26, 2014 00:21:56	63	56	0
Mar 26, 2014 00:21:57	66	60	0
Mar 26, 2014 00:21:58	78	53	0
Mar 26, 2014 00:21:59	70	57	0
Mar 26, 2014 00:22:00	66	74	0
Mar 26, 2014 00:22:01	67	70	0
Mar 26, 2014 00:22:02	61	77	0
Mar 26, 2014 00:22:03	67	66	0
Mar 26, 2014 00:22:04	75	51	0
Mar 26, 2014 00:22:05	69	50	0
Mar 26, 2014 00:22:06	53	53	0
Mar 26, 2014 00:22:07	54	66	0
Mar 26, 2014 00:22:09	41	61	0
Mar 26, 2014 00:22:10	43	51	0
Mar 26, 2014 00:22:11	50	47	0
Mar 26, 2014 00:22:12	38	51	0
Mar 26, 2014 00:22:13	47	53	0
Mar 26, 2014 00:22:14	48	64	0
Mar 26, 2014 00:22:15	48	66	0
Mar 26, 2014 00:22:16	63	51	0
Mar 26, 2014 00:22:17	64	43	0
Mar 26, 2014 00:22:18	75	38	0
Mar 26, 2014 00:22:19	61	29	0
Mar 26, 2014 00:22:20	43	38	0
Mar 26, 2014 00:22:21	50	57	0
Mar 26, 2014 00:22:22	47	64	0
Mar 26, 2014 00:22:23	61	81	0
Mar 26, 2014 00:22:24	70	84	0
Mar 26, 2014 00:22:25	67	84	0
Mar 26, 2014 00:22:26	75	91	0
Mar 26, 2014 00:22:27	57	96	0
Mar 26, 2014 00:22:28	50	87	0
Mar 26, 2014 00:22:29	37	70	0
Mar 26, 2014 00:22:30	29	54	0
Mar 26, 2014 00:22:31	50	43	0
Mar 26, 2014 00:22:32	61	57	0
Mar 26, 2014 00:22:33	56	60	0
Mar 26, 2014 00:22:34	61	70	0
Mar 26, 2014 00:22:35	47	77	0
Mar 26, 2014 00:22:36	40	74	0
Mar 26, 2014 00:22:37	40	78	0
Mar 26, 2014 00:22:38	51	67	0
Mar 26, 2014 00:22:39	54	64	0
Mar 26, 2014 00:22:40	50	60	0
Mar 26, 2014 00:22:41	57	74	0
Mar 26, 2014 00:22:42	48	69	0
Mar 26, 2014 00:22:44	56	67	0
Mar 26, 2014 00:22:45	50	74	0
Mar 26, 2014 00:22:46	54	56	0
Mar 26, 2014 00:22:47	61	63	0
Mar 26, 2014 00:22:48	43	66	0
Mar 26, 2014 00:22:49	57	57	0
Mar 26, 2014 00:22:50	51	51	0
Mar 26, 2014 00:22:51	44	50	0
Mar 26, 2014 00:22:52	53	51	0
Mar 26, 2014 00:22:53	51	60	0
Mar 26, 2014 00:22:54	60	83	0
Mar 26, 2014 00:22:55	60	83	0
Mar 26, 2014 00:22:56	81	75	0
Mar 26, 2014 00:22:57	75	74	0
Mar 26, 2014 00:22:58	66	74	0
Mar 26, 2014 00:22:59	56	70	0
Mar 26, 2014 00:23:00	37	63	0
Mar 26, 2014 00:23:01	47	67	0
Mar 26, 2014 00:23:02	47	67	0
Mar 26, 2014 00:23:03	60	61	0
Mar 26, 2014 00:23:04	67	67	0
Mar 26, 2014 00:23:05	60	57	0
Mar 26, 2014 00:23:06	54	47	0
Mar 26, 2014 00:23:07	41	41	0
Mar 26, 2014 00:23:08	41	47	0
Mar 26, 2014 00:23:09	38	43	0
Mar 26, 2014 00:23:10	44	67	0
Mar 26, 2014 00:23:11	43	88	0
Mar 26, 2014 00:23:12	38	97	0
Mar 26, 2014 00:23:13	44	100	0
Mar 26, 2014 00:23:14	44	100	0
Mar 26, 2014 00:23:15	41	80	0
Mar 26, 2014 00:23:17	53	77	0
Mar 26, 2014 00:23:18	51	67	0
Mar 26, 2014 00:23:19	63	75	0
Mar 26, 2014 00:23:20	64	75	0
Mar 26, 2014 00:23:21	54	70	0
Mar 26, 2014 00:23:22	61	64	0
Mar 26, 2014 00:23:23	48	53	0
Mar 26, 2014 00:23:24	41	41	0
Mar 26, 2014 00:23:25	41	38	0
Mar 26, 2014 00:23:26	29	35	0
Mar 26, 2014 00:23:27	27	37	0
Mar 26, 2014 00:23:28	34	38	0
Mar 26, 2014 00:23:29	40	40	0
Mar 26, 2014 00:23:30	44	48	0
Mar 26, 2014 00:23:31	54	50	0
Mar 26, 2014 00:23:32	57	50	0
Mar 26, 2014 00:23:33	47	51	0
Mar 26, 2014 00:23:34	48	53	0
Mar 26, 2014 00:23:35	57	51	0
Mar 26, 2014 00:23:36	74	57	0
Mar 26, 2014 00:23:37	69	53	0
Mar 26, 2014 00:23:38	56	64	0
Mar 26, 2014 00:23:39	51	57	0
Mar 26, 2014 00:23:40	40	56	0
Mar 26, 2014 00:23:41	44	53	0
Mar 26, 2014 00:23:42	47	50	0
Mar 26, 2014 00:23:43	43	54	0
Mar 26, 2014 00:23:44	43	50	0
Mar 26, 2014 00:23:45	50	56	0
Mar 26, 2014 00:23:46	44	60	0
Mar 26, 2014 00:23:47	37	43	0
Mar 26, 2014 00:23:48	30	43	0
Mar 26, 2014 00:23:49	20	35	0
Mar 26, 2014 00:23:50	20	10	0
Mar 26, 2014 00:23:51	29	30	0
Mar 26, 2014 00:23:53	38	41	0
Mar 26, 2014 00:23:54	38	43	0
Mar 26, 2014 00:23:55	38	43	0
Mar 26, 2014 00:23:56	47	74	0
Mar 26, 2014 00:23:57	50	66	0
Mar 26, 2014 00:23:58	50	75	0
Mar 26, 2014 00:23:59	26	57	0
Mar 26, 2014 00:24:00	26	51	0
Mar 26, 2014 00:24:01	23	50	0
Mar 26, 2014 00:24:02	16	37	0
Mar 26, 2014 00:24:03	29	50	0
Mar 26, 2014 00:24:04	40	48	0
Mar 26, 2014 00:24:05	41	29	0
Mar 26, 2014 00:24:06	56	38	0
Mar 26, 2014 00:24:07	40	17	0
Mar 26, 2014 00:24:08	44	37	0
Mar 26, 2014 00:24:09	30	26	0
Mar 26, 2014 00:24:10	24	11	0
Mar 26, 2014 00:24:11	35	11	0
Mar 26, 2014 00:24:12	35	7	0
Mar 26, 2014 00:24:13	44	10	0
Mar 26, 2014 00:24:14	44	21	0
Mar 26, 2014 00:24:15	34	29	0
Mar 26, 2014 00:24:16	34	38	0
Mar 26, 2014 00:24:17	34	50	0
Mar 26, 2014 00:24:18	37	54	0
Mar 26, 2014 00:24:19	40	61	0
Mar 26, 2014 00:24:20	47	64	0
Mar 26, 2014 00:24:21	47	60	0
Mar 26, 2014 00:24:22	54	60	0
Mar 26, 2014 00:24:23	69	75	0
Mar 26, 2014 00:24:24	64	64	0
Mar 26, 2014 00:24:25	60	87	0
Mar 26, 2014 00:24:26	47	77	0
Mar 26, 2014 00:24:28	34	56	0
Mar 26, 2014 00:24:29	43	60	0
Mar 26, 2014 00:24:30	51	48	0
Mar 26, 2014 00:24:31	67	57	0
Mar 26, 2014 00:24:32	78	69	0
Mar 26, 2014 00:24:33	78	67	0
Mar 26, 2014 00:24:34	66	63	0
Mar 26, 2014 00:24:35	57	66	0
Mar 26, 2014 00:24:36	54	56	0
Mar 26, 2014 00:24:37	43	50	0
Mar 26, 2014 00:24:38	40	37	0
Mar 26, 2014 00:24:39	43	40	0
Mar 26, 2014 00:24:40	34	27	0
Mar 26, 2014 00:24:41	44	29	0
Mar 26, 2014 00:24:42	56	29	0
Mar 26, 2014 00:24:43	43	17	0
Mar 26, 2014 00:24:44	57	30	0
Mar 26, 2014 00:24:45	69	47	0
Mar 26, 2014 00:24:46	67	51	0
Mar 26, 2014 00:24:47	67	70	0
Mar 26, 2014 00:24:48	66	69	0
Mar 26, 2014 00:24:49	56	69	0
Mar 26, 2014 00:24:50	57	75	0
Mar 26, 2014 00:24:51	69	57	0
Mar 26, 2014 00:24:52	64	44	0
Mar 26, 2014 00:24:53	54	53	0
Mar 26, 2014 00:24:54	43	48	0
Mar 26, 2014 00:24:55	38	56	0
Mar 26, 2014 00:24:56	29	63	0
Mar 26, 2014 00:24:57	38	51	0
Mar 26, 2014 00:24:58	51	51	0
Mar 26, 2014 00:24:59	48	51	0
Mar 26, 2014 00:25:00	60	48	0
Mar 26, 2014 00:25:01	57	51	0
Mar 26, 2014 00:25:03	57	56	0
Mar 26, 2014 00:25:04	56	61	0
Mar 26, 2014 00:25:05	60	77	0
Mar 26, 2014 00:25:06	69	74	0
Mar 26, 2014 00:25:07	57	56	0
Mar 26, 2014 00:25:08	41	44	0
Mar 26, 2014 00:25:09	37	57	0
Mar 26, 2014 00:25:10	29	69	0
Mar 26, 2014 00:25:11	38	93	0
Mar 26, 2014 00:25:12	34	94	0
Mar 26, 2014 00:25:13	27	83	0
Mar 26, 2014 00:25:14	30	84	0
Mar 26, 2014 00:25:15	34	63	0
Mar 26, 2014 00:25:16	43	51	0
Mar 26, 2014 00:25:17	54	47	0
Mar 26, 2014 00:25:18	57	43	0
Mar 26, 2014 00:25:19	63	44	0
Mar 26, 2014 00:25:20	63	44	0
Mar 26, 2014 00:25:21	56	51	0
Mar 26, 2014 00:25:22	51	54	0
Mar 26, 2014 00:25:23	38	66	0
Mar 26, 2014 00:25:24	48	70	0
Mar 26, 2014 00:25:25	57	64	0
Mar 26, 2014 00:25:26	70	64	0
Mar 26, 2014 00:25:27	81	70	0
Mar 26, 2014 00:25:28	67	56	0
Mar 26, 2014 00:25:29	67	50	0
Mar 26, 2014 00:25:30	64	51	0
Mar 26, 2014 00:25:31	67	47	0
Mar 26, 2014 00:25:32	77	50	0
Mar 26, 2014 00:25:33	57	67	0
Mar 26, 2014 00:25:34	37	63	0
Mar 26, 2014 00:25:35	38	60	0
Mar 26, 2014 00:25:36	27	69	0
Mar 26, 2014 00:25:38	41	69	0
Mar 26, 2014 00:25:39	44	69	0
Mar 26, 2014 00:25:40	51	67	0
Mar 26, 2014 00:25:41	54	56	0
Mar 26, 2014 00:25:42	70	64	0
Mar 26, 2014 00:25:43	64	64	0
Mar 26, 2014 00:25:44	69	60	0
Mar 26, 2014 00:25:45	81	56	0
Mar 26, 2014 00:25:46	75	53	0
Mar 26, 2014 00:25:47	74	50	0
Mar 26, 2014 00:25:48	57	51	0
Mar 26, 2014 00:25:49	43	48	0
Mar 26, 2014 00:25:50	40	41	0
Mar 26, 2014 00:25:51	34	40	0
Mar 26, 2014 00:25:52	40	48	0
Mar 26, 2014 00:25:53	43	66	0
Mar 26, 2014 00:25:54	50	77	0
Mar 26, 2014 00:25:55	51	69	0
Mar 26, 2014 00:25:56	50	63	0
Mar 26, 2014 00:25:57	50	48	0
Mar 26, 2014 00:25:58	44	47	0
Mar 26, 2014 00:25:59	43	44	0
Mar 26, 2014 00:26:00	48	44	0
Mar 26, 2014 00:26:01	53	44	0
Mar 26, 2014 00:26:02	50	54	0
Mar 26, 2014 00:26:03	63	60	0
Mar 26, 2014 00:26:04	54	60	0
Mar 26, 2014 00:26:05	35	53	0
Mar 26, 2014 00:26:06	34	44	0
Mar 26, 2014 00:26:07	44	50	0
Mar 26, 2014 00:26:08	66	56	0
Mar 26, 2014 00:26:09	69	61	0
Mar 26, 2014 00:26:11	66	70	0
Mar 26, 2014 00:26:12	57	60	0
Mar 26, 2014 00:26:13	53	64	0
Mar 26, 2014 00:26:14	43	50	0
Mar 26, 2014 00:26:15	54	43	0
Mar 26, 2014 00:26:16	54	47	0
Mar 26, 2014 00:26:17	56	37	0
Mar 26, 2014 00:26:18	51	38	0
Mar 26, 2014 00:26:19	47	38	0
Mar 26, 2014 00:26:20	51	38	0
Mar 26, 2014 00:26:21	50	44	0
Mar 26, 2014 00:26:22	47	64	0
Mar 26, 2014 00:26:23	41	56	0
Mar 26, 2014 00:26:24	40	57	0
Mar 26, 2014 00:26:25	40	60	0
Mar 26, 2014 00:26:26	40	53	0
Mar 26, 2014 00:26:27	37	50	0
Mar 26, 2014 00:26:28	29	50	0
Mar 26, 2014 00:26:29	27	56	0
Mar 26, 2014 00:26:30	35	44	0
Mar 26, 2014 00:26:31	30	51	0
Mar 26, 2014 00:26:32	51	51	0
Mar 26, 2014 00:26:33	47	51	0
Mar 26, 2014 00:26:34	47	51	0
Mar 26, 2014 00:26:35	47	66	0
Mar 26, 2014 00:26:36	47	69	0
Mar 26, 2014 00:26:37	50	56	0
Mar 26, 2014 00:26:38	61	61	0
Mar 26, 2014 00:26:39	53	57	0
Mar 26, 2014 00:26:40	48	66	0
Mar 26, 2014 00:26:41	48	48	0
Mar 26, 2014 00:26:42	48	37	0
Mar 26, 2014 00:26:43	40	40	0
Mar 26, 2014 00:26:44	50	26	0
Mar 26, 2014 00:26:46	54	38	0
Mar 26, 2014 00:26:47	37	37	0
Mar 26, 2014 00:26:48	40	29	0
Mar 26, 2014 00:26:49	41	35	0
Mar 26, 2014 00:26:50	27	34	0
Mar 26, 2014 00:26:51	44	50	0
Mar 26, 2014 00:26:52	48	61	0
Mar 26, 2014 00:26:53	50	74	0
Mar 26, 2014 00:26:54	56	80	0
Mar 26, 2014 00:26:55	51	70	0
Mar 26, 2014 00:26:56	63	69	0
Mar 26, 2014 00:26:57	51	63	0
Mar 26, 2014 00:26:58	53	64	0
Mar 26, 2014 00:26:59	56	67	0
Mar 26, 2014 00:27:00	43	74	0
Mar 26, 2014 00:27:01	47	78	0
Mar 26, 2014 00:27:02	47	64	0
Mar 26, 2014 00:27:03	48	53	0
Mar 26, 2014 00:27:04	47	50	0
Mar 26, 2014 00:27:05	51	53	0
Mar 26, 2014 00:27:06	60	47	0
Mar 26, 2014 00:27:07	56	51	0
Mar 26, 2014 00:27:08	67	51	0
Mar 26, 2014 00:27:09	64	51	0
Mar 26, 2014 00:27:10	54	61	0
Mar 26, 2014 00:27:11	56	54	0
Mar 26, 2014 00:27:12	47	54	0
