00:00:00	21	56	0
00:00:01	44	78	0
00:00:02	48	75	0
00:00:03	74	81	0
00:00:04	100	88	0
00:00:05	100	75	0
00:00:06	100	77	0
00:00:07	90	84	0
00:00:08	77	97	0
00:00:09	67	100	0
00:00:10	75	100	0
00:00:11	84	100	0
00:00:12	96	90	0
00:00:13	75	54	0
00:00:14	70	56	0
00:00:15	61	44	0
00:00:16	56	48	0
00:00:17	56	54	0
00:00:18	47	40	0
00:00:19	30	34	0
00:00:20	29	35	0
00:00:22	48	44	0
00:00:23	56	41	0
00:00:24	51	40	0
00:00:25	56	43	0
00:00:26	43	51	0
00:00:27	40	67	0
00:00:28	67	87	0
00:00:29	54	83	0
00:00:30	67	77	0
00:00:31	75	61	0
00:00:32	67	57	0
00:00:33	81	60	0
00:00:34	87	66	0
00:00:35	77	77	0
00:00:36	80	88	0
00:00:37	48	69	0
00:00:38	51	60	0
00:00:39	38	48	0
00:00:40	21	47	0
00:00:41	53	60	0
00:00:42	44	64	0
00:00:43	48	54	0
00:00:44	64	56	0
00:00:45	57	57	0
00:00:46	74	60	0
00:00:47	77	80	0
00:00:48	70	96	0
00:00:49	77	100	0
00:00:50	87	84	0
00:00:51	91	81	0
00:00:52	91	81	0
00:00:53	84	47	0
00:00:54	67	57	0
00:00:55	56	57	0
00:00:56	60	54	0
00:00:58	50	70	0
00:00:59	47	83	0
00:01:00	60	70	0
00:01:01	53	70	0
00:01:02	51	63	0
00:01:03	50	66	0
00:01:04	30	78	0
00:01:05	35	80	0
00:01:06	53	80	0
00:01:07	56	69	0
00:01:08	70	67	0
00:01:09	56	56	0
00:01:10	63	51	0
00:01:11	57	54	0
00:01:12	54	41	0
00:01:13	63	38	0
00:01:14	66	43	0
00:01:15	69	53	0
00:01:16	61	41	0
00:01:17	60	57	0
00:01:18	60	54	0
00:01:19	44	38	0
00:01:20	48	43	0
00:01:21	51	38	0
00:01:22	37	47	0
00:01:23	54	61	0
00:01:24	53	77	0
00:01:25	53	70	0
00:01:26	69	75	0
00:01:27	66	77	0
00:01:28	78	80	0
00:01:29	80	84	0
00:01:30	67	78	0
00:01:31	67	69	0
00:01:33	56	57	0
00:01:34	48	60	0
00:01:35	37	56	0
00:01:36	30	63	0
00:01:37	44	66	0
00:01:38	50	63	0
00:01:39	57	66	0
00:01:40	60	43	0
00:01:41	64	53	0
00:01:42	57	57	0
00:01:43	56	74	0
00:01:44	54	69	0
00:01:45	40	44	0
00:01:46	44	48	0
00:01:47	51	40	0
00:01:48	53	63	0
00:01:49	74	75	0
00:01:50	78	77	0
00:01:51	67	94	0
00:01:52	67	94	0
00:01:53	54	74	0
00:01:54	48	80	0
00:01:55	41	63	0
00:01:56	24	66	0
00:01:57	38	53	0
00:01:58	37	53	0
00:01:59	41	43	0
00:02:00	61	47	0
00:02:01	51	61	0
00:02:02	47	51	0
00:02:03	47	66	0
00:02:04	43	69	0
00:02:05	41	75	0
00:02:06	43	57	0
00:02:07	43	61	0
00:02:08	38	78	0
00:02:10	43	74	0
00:02:11	60	69	0
00:02:12	70	54	0
00:02:13	77	47	0
00:02:14	78	56	0
00:02:15	61	61	0
00:02:16	43	64	0
00:02:17	27	57	0
00:02:18	26	60	0
00:02:19	37	64	0
00:02:20	44	63	0
00:02:21	56	77	0
00:02:22	50	77	0
00:02:23	56	66	0
00:02:24	60	75	0
00:02:25	50	77	0
00:02:26	50	67	0
00:02:27	54	67	0
00:02:28	54	70	0
00:02:29	63	78	0
00:02:30	67	80	0
00:02:31	50	66	0
00:02:32	50	63	0
00:02:33	44	57	0
00:02:34	53	67	0
00:02:35	66	78	0
00:02:36	61	77	0
00:02:37	67	75	0
00:02:38	57	66	0
00:02:39	47	70	0
00:02:40	50	69	0
00:02:41	40	81	0
00:02:42	50	81	0
00:02:43	56	74	0
00:02:45	47	47	0
00:02:46	56	41	0
00:02:47	56	37	0
00:02:48	50	53	0
00:02:49	74	70	0
00:02:50	80	67	0
00:02:51	70	77	0
00:02:52	74	56	0
00:02:53	67	70	0
00:02:54	66	81	0
00:02:55	80	66	0
00:02:56	66	77	0
00:02:57	60	54	0
00:02:58	44	48	0
00:02:59	34	56	0
00:03:00	41	64	0
00:03:01	35	67	0
00:03:02	47	83	0
00:03:03	48	87	0
00:03:04	38	80	0
00:03:05	40	83	0
00:03:06	40	64	0
00:03:07	27	51	0
00:03:08	38	47	0
00:03:09	43	60	0
00:03:10	63	53	0
00:03:11	81	56	0
00:03:12	78	53	0
00:03:13	61	43	0
00:03:14	56	54	0
00:03:15	57	50	0
00:03:16	56	53	0
00:03:17	44	43	0
00:03:18	41	34	0
00:03:19	40	60	0
00:03:21	41	60	0
00:03:22	51	83	0
00:03:23	48	75	0
00:03:24	43	66	0
00:03:25	56	69	0
00:03:26	54	57	0
00:03:27	60	61	0
00:03:28	67	63	0
00:03:29	48	63	0
00:03:30	47	78	0
00:03:31	53	84	0
00:03:32	47	77	0
00:03:33	54	70	0
00:03:34	53	67	0
00:03:35	56	67	0
00:03:36	48	77	0
00:03:37	43	80	0
00:03:38	50	66	0
00:03:39	41	67	0
00:03:40	70	57	0
00:03:41	69	64	0
00:03:42	70	67	0
00:03:43	70	74	0
00:03:44	40	54	0
00:03:45	29	41	0
00:03:46	20	38	0
00:03:47	37	44	0
00:03:48	50	67	0
00:03:49	56	87	0
00:03:50	63	94	0
00:03:51	61	88	0
00:03:52	44	84	0
00:03:53	37	75	0
00:03:54	20	64	0
00:03:55	14	61	0
00:03:56	20	56	0
00:03:58	21	51	0
00:03:59	40	53	0
00:04:00	23	60	0
00:04:01	29	77	0
00:04:02	29	75	0
00:04:03	29	54	0
00:04:04	50	56	0
00:04:05	53	41	0
00:04:06	50	44	0
00:04:07	51	69	0
00:04:08	47	74	0
00:04:09	50	77	0
00:04:10	56	81	0
00:04:11	51	69	0
00:04:12	34	53	0
00:04:13	34	44	0
00:04:14	24	50	0
00:04:15	47	57	0
00:04:16	70	90	0
00:04:17	70	93	0
00:04:18	51	93	0
00:04:19	50	74	0
00:04:20	54	56	0
00:04:21	60	47	0
00:04:22	70	48	0
00:04:23	51	67	0
00:04:24	34	74	0
00:04:25	43	70	0
00:04:26	29	70	0
00:04:27	40	53	0
00:04:28	53	64	0
00:04:29	37	60	0
00:04:30	40	60	0
00:04:31	43	67	0
00:04:32	41	57	0
00:04:33	53	50	0
00:04:35	61	64	0
00:04:36	67	70	0
00:04:37	69	75	0
00:04:38	67	83	0
00:04:39	60	70	0
00:04:40	53	70	0
00:04:41	47	69	0
00:04:42	40	90	0
00:04:43	21	88	0
00:04:44	14	81	0
00:04:45	20	80	0
00:04:46	27	70	0
00:04:47	43	75	0
00:04:48	40	77	0
00:04:49	30	61	0
00:04:50	41	56	0
00:04:51	44	53	0
00:04:52	50	48	0
00:04:53	61	50	0
00:04:54	60	53	0
00:04:55	66	50	0
00:04:56	56	48	0
00:04:57	51	53	0
00:04:58	44	35	0
00:04:59	35	47	0
00:05:00	38	40	0
00:05:01	40	35	0
00:05:02	57	34	0
00:05:03	61	35	0
00:05:04	74	51	0
00:05:05	74	54	0
00:05:06	61	83	0
00:05:07	70	75	0
00:05:08	69	64	0
00:05:09	60	50	0
00:05:10	57	50	0
00:05:12	53	53	0
00:05:13	51	63	0
00:05:14	56	70	0
00:05:15	67	56	0
00:05:16	67	56	0
00:05:17	53	38	0
00:05:18	47	51	0
00:05:19	27	56	0
00:05:20	38	84	0
00:05:21	51	75	0
00:05:22	51	75	0
00:05:23	61	75	0
00:05:24	64	74	0
00:05:25	61	83	0
00:05:26	51	80	0
00:05:27	56	81	0
00:05:28	63	81	0
00:05:29	51	77	0
00:05:30	63	77	0
00:05:31	67	61	0
00:05:32	67	57	0
00:05:33	66	48	0
00:05:34	75	43	0
00:05:35	78	56	0
00:05:36	66	53	0
00:05:37	69	54	0
00:05:38	60	54	0
00:05:39	40	53	0
00:05:40	35	48	0
00:05:41	48	48	0
00:05:42	48	54	0
00:05:43	41	50	0
00:05:44	56	53	0
00:05:45	50	67	0
00:05:46	44	61	0
00:05:47	66	63	0
00:05:49	64	60	0
00:05:50	63	51	0
00:05:51	50	51	0
00:05:52	51	56	0
00:05:53	51	47	0
00:05:54	57	47	0
00:05:55	74	57	0
00:05:56	60	47	0
00:05:57	69	54	0
00:05:58	63	63	0
00:05:59	61	51	0
00:06:00	75	64	0
00:06:01	74	64	0
00:06:02	63	64	0
00:06:03	44	63	0
00:06:04	44	53	0
00:06:05	38	50	0
00:06:06	50	51	0
00:06:07	74	56	0
00:06:08	70	75	0
00:06:09	80	78	0
00:06:10	81	70	0
00:06:11	70	70	0
00:06:12	81	53	0
00:06:13	81	56	0
00:06:14	77	56	0
00:06:15	78	66	0
00:06:16	64	70	0
00:06:17	54	75	0
00:06:18	64	77	0
00:06:19	57	70	0
00:06:20	50	69	0
00:06:21	29	47	0
00:06:22	35	44	0
00:06:23	38	48	0
00:06:25	48	44	0
00:06:26	43	40	0
00:06:27	40	47	0
00:06:28	40	41	0
00:06:29	43	57	0
00:06:30	47	63	0
00:06:31	47	63	0
00:06:32	70	75	0
00:06:33	60	67	0
00:06:34	57	57	0
00:06:35	41	56	0
00:06:36	50	44	0
00:06:37	44	43	0
00:06:38	47	66	0
00:06:39	37	60	0
00:06:40	23	61	0
00:06:41	38	51	0
00:06:42	38	37	0
00:06:43	47	26	0
00:06:44	60	40	0
00:06:45	56	64	0
00:06:46	51	75	0
00:06:47	48	77	0
00:06:48	43	66	0
00:06:49	43	61	0
00:06:50	54	64	0
00:06:51	66	80	0
00:06:52	67	84	0
00:06:53	77	81	0
00:06:54	66	83	0
00:06:55	63	88	0
00:06:56	57	83	0
00:06:57	53	83	0
00:06:58	60	70	0
00:06:59	56	74	0
00:07:00	57	70	0
00:07:02	56	84	0
00:07:03	60	84	0
00:07:04	57	80	0
00:07:05	44	84	0
00:07:06	50	69	0
00:07:07	38	70	0
00:07:08	30	74	0
00:07:09	40	64	0
00:07:10	38	64	0
00:07:11	50	67	0
00:07:12	51	63	0
00:07:13	47	69	0
00:07:14	50	74	0
00:07:15	48	50	0
00:07:16	47	40	0
00:07:17	48	14	0
00:07:18	37	11	0
00:07:19	26	43	0
00:07:20	29	50	0
00:07:21	38	83	0
00:07:22	54	81	0
00:07:23	67	63	0
00:07:24	70	66	0
00:07:25	50	61	0
00:07:26	44	66	0
00:07:27	38	70	0
00:07:28	43	77	0
00:07:29	50	75	0
00:07:30	48	75	0
00:07:31	51	56	0
00:07:32	43	48	0
00:07:33	48	47	0
00:07:34	54	48	0
00:07:35	44	57	0
00:07:36	53	60	0
00:07:38	38	63	0
00:07:39	29	67	0
00:07:40	37	69	0
00:07:41	35	88	0
00:07:42	51	90	0
00:07:43	64	77	0
00:07:44	81	81	0
00:07:45	94	56	0
00:07:46	90	60	0
00:07:47	69	77	0
00:07:48	53	66	0
00:07:49	38	66	0
00:07:50	37	43	0
00:07:51	30	23	0
00:07:52	35	14	0
00:07:53	44	8	0
00:07:54	51	27	0
00:07:55	57	40	0
00:07:56	66	63	0
00:07:57	43	63	0
00:07:58	37	48	0
00:07:59	29	44	0
00:08:00	30	50	0
00:08:01	35	53	0
00:08:02	54	63	0
00:08:03	54	53	0
00:08:04	63	60	0
00:08:05	48	61	0
00:08:06	35	56	0
00:08:07	34	40	0
00:08:08	30	27	0
00:08:09	35	34	0
00:08:10	35	44	0
00:08:11	30	63	0
00:08:12	26	64	0
00:08:13	37	64	0
00:08:15	50	64	0
00:08:16	64	57	0
00:08:17	60	53	0
00:08:18	61	43	0
00:08:19	56	35	0
00:08:20	44	47	0
00:08:21	54	50	0
00:08:22	48	53	0
00:08:23	48	63	0
00:08:24	47	69	0
00:08:25	44	75	0
00:08:26	44	64	0
00:08:27	34	69	0
00:08:28	41	56	0
00:08:29	56	63	0
00:08:30	56	63	0
00:08:31	74	60	0
00:08:32	91	80	0
00:08:33	91	80	26
00:08:34	74	81	0
00:08:35	66	77	0
00:08:36	63	70	0
00:08:37	56	69	0
00:08:38	44	67	0
00:08:39	27	56	0
00:08:40	35	57	0
00:08:41	40	64	0
00:08:42	56	51	0
00:08:43	80	61	0
00:08:44	64	48	0
00:08:45	66	35	0
00:08:46	53	47	0
00:08:47	43	67	0
00:08:48	57	70	0
00:08:49	51	75	0
00:08:50	60	88	0
00:08:52	60	78	0
00:08:53	47	84	0
00:08:54	47	100	0
00:08:55	50	88	0
00:08:56	50	83	0
00:08:57	48	93	0
00:08:58	57	77	0
00:08:59	54	84	0
00:09:00	51	44	0
00:09:01	26	54	0
00:09:02	21	54	0
00:09:03	10	66	0
00:09:04	29	69	0
00:09:05	38	75	0
00:09:06	48	61	0
00:09:07	54	57	0
00:09:08	41	63	0
00:09:09	41	47	0
00:09:10	44	47	0
00:09:11	37	34	0
00:09:12	53	35	0
00:09:13	54	30	0
00:09:14	50	23	0
00:09:15	44	14	0
00:09:16	27	20	0
00:09:17	29	38	0
00:09:18	26	53	0
00:09:19	29	83	0
00:09:20	44	88	0
00:09:21	53	77	0
00:09:22	63	61	0
00:09:23	78	47	0
00:09:24	81	40	0
00:09:25	67	54	0
00:09:26	54	54	0
00:09:28	44	54	0
00:09:29	40	57	0
00:09:30	54	44	0
00:09:31	64	57	0
00:09:32	74	50	0
00:09:33	74	64	0
00:09:34	75	80	0
00:09:35	77	64	0
00:09:36	60	61	0
00:09:37	56	53	0
00:09:38	64	35	0
00:09:39	54	44	0
00:09:40	53	53	0
00:09:41	40	41	0
00:09:42	24	44	0
00:09:43	38	30	0
00:09:44	48	40	0
00:09:45	57	60	0
00:09:46	69	64	0
00:09:47	50	69	0
00:09:48	43	54	0
00:09:49	34	47	0
00:09:50	34	47	0
00:09:51	40	50	0
00:09:52	43	69	0
00:09:53	57	57	0
00:09:54	64	70	0
00:09:55	61	77	0
00:09:56	57	53	0
00:09:57	47	54	0
00:09:58	29	51	0
00:09:59	34	57	0
00:10:00	34	84	0
00:10:01	26	91	0
00:10:02	47	78	0
00:10:03	56	63	0
00:10:05	74	56	0
00:10:06	80	50	0
00:10:07	77	57	0
00:10:08	69	61	0
00:10:09	61	77	0
00:10:10	47	80	0
00:10:11	50	78	0
00:10:12	44	63	0
00:10:13	44	48	0
00:10:14	60	47	0
00:10:15	53	50	0
00:10:16	60	56	0
00:10:17	61	75	0
00:10:18	61	57	0
00:10:19	41	41	0
00:10:20	37	48	0
00:10:21	37	37	0
00:10:22	34	60	0
00:10:23	57	84	0
00:10:24	50	91	0
00:10:25	48	97	0
00:10:26	38	78	0
00:10:27	34	83	0
00:10:28	44	83	0
00:10:29	57	81	0
00:10:30	61	100	0
00:10:31	44	77	0
00:10:32	38	69	0
00:10:33	50	67	0
00:10:34	66	81	0
00:10:35	75	84	0
00:10:36	61	67	0
00:10:37	51	67	0
00:10:38	53	67	0
00:10:39	44	56	0
00:10:41	60	66	0
00:10:42	63	63	0
00:10:43	51	60	0
00:10:44	64	61	0
00:10:45	69	48	0
00:10:46	57	56	0
00:10:47	61	51	0
00:10:48	44	60	0
00:10:49	43	66	0
00:10:50	48	63	0
00:10:51	57	69	0
00:10:52	56	64	0
00:10:53	53	60	0
00:10:54	57	60	0
00:10:55	57	48	0
00:10:56	69	57	0
00:10:57	67	67	0
00:10:58	74	75	0
00:10:59	70	74	0
00:11:00	75	78	0
00:11:01	74	66	0
00:11:02	61	41	0
00:11:03	48	44	0
00:11:04	41	37	0
00:11:05	35	50	0
00:11:06	40	56	0
00:11:07	50	48	0
00:11:08	54	50	0
00:11:09	48	50	0
00:11:10	51	64	0
00:11:11	40	51	0
00:11:12	40	50	0
00:11:13	43	47	0
00:11:14	51	30	0
00:11:15	41	40	0
00:11:16	21	40	0
00:11:18	34	47	0
00:11:19	27	44	0
00:11:20	48	57	0
00:11:21	70	63	0
00:11:22	67	75	0
00:11:23	54	75	0
00:11:24	48	56	0
00:11:25	48	64	0
00:11:26	38	48	0
00:11:27	51	57	0
00:11:28	63	80	0
00:11:29	67	69	0
00:11:30	81	60	0
00:11:31	57	41	0
00:11:32	56	30	0
00:11:33	56	37	0
00:11:34	44	61	0
00:11:35	69	70	0
00:11:36	64	81	0
00:11:37	41	53	0
00:11:38	37	47	0
00:11:39	17	38	0
00:11:40	26	37	0
00:11:41	40	44	0
00:11:42	35	40	0
00:11:43	50	29	0
00:11:44	47	43	0
00:11:45	43	43	0
00:11:46	40	54	0
00:11:47	38	69	0
00:11:48	24	63	0
00:11:49	24	67	0
00:11:50	30	77	0
00:11:51	26	77	0
00:11:52	47	78	0
00:11:54	50	54	0
00:11:55	50	54	0
00:11:56	61	47	0
00:11:57	60	50	0
00:11:58	66	70	0
00:11:59	63	69	0
00:12:00	61	70	0
00:12:01	57	64	0
00:12:02	56	51	0
00:12:03	57	50	0
00:12:04	48	40	0
00:12:05	54	54	0
00:12:06	44	70	0
00:12:07	54	69	0
00:12:08	40	70	0
00:12:09	47	66	0
00:12:10	34	44	0
00:12:11	53	43	0
00:12:12	48	38	0
00:12:13	61	24	0
00:12:14	57	48	0
00:12:15	57	34	0
00:12:16	54	43	0
00:12:17	34	48	0
00:12:18	27	35	0
00:12:19	24	53	0
00:12:20	35	48	0
00:12:21	37	41	0
00:12:22	53	48	0
00:12:23	66	21	0
00:12:24	69	38	0
00:12:25	61	53	0
00:12:26	63	66	0
00:12:27	37	70	0
00:12:28	24	67	0
00:12:29	37	74	0
00:12:31	37	66	0
00:12:32	53	91	0
00:12:33	53	80	0
00:12:34	57	64	0
00:12:35	50	77	0
00:12:36	47	56	0
00:12:37	50	70	0
00:12:38	50	77	0
00:12:39	44	67	0
00:12:40	40	80	0
00:12:41	29	51	0
00:12:42	54	38	0
00:12:43	51	24	0
00:12:44	43	20	0
00:12:45	48	13	0
00:12:46	38	34	0
00:12:47	47	23	0
00:12:48	41	27	0
00:12:49	41	27	0
00:12:50	38	1	0
00:12:51	41	4	0
00:12:52	47	14	0
00:12:53	26	27	0
00:12:54	24	60	0
00:12:55	27	57	0
00:12:56	38	63	0
00:12:57	54	74	0
00:12:58	60	57	0
00:12:59	60	74	0
00:13:00	70	60	0
00:13:01	64	66	0
00:13:02	66	66	0
00:13:03	61	64	0
00:13:04	50	74	0
00:13:05	57	69	0
00:13:06	47	48	0
00:13:08	40	44	0
00:13:09	24	47	0
00:13:10	21	37	0
00:13:11	50	64	0
00:13:12	57	54	0
00:13:13	38	67	0
00:13:14	17	53	0
00:13:15	24	40	0
00:13:16	26	61	0
00:13:17	40	57	0
00:13:18	56	67	0
00:13:19	64	81	0
00:13:20	51	61	0
00:13:21	56	53	0
00:13:22	57	53	0
00:13:23	38	35	0
00:13:24	51	44	0
00:13:25	54	37	0
00:13:26	54	40	0
00:13:27	78	54	0
00:13:28	77	51	0
00:13:29	75	63	0
00:13:30	70	66	0
00:13:31	48	80	0
00:13:32	56	74	0
00:13:33	61	74	0
00:13:34	57	63	0
00:13:35	53	40	0
00:13:36	54	48	0
00:13:37	60	43	0
00:13:38	50	44	0
00:13:39	61	60	0
00:13:40	47	53	0
00:13:41	40	61	0
00:13:42	51	66	0
00:13:44	56	83	0
00:13:45	41	70	0
00:13:46	43	64	0
00:13:47	20	43	0
00:13:48	27	37	0
00:13:49	35	44	0
00:13:50	16	41	0
00:13:51	34	60	0
00:13:52	17	74	0
00:13:53	20	64	0
00:13:54	23	53	0
00:13:55	24	50	0
00:13:56	29	30	0
00:13:57	24	14	0
00:13:58	29	29	0
00:13:59	40	41	0
00:14:00	54	47	0
00:14:01	69	67	0
00:14:02	75	56	0
00:14:03	60	48	0
00:14:04	47	50	0
00:14:05	34	54	0
00:14:06	34	57	0
00:14:07	35	37	0
00:14:08	41	37	0
00:14:09	50	34	0
00:14:10	53	43	0
00:14:11	51	54	0
00:14:12	48	54	0
00:14:13	41	24	0
00:14:14	44	35	0
00:14:15	44	11	0
00:14:16	50	35	0
00:14:17	54	57	0
00:14:18	60	67	0
00:14:20	63	88	0
00:14:21	56	84	0
00:14:22	63	74	0
00:14:23	56	69	0
00:14:24	41	75	0
00:14:25	44	69	0
00:14:26	27	70	0
00:14:27	24	67	0
00:14:28	41	77	0
00:14:29	41	61	0
00:14:30	38	66	0
00:14:31	48	67	0
00:14:32	50	56	0
00:14:33	56	57	0
00:14:34	69	57	0
00:14:35	48	50	0
00:14:36	40	51	0
00:14:37	16	64	0
00:14:38	11	63	0
00:14:39	16	67	0
00:14:40	20	50	0
00:14:41	41	53	0
00:14:42	37	56	0
00:14:43	48	43	0
00:14:44	53	63	0
00:14:45	41	60	0
00:14:46	60	63	0
00:14:47	57	67	0
00:14:48	61	75	0
00:14:49	56	80	0
00:14:50	56	70	0
00:14:51	54	64	0
00:14:52	60	50	0
00:14:53	44	43	0
00:14:54	38	66	0
00:14:55	27	57	0
00:14:57	27	66	0
00:14:58	37	69	0
00:14:59	30	57	0
00:15:00	29	67	0
00:15:01	23	51	0
00:15:02	35	50	0
00:15:03	34	41	0
00:15:04	50	38	0
00:15:05	60	50	0
00:15:06	41	51	0
00:15:07	50	50	0
00:15:08	41	47	0
00:15:09	30	30	0
00:15:10	43	43	0
00:15:11	43	60	0
00:15:12	51	53	0
00:15:13	54	74	0
00:15:14	43	70	0
00:15:15	44	53	0
00:15:16	41	57	0
00:15:17	56	57	0
00:15:18	54	69	0
00:15:19	53	67	0
00:15:20	43	67	0
00:15:21	50	48	0
00:15:22	30	40	0
00:15:23	35	48	0
00:15:24	43	37	0
00:15:25	43	53	0
00:15:26	53	43	0
00:15:27	50	57	0
00:15:28	47	69	0
00:15:29	48	67	0
00:15:30	51	83	0
00:15:31	44	63	0
00:15:33	43	67	0
00:15:34	34	74	0
00:15:35	40	81	0
00:15:36	43	84	0
00:15:37	37	88	0
00:15:38	43	74	0
00:15:39	41	67	0
00:15:40	47	70	0
00:15:41	54	57	0
00:15:42	41	53	0
00:15:43	35	57	0
00:15:44	24	41	0
00:15:45	17	37	0
00:15:46	17	47	0
00:15:47	17	44	0
00:15:48	34	54	0
00:15:49	47	66	0
00:15:50	51	60	0
00:15:51	48	60	0
00:15:52	44	69	0
00:15:53	41	57	0
00:15:54	40	54	0
00:15:55	44	54	0
00:15:56	47	56	0
00:15:57	38	51	0
00:15:58	34	53	0
00:15:59	23	51	0
00:16:00	27	43	0
00:16:01	35	30	0
00:16:02	50	27	0
00:16:03	57	27	0
00:16:04	56	20	0
00:16:05	60	40	0
00:16:06	48	37	0
00:16:07	54	41	0
00:16:09	54	41	0
00:16:10	40	41	0
00:16:11	26	37	0
00:16:12	34	37	0
00:16:13	54	40	0
00:16:14	74	60	0
00:16:15	100	78	0
00:16:16	83	77	0
00:16:17	77	87	0
00:16:18	48	64	0
00:16:19	34	53	0
00:16:20	23	47	0
00:16:21	48	56	0
00:16:22	67	44	0
00:16:23	70	51	0
00:16:24	88	48	0
00:16:25	91	47	0
00:16:26	77	61	0
00:16:27	67	57	0
00:16:28	67	57	0
00:16:29	51	64	0
00:16:30	56	51	0
00:16:31	56	51	0
00:16:32	70	56	0
00:16:33	74	56	0
00:16:34	74	61	0
00:16:35	74	60	0
00:16:36	61	44	0
00:16:37	60	40	0
00:16:38	67	38	0
00:16:39	75	44	0
00:16:40	75	78	0
00:16:41	77	74	0
00:16:42	64	60	0
00:16:43	77	63	0
00:16:45	67	47	0
00:16:46	67	51	0
00:16:47	64	75	0
00:16:48	48	74	0
00:16:49	60	75	0
00:16:50	41	41	0
00:16:51	54	17	0
00:16:52	40	7	0
00:16:53	38	10	0
00:16:54	53	30	0
00:16:55	53	53	0
00:16:56	64	64	0
00:16:57	70	69	0
00:16:58	50	54	0
00:16:59	38	56	0
00:17:00	40	48	0
00:17:01	48	63	0
00:17:02	60	75	0
00:17:03	61	63	0
00:17:04	64	69	0
00:17:05	64	40	0
00:17:06	51	26	0
00:17:07	66	38	0
00:17:08	50	35	0
00:17:09	37	26	0
00:17:10	48	38	0
00:17:11	40	34	0
00:17:12	51	37	0
00:17:13	57	54	0
00:17:14	54	53	0
00:17:15	48	53	0
00:17:16	47	53	0
00:17:17	44	47	0
00:17:18	54	30	0
00:17:19	64	43	0
00:17:20	63	41	0
00:17:22	60	56	0
00:17:23	48	44	0
00:17:24	54	47	0
00:17:25	69	43	0
00:17:26	61	63	0
00:17:27	61	56	0
00:17:28	63	47	0
00:17:29	57	48	0
00:17:30	70	34	0
00:17:31	91	40	0
00:17:32	90	44	0
00:17:33	84	38	0
00:17:34	84	37	0
00:17:35	77	43	0
00:17:36	74	48	0
00:17:37	64	26	0
00:17:38	60	44	0
00:17:39	47	54	0
00:17:40	34	54	0
00:17:41	41	80	0
00:17:42	23	80	0
00:17:43	30	67	0
00:17:44	43	78	0
00:17:45	37	70	0
00:17:46	38	57	0
00:17:47	21	48	0
00:17:48	30	40	0
00:17:49	29	30	0
00:17:50	40	48	0
00:17:51	51	66	0
00:17:52	35	60	0
00:17:53	13	47	0
00:17:54	1	47	0
00:17:55	8	38	0
00:17:56	20	47	0
00:17:57	40	66	0
00:17:59	60	74	0
00:18:00	53	78	0
00:18:01	40	66	0
00:18:02	38	54	0
00:18:03	50	44	0
00:18:04	60	54	0
00:18:05	78	66	0
00:18:06	75	75	0
00:18:07	70	69	0
00:18:08	67	70	0
00:18:09	60	54	0
00:18:10	67	60	0
00:18:11	51	57	0
00:18:12	44	57	0
00:18:13	50	57	0
00:18:14	41	43	0
00:18:15	57	30	0
00:18:16	75	30	0
00:18:17	57	35	0
00:18:18	54	40	0
00:18:19	40	53	0
00:18:20	13	67	0
00:18:21	29	69	0
00:18:22	48	70	0
00:18:23	41	75	0
00:18:24	53	60	0
00:18:25	27	69	0
00:18:26	40	61	0
00:18:27	40	61	0
00:18:28	44	54	0
00:18:29	38	54	0
00:18:30	30	50	0
00:18:31	43	47	0
00:18:32	47	47	0
00:18:33	57	38	0
00:18:34	64	61	0
00:18:36	74	66	0
00:18:37	51	75	0
00:18:38	69	83	0
00:18:39	70	75	0
00:18:40	54	80	0
00:18:41	56	78	0
00:18:42	44	88	0
00:18:43	40	81	0
00:18:44	47	80	0
00:18:45	63	75	0
00:18:46	67	69	0
00:18:47	54	64	0
00:18:48	61	51	0
00:18:49	50	60	0
00:18:50	44	53	0
00:18:51	56	67	0
00:18:52	48	80	0
00:18:53	56	81	0
00:18:54	41	84	0
00:18:55	48	70	0
00:18:56	30	60	0
00:18:57	21	54	0
00:18:58	16	56	0
00:18:59	11	40	0
00:19:00	17	38	0
00:19:01	27	44	0
00:19:02	35	48	0
00:19:03	17	56	0
00:19:04	37	61	0
00:19:05	50	56	0
00:19:06	48	44	0
00:19:07	48	44	0
00:19:08	64	41	0
00:19:09	60	48	0
00:19:11	75	47	0
00:19:12	63	54	0
00:19:13	53	54	0
00:19:14	44	56	0
00:19:15	27	88	0
00:19:16	43	93	0
00:19:17	47	77	0
00:19:18	40	67	0
00:19:19	41	60	0
00:19:20	21	38	0
00:19:21	11	61	0
00:19:22	17	56	0
00:19:23	34	50	0
00:19:24	57	63	0
00:19:25	60	54	0
00:19:26	70	74	0
00:19:27	57	88	0
00:19:28	60	100	0
00:19:29	38	94	0
00:19:30	43	84	0
00:19:31	20	66	0
00:19:32	10	41	0
00:19:33	16	41	0
00:19:34	7	40	0
00:19:35	7	35	0
00:19:36	16	40	0
00:19:37	27	44	0
00:19:38	26	51	0
00:19:39	40	70	0
00:19:40	43	87	0
00:19:41	29	83	0
00:19:42	40	81	0
00:19:43	48	70	0
00:19:44	47	47	0
00:19:45	56	44	0
00:19:46	47	37	0
00:19:48	41	48	0
00:19:49	43	63	0
00:19:50	34	70	0
00:19:51	27	83	0
00:19:52	14	74	0
00:19:53	10	66	0
00:19:54	23	57	0
00:19:55	34	53	0
00:19:56	41	56	0
00:19:57	48	70	0
00:19:58	50	78	0
00:19:59	35	77	0
00:20:00	35	77	0
00:20:01	35	61	0
00:20:02	47	61	0
00:20:03	51	60	0
00:20:04	50	53	0
00:20:05	35	69	0
00:20:06	30	63	0
00:20:07	38	75	0
00:20:08	56	78	0
00:20:09	57	64	0
00:20:10	56	83	0
00:20:11	40	77	0
00:20:12	26	80	0
00:20:13	35	87	0
00:20:14	37	70	0
00:20:15	40	78	0
00:20:16	27	70	0
00:20:17	13	57	0
00:20:18	16	64	0
00:20:19	20	56	0
00:20:20	11	60	0
00:20:21	20	74	0
00:20:22	11	78	0
00:20:23	1	67	0
00:20:25	1	66	0
00:20:26	7	64	0
00:20:27	13	60	0
00:20:28	44	74	0
00:20:29	60	84	0
00:20:30	47	61	0
00:20:31	16	53	0
00:20:32	23	37	0
00:20:33	30	48	0
00:20:34	40	47	0
00:20:35	41	47	0
00:20:36	24	47	0
00:20:37	23	67	0
00:20:38	21	74	0
00:20:39	10	66	0
00:20:40	17	75	0
00:20:41	23	63	0
00:20:42	11	64	0
00:20:43	29	74	0
00:20:44	20	75	0
00:20:45	21	75	0
00:20:46	30	64	0
00:20:47	27	50	0
00:20:48	38	43	0
00:20:49	16	37	0
00:20:50	17	40	0
00:20:51	17	66	0
00:20:52	27	70	0
00:20:53	47	84	0
00:20:54	48	91	0
00:20:55	41	69	0
00:20:56	38	70	0
00:20:57	47	64	0
00:20:58	51	63	0
00:20:59	54	61	0
00:21:01	47	47	0
00:21:02	30	40	0
00:21:03	37	41	0
00:21:04	37	40	0
00:21:05	38	54	0
00:21:06	38	57	0
00:21:07	38	57	0
00:21:08	38	66	0
00:21:09	41	50	0
00:21:10	48	63	0
00:21:11	57	67	0
00:21:12	61	57	0
00:21:13	56	66	0
00:21:14	38	56	0
00:21:15	35	56	0
00:21:16	35	63	0
00:21:17	29	47	0
00:21:18	48	50	0
00:21:19	44	56	0
00:21:20	44	77	0
00:21:21	43	80	0
00:21:22	30	70	0
00:21:23	26	66	0
00:21:24	27	41	0
00:21:25	16	30	0
00:21:26	23	51	0
00:21:27	30	44	0
00:21:28	23	43	0
00:21:29	43	51	0
00:21:30	29	37	0
00:21:31	30	38	0
00:21:32	41	60	0
00:21:33	53	67	0
00:21:34	56	74	0
00:21:35	53	66	0
00:21:36	63	67	0
00:21:38	53	74	0
00:21:39	41	80	0
00:21:40	48	80	0
00:21:41	40	97	0
00:21:42	44	88	0
00:21:43	50	90	0
00:21:44	40	84	0
00:21:45	48	61	0
00:21:46	43	69	0
00:21:47	35	50	0
00:21:48	37	47	0
00:21:49	30	56	0
00:21:50	37	51	0
00:21:51	37	64	0
00:21:52	37	69	0
00:21:53	51	64	0
00:21:54	40	63	0
00:21:55	54	54	0
00:21:56	60	61	0
00:21:57	51	69	0
00:21:58	51	66	0
00:21:59	43	80	0
00:22:00	47	66	0
00:22:01	50	56	0
00:22:02	48	61	0
00:22:03	51	51	0
00:22:04	53	50	0
00:22:05	41	43	0
00:22:06	29	29	0
00:22:07	26	37	0
00:22:08	8	40	0
00:22:09	30	47	0
00:22:10	44	66	0
00:22:11	35	67	0
00:22:12	50	81	0
00:22:13	47	88	0
00:22:15	48	80	0
00:22:16	43	77	0
00:22:17	21	64	0
00:22:18	20	44	0
00:22:19	20	53	0
00:22:20	27	60	0
00:22:21	56	61	0
00:22:22	56	64	0
00:22:23	35	48	0
00:22:24	44	43	0
00:22:25	41	53	0
00:22:26	44	63	0
00:22:27	60	61	0
00:22:28	54	57	0
00:22:29	44	40	0
00:22:30	44	38	0
00:22:31	50	57	0
00:22:32	50	70	0
00:22:33	51	80	0
00:22:34	48	69	0
00:22:35	51	63	0
00:22:36	47	53	0
00:22:37	41	67	0
00:22:38	29	57	0
00:22:39	20	56	0
00:22:40	27	63	0
00:22:41	24	38	0
00:22:42	26	50	0
00:22:43	44	61	0
00:22:44	47	41	0
00:22:45	60	56	0
00:22:46	66	57	0
00:22:47	57	54	0
00:22:48	56	78	0
00:22:49	54	80	0
00:22:51	50	70	0
00:22:52	47	81	0
00:22:53	23	66	0
00:22:54	16	61	0
00:22:55	24	70	0
00:22:56	27	66	0
00:22:57	50	67	0
00:22:58	60	77	0
00:22:59	53	74	0
00:23:00	50	60	0
00:23:01	37	53	0
00:23:02	34	56	0
00:23:03	44	51	0
00:23:04	40	48	0
00:23:05	48	56	0
00:23:06	40	41	0
00:23:07	30	43	0
00:23:08	27	54	0
00:23:09	30	50	0
00:23:10	43	53	0
00:23:11	63	54	0
00:23:12	53	47	0
00:23:13	54	57	0
00:23:14	43	53	0
00:23:15	20	35	0
00:23:16	40	47	0
00:23:17	41	34	0
00:23:18	37	51	0
00:23:19	48	74	0
00:23:20	47	80	0
00:23:21	38	81	0
00:23:22	41	64	0
00:23:23	34	57	0
00:23:24	30	48	0
00:23:25	34	54	0
00:23:26	37	50	0
00:23:28	53	38	0
00:23:29	60	41	0
00:23:30	67	50	0
00:23:31	69	66	0
00:23:32	54	70	0
00:23:33	54	78	0
00:23:34	41	87	0
00:23:35	30	88	0
00:23:36	40	100	0
00:23:37	24	97	0
00:23:38	30	90	0
00:23:39	41	84	0
00:23:40	41	70	0
00:23:41	40	69	0
00:23:42	21	61	0
00:23:43	11	51	0
00:23:44	1	50	0
00:23:45	1	34	0
00:23:46	1	34	0
00:23:47	16	20	0
00:23:48	21	8	0
00:23:49	24	21	0
00:23:50	24	35	0
00:23:51	29	35	0
00:23:52	37	48	0
00:23:53	43	53	0
00:23:54	57	70	0
00:23:55	70	70	0
00:23:56	69	74	0
00:23:57	63	63	0
00:23:58	51	57	0
00:23:59	43	50	0
00:24:00	47	43	0
00:24:01	64	47	0
00:24:02	77	43	0
00:24:03	67	41	0
00:24:05	56	47	0
00:24:06	41	57	0
00:24:07	26	53	0
00:24:08	29	54	0
00:24:09	41	60	0
00:24:10	27	38	0
00:24:11	41	30	0
00:24:12	26	21	0
00:24:13	35	34	0
00:24:14	27	38	0
00:24:15	35	51	0
00:24:16	53	66	0
00:24:17	57	75	0
00:24:18	61	87	0
00:24:19	53	80	0
00:24:20	51	77	0
00:24:21	50	56	0
00:24:22	67	43	0
00:24:23	74	44	0
00:24:24	64	29	0
00:24:25	78	50	0
00:24:26	60	41	0
00:24:27	53	41	0
00:24:28	53	51	0
00:24:29	43	56	0
00:24:30	51	63	0
00:24:31	35	56	0
00:24:32	35	47	0
00:24:33	35	56	0
00:24:34	20	43	0
00:24:35	50	56	0
00:24:36	57	70	0
00:24:37	67	50	0
00:24:38	78	67	0
00:24:39	69	64	0
00:24:40	75	61	0
00:24:42	75	63	0
00:24:43	77	53	0
00:24:44	70	44	0
00:24:45	78	41	0
00:24:46	78	35	0
00:24:47	70	43	0
00:24:48	64	40	0
00:24:49	53	53	0
00:24:50	60	66	0
00:24:51	67	61	0
00:24:52	63	64	0
00:24:53	53	57	0
00:24:54	48	56	0
00:24:55	50	57	0
00:24:56	53	47	0
00:24:57	56	30	0
00:24:58	41	27	0
00:24:59	50	41	0
00:25:00	54	54	0
00:25:01	56	69	0
00:25:02	69	75	0
00:25:03	64	64	0
00:25:04	61	64	0
00:25:05	57	63	0
00:25:06	70	51	0
00:25:07	81	44	0
00:25:08	88	41	0
00:25:09	80	40	0
00:25:10	69	54	0
00:25:11	53	61	0
00:25:12	53	57	0
00:25:13	67	54	0
00:25:14	64	51	0
00:25:15	54	51	0
00:25:16	41	56	0
00:25:18	50	48	0
00:25:19	30	37	0
00:25:20	56	37	0
00:25:21	56	27	0
00:25:22	66	48	0
00:25:23	81	63	0
00:25:24	54	51	0
00:25:25	60	54	0
00:25:26	44	37	0
00:25:27	37	21	0
00:25:28	38	27	0
00:25:29	40	30	0
00:25:30	35	54	0
00:25:31	30	56	0
00:25:32	29	50	0
00:25:33	14	47	0
00:25:34	24	24	0
00:25:35	35	43	0
00:25:36	43	57	0
00:25:37	54	56	0
00:25:38	50	56	0
00:25:39	44	53	0
00:25:40	38	53	0
00:25:41	38	54	0
00:25:42	26	75	0
00:25:43	14	67	0
00:25:44	23	69	0
00:25:45	51	63	0
00:25:46	78	60	0
00:25:47	84	48	0
00:25:48	90	51	0
00:25:49	87	43	0
00:25:50	74	54	0
00:25:51	57	51	0
00:25:52	47	43	0
00:25:53	43	61	0
00:25:55	43	51	0
00:25:56	43	78	0
00:25:57	43	70	0
00:25:58	38	61	0
00:25:59	43	66	0
00:26:00	53	51	0
00:26:01	63	53	0
00:26:02	74	37	0
00:26:03	69	44	0
00:26:04	83	40	0
00:26:05	83	48	0
00:26:06	75	66	0
00:26:07	75	56	0
00:26:08	69	57	0
00:26:09	60	54	0
00:26:10	70	56	0
00:26:11	64	60	0
00:26:12	60	70	0
00:26:13	51	60	0
00:26:14	37	60	0
00:26:15	30	63	0
00:26:16	24	56	0
00:26:17	44	50	0
00:26:18	50	53	0
00:26:19	50	57	0
00:26:20	47	83	0
00:26:21	34	69	0
00:26:22	26	48	0
00:26:23	29	35	0
00:26:24	35	27	0
00:26:25	47	37	0
00:26:26	48	51	0
00:26:27	51	57	0
00:26:28	57	60	0
00:26:29	48	50	0
00:26:31	50	50	0
00:26:32	41	57	0
00:26:33	41	51	0
00:26:34	40	64	0
00:26:35	53	67	0
00:26:36	51	61	0
00:26:37	48	64	0
00:26:38	56	66	0
00:26:39	60	60	0
00:26:40	64	66	0
00:26:41	67	67	0
00:26:42	60	61	0
00:26:43	57	69	0
00:26:44	64	61	0
00:26:45	81	54	0
00:26:46	93	63	0
00:26:47	96	64	0
00:26:48	80	64	0
00:26:49	67	47	0
00:26:50	66	38	0
00:26:51	57	40	0
00:26:52	54	44	0
00:26:53	69	66	0
00:26:54	70	75	0
00:26:55	75	74	0
00:26:56	81	75	0
00:26:57	67	67	0
00:26:58	57	64	0
00:26:59	40	69	0
00:27:00	26	63	0
00:27:01	41	67	0
00:27:02	48	70	0
00:27:03	56	61	0
00:27:04	66	66	0
00:27:05	50	56	0
00:27:07	61	54	0
00:27:08	66	48	0
00:27:09	69	50	0
00:27:10	88	51	0
00:27:11	70	54	0
00:27:12	75	74	0
00:27:13	70	75	0
00:27:14	60	81	0
00:27:15	56	64	0
00:27:16	44	53	0
00:27:17	41	48	0
00:27:18	43	47	0
00:27:19	41	57	0
00:27:20	50	43	0
00:27:21	48	48	0
00:27:22	50	40	0
00:27:23	50	54	0
00:27:24	30	54	0
00:27:25	30	54	0
00:27:26	16	38	0
00:27:27	13	47	0
00:27:28	34	47	0
00:27:29	57	63	0
00:27:30	64	75	0
00:27:31	64	66	0
00:27:32	47	43	0
00:27:33	35	29	0
00:27:34	38	16	0
00:27:35	47	29	0
00:27:36	57	60	0
00:27:37	67	69	0
00:27:38	63	77	0
00:27:39	60	70	0
00:27:40	60	51	0
00:27:41	50	51	0
00:27:43	51	64	0
00:27:44	48	60	0
00:27:45	43	67	0
00:27:46	56	69	0
00:27:47	47	50	0
00:27:48	51	60	0
00:27:49	63	56	0
00:27:50	40	47	0
00:27:51	29	26	0
00:27:52	23	43	0
00:27:53	30	50	0
00:27:54	50	75	0
00:27:55	53	91	0
00:27:56	57	84	0
00:27:57	67	83	0
00:27:58	70	80	0
00:27:59	74	53	0
00:28:00	69	44	0
00:28:01	61	53	0
00:28:02	64	44	0
00:28:03	66	48	0
00:28:04	66	48	26
00:28:05	61	51	0
00:28:06	56	44	0
00:28:07	47	37	0
00:28:08	34	48	0
00:28:09	35	47	0
00:28:10	44	38	0
00:28:11	40	53	0
00:28:12	51	53	0
00:28:13	51	64	0
00:28:14	54	80	0
00:28:15	64	56	0
00:28:16	43	41	0
00:28:17	30	20	0
00:28:19	24	17	0
00:28:20	17	30	0
00:28:21	16	34	0
00:28:22	29	47	0
00:28:23	41	50	0
00:28:24	61	66	0
00:28:25	50	64	0
00:28:26	38	57	0
00:28:27	41	48	0
00:28:28	38	51	0
00:28:29	43	44	0
00:28:30	56	43	0
00:28:31	51	63	0
00:28:32	63	54	0
00:28:33	78	53	0
00:28:34	87	56	0
00:28:35	77	53	0
00:28:36	50	50	0
00:28:37	23	50	0
00:28:38	1	48	0
00:28:39	1	41	0
00:28:40	8	47	0
00:28:41	17	51	0
00:28:42	21	37	0
00:28:43	26	47	0
00:28:44	27	51	0
00:28:45	35	60	0
00:28:46	40	81	0
00:28:47	30	66	0
00:28:48	26	50	0
00:28:49	16	37	0
00:28:50	14	27	0
00:28:51	30	40	0
00:28:52	56	54	0
00:28:53	64	67	0
00:28:55	63	70	0
00:28:56	56	66	0
00:28:57	40	60	0
00:28:58	27	48	0
00:28:59	21	47	0
00:29:00	21	60	0
00:29:01	27	64	0
00:29:02	30	67	0
00:29:03	40	64	0
00:29:04	44	60	0
00:29:05	40	57	0
00:29:06	43	57	0
00:29:07	29	44	0
00:29:08	20	43	0
00:29:09	29	61	0
00:29:10	16	61	0
00:29:11	20	70	0
00:29:12	16	48	0
00:29:13	8	35	0
00:29:14	23	38	0
00:29:15	17	40	0
00:29:16	20	53	0
00:29:17	41	54	0
00:29:18	40	54	0
00:29:19	41	64	0
00:29:20	47	69	0
00:29:21	29	75	0
00:29:22	37	66	0
00:29:23	43	53	0
00:29:24	40	43	0
00:29:25	38	54	0
00:29:26	48	57	0
00:29:27	30	48	0
00:29:28	47	63	0
00:29:29	56	56	0
00:29:30	63	44	0
00:29:32	77	57	0
00:29:33	67	48	0
00:29:34	50	37	0
00:29:35	37	37	0
00:29:36	40	40	0
00:29:37	35	37	0
00:29:38	47	53	0
00:29:39	51	57	0
00:29:40	37	56	0
00:29:41	47	56	0
00:29:42	43	51	0
00:29:43	47	47	0
00:29:44	69	50	0
00:29:45	64	56	0
00:29:46	57	53	0
00:29:47	61	61	0
00:29:48	57	60	0
00:29:49	54	63	0
00:29:50	69	66	0
00:29:51	64	66	0
00:29:52	30	43	0
00:29:53	30	41	0
00:29:54	16	40	0
00:29:55	30	70	0
00:29:56	30	51	0
00:29:57	30	67	0
00:29:58	37	50	0
00:29:59	30	54	0
00:30:00	40	69	0
00:30:01	30	51	0
00:30:02	38	56	0
00:30:03	43	50	0
00:30:04	43	50	0
00:30:05	51	51	0
00:30:06	41	54	0
00:30:08	41	56	0
00:30:09	37	50	0
00:30:10	35	44	0
00:30:11	35	37	0
00:30:12	24	23	0
00:30:13	29	30	0
00:30:14	24	26	0
00:30:15	35	38	0
00:30:16	44	51	0
00:30:17	56	51	0
00:30:18	75	61	0
00:30:19	81	63	0
00:30:20	83	64	0
00:30:21	67	56	0
00:30:22	50	69	0
00:30:23	38	66	0
00:30:24	44	66	0
00:30:25	41	74	0
00:30:26	51	60	0
00:30:27	43	47	0
00:30:28	44	51	0
00:30:29	26	47	0
00:30:30	30	53	0
00:30:31	30	67	0
00:30:32	26	56	0
00:30:33	37	61	0
00:30:34	26	48	0
00:30:35	29	54	0
00:30:36	41	64	0
00:30:37	50	75	0
00:30:38	66	69	0
00:30:39	63	53	0
00:30:40	66	47	0
00:30:41	67	50	0
00:30:42	61	67	0
00:30:44	41	61	0
00:30:45	51	67	0
00:30:46	47	60	0
00:30:47	41	41	0
00:30:48	51	54	0
00:30:49	29	44	0
00:30:50	27	37	0
00:30:51	27	38	0
00:30:52	20	24	0
00:30:53	24	29	0
00:30:54	29	43	0
00:30:55	37	51	0
00:30:56	60	67	0
00:30:57	64	74	0
00:30:58	61	75	0
00:30:59	56	67	0
00:31:00	53	69	0
00:31:01	63	61	0
00:31:02	75	64	0
00:31:03	66	74	0
00:31:04	64	70	0
00:31:05	66	77	0
00:31:06	51	67	0
00:31:07	60	74	0
00:31:08	63	66	0
00:31:09	50	53	0
00:31:10	53	50	0
00:31:11	63	37	0
00:31:12	56	30	0
00:31:13	51	44	0
00:31:14	51	47	0
00:31:15	40	48	0
00:31:16	54	63	0
00:31:17	64	57	0
00:31:18	66	56	0
00:31:19	74	61	0
00:31:21	67	61	0
00:31:22	67	64	0
00:31:23	67	70	0
00:31:24	51	69	0
00:31:25	38	60	0
00:31:26	34	67	0
00:31:27	30	64	0
00:31:28	26	77	0
00:31:29	29	87	0
00:31:30	30	77	0
00:31:31	35	70	0
00:31:32	35	63	0
00:31:33	47	64	0
00:31:34	35	44	0
00:31:35	47	43	0
00:31:36	47	43	0
00:31:37	34	34	0
00:31:38	38	41	0
00:31:39	35	48	0
00:31:40	29	50	0
00:31:41	24	61	0
00:31:42	34	64	0
00:31:43	37	64	0
00:31:44	50	69	0
00:31:45	61	54	0
00:31:46	47	44	0
00:31:47	41	35	0
00:31:48	30	47	0
00:31:49	35	74	0
00:31:50	54	87	0
00:31:51	57	80	0
00:31:52	70	61	0
00:31:53	70	44	0
00:31:54	61	41	0
00:31:55	66	47	0
00:31:56	74	48	0
00:31:58	75	48	0
00:31:59	84	56	0
00:32:00	77	66	0
00:32:01	64	75	0
00:32:02	53	50	0
00:32:03	51	41	0
00:32:04	51	41	0
00:32:05	43	43	0
00:32:06	37	57	0
00:32:07	38	57	0
00:32:08	54	48	0
00:32:09	51	53	0
00:32:10	75	57	0
00:32:11	78	74	0
00:32:12	60	69	0
00:32:13	70	67	0
00:32:14	53	60	0
00:32:15	54	54	0
00:32:16	66	77	0
00:32:17	70	54	0
00:32:18	91	57	0
00:32:19	96	53	0
00:32:20	96	23	0
00:32:21	81	51	0
00:32:22	66	54	0
00:32:23	57	61	0
00:32:24	54	75	0
00:32:25	63	63	0
00:32:26	70	61	0
00:32:27	57	56	0
00:32:28	64	61	0
00:32:29	61	77	0
00:32:30	56	80	0
00:32:31	57	61	0
00:32:32	48	50	0
00:32:34	44	37	0
00:32:35	60	54	0
00:32:36	51	56	0
00:32:37	51	66	0
00:32:38	57	75	0
00:32:39	53	84	0
00:32:40	60	83	0
00:32:41	60	77	0
00:32:42	56	77	0
00:32:43	57	70	0
00:32:44	78	57	0
00:32:45	69	56	0
00:32:46	63	56	0
00:32:47	56	53	0
00:32:48	43	53	0
00:32:49	61	63	0
00:32:50	74	56	0
00:32:51	75	50	0
00:32:52	64	57	0
00:32:53	63	51	0
00:32:54	48	44	0
00:32:55	43	35	0
00:32:56	34	38	0
00:32:57	34	40	0
00:32:58	44	34	0
00:32:59	61	51	0
00:33:00	63	50	0
00:33:01	43	40	0
00:33:02	47	56	0
00:33:03	61	53	0
00:33:04	64	41	0
00:33:05	44	41	0
00:33:06	37	41	0
00:33:07	16	43	0
00:33:08	21	57	0
00:33:09	37	63	0
00:33:11	47	64	0
00:33:12	54	57	0
00:33:13	67	63	0
00:33:14	70	63	0
00:33:15	69	67	0
00:33:16	60	74	0
00:33:17	43	67	0
00:33:18	29	50	0
00:33:19	21	41	0
00:33:20	35	43	0
00:33:21	41	53	0
00:33:22	43	70	0
00:33:23	37	80	0
00:33:24	24	80	0
00:33:25	8	69	0
00:33:26	7	75	0
00:33:27	23	77	0
00:33:28	44	66	0
00:33:29	63	75	0
00:33:30	74	60	0
00:33:31	81	63	0
00:33:32	69	75	0
00:33:33	64	67	0
00:33:34	60	66	0
00:33:35	51	63	0
00:33:36	54	67	0
00:33:37	47	66	0
00:33:38	35	74	0
00:33:39	35	60	0
00:33:40	26	35	0
00:33:41	40	41	0
00:33:42	37	26	0
00:33:43	34	40	0
00:33:44	37	61	0
00:33:45	23	54	0
00:33:46	27	69	0
00:33:48	26	61	0
00:33:49	34	63	0
00:33:50	41	61	0
00:33:51	41	54	0
00:33:52	43	60	0
00:33:53	29	60	0
00:33:54	34	67	0
00:33:55	37	69	0
00:33:56	47	64	0
00:33:57	61	54	0
00:33:58	64	53	0
00:33:59	64	38	0
00:34:00	56	38	0
00:34:01	47	37	0
00:34:02	40	37	0
00:34:03	40	37	25
00:34:04	40	37	25
00:34:05	37	54	0
00:34:06	23	48	0
00:34:07	21	54	0
00:34:08	21	51	0
00:34:09	34	74	0
00:34:10	34	75	0
00:34:11	38	84	0
00:34:12	40	90	0
00:34:13	38	84	0
00:34:14	47	80	0
00:34:15	47	66	0
00:34:16	43	66	0
00:34:17	37	57	0
00:34:18	40	69	0
00:34:19	30	60	0
00:34:20	34	43	0
00:34:21	44	60	0
00:34:22	50	51	0
00:34:24	50	57	0
00:34:25	50	69	0
00:34:26	34	47	0
00:34:27	34	47	0
00:34:28	44	41	0
00:34:29	44	35	0
00:34:30	53	35	0
00:34:31	51	34	0
00:34:32	54	30	0
00:34:33	51	26	0
00:34:34	51	37	0
00:34:35	40	50	0
00:34:36	26	50	0
00:34:37	27	56	0
00:34:38	41	40	0
00:34:39	44	41	0
00:34:40	41	44	0
00:34:41	43	29	0
00:34:42	47	44	0
00:34:43	47	50	0
00:34:44	51	40	0
00:34:45	47	54	0
00:34:46	53	54	0
00:34:47	54	47	0
00:34:48	47	53	0
00:34:49	50	40	0
00:34:50	54	40	0
00:34:51	54	51	0
00:34:52	66	51	0
00:34:53	61	48	0
00:34:54	53	51	0
00:34:55	51	44	0
00:34:56	41	50	0
00:34:57	44	61	0
00:34:58	47	63	0
00:35:00	56	70	0
00:35:01	67	74	0
00:35:02	64	70	0
00:35:03	54	66	0
00:35:04	44	61	0
00:35:05	41	60	0
00:35:06	34	61	0
00:35:07	43	75	0
00:35:08	44	70	0
00:35:09	40	70	0
00:35:10	44	61	0
00:35:11	40	61	0
00:35:12	47	60	0
00:35:13	51	64	0
00:35:14	50	63	0
00:35:15	47	70	0
00:35:16	37	64	0
00:35:17	38	61	0
00:35:18	41	54	0
00:35:19	61	38	0
00:35:20	74	35	0
00:35:21	63	21	0
00:35:22	63	26	0
00:35:23	60	41	0
00:35:24	43	51	0
00:35:25	51	63	0
00:35:26	50	61	0
00:35:27	40	44	0
00:35:28	47	40	0
00:35:29	44	27	0
00:35:30	44	23	0
00:35:31	48	20	0
00:35:32	53	26	0
00:35:33	56	35	0
00:35:34	40	35	0
00:35:36	44	40	0
00:35:37	40	37	0
00:35:38	41	41	0
00:35:39	56	44	0
00:35:40	54	54	0
00:35:41	57	54	0
00:35:42	47	44	0
00:35:43	44	41	0
00:35:44	38	35	0
00:35:45	51	30	0
00:35:46	75	48	0
00:35:47	70	47	0
00:35:48	77	61	0
00:35:49	70	69	0
00:35:50	64	83	0
00:35:51	57	81	0
00:35:52	57	77	0
00:35:53	54	63	0
00:35:54	44	53	0
00:35:55	61	61	0
00:35:56	53	47	0
00:35:57	61	57	0
00:35:58	61	41	0
00:35:59	56	44	0
00:36:00	64	54	0
