00:00:00	34	47	0
00:00:01	34	47	0
00:00:02	24	53	0
00:00:03	20	24	0
00:00:05	51	37	0
00:00:06	67	54	0
00:00:07	80	54	0
00:00:08	100	84	0
00:00:09	100	84	0
00:00:10	100	75	0
00:00:11	100	80	0
00:00:12	93	78	0
00:00:13	77	80	0
00:00:14	70	83	0
00:00:15	60	66	0
00:00:16	64	53	0
00:00:17	63	60	0
00:00:18	80	69	0
00:00:19	70	63	0
00:00:20	69	78	0
00:00:21	67	70	0
00:00:22	60	74	0
00:00:23	63	87	0
00:00:24	56	77	0
00:00:25	54	90	0
00:00:26	51	91	0
00:00:27	61	97	0
00:00:28	75	100	0
00:00:29	64	100	0
00:00:30	67	100	0
00:00:31	60	96	0
00:00:32	60	96	0
00:00:33	48	87	0
00:00:34	35	81	0
00:00:35	51	74	0
00:00:37	54	77	0
00:00:38	50	74	0
00:00:39	66	80	0
00:00:40	54	94	0
00:00:41	47	88	0
00:00:42	48	75	0
00:00:43	63	66	0
00:00:44	78	78	0
00:00:45	81	81	0
00:00:46	70	84	0
00:00:47	64	96	0
00:00:48	60	93	0
00:00:49	80	94	0
00:00:50	84	93	0
00:00:51	90	83	0
00:00:52	75	77	0
00:00:53	67	80	0
00:00:54	75	75	0
00:00:55	53	77	0
00:00:56	67	80	0
00:00:57	69	78	0
00:00:58	53	87	0
00:00:59	64	94	0
00:01:00	64	93	0
00:01:01	57	100	0
00:01:02	67	96	0
00:01:03	60	80	0
00:01:04	63	83	0
00:01:05	53	77	0
00:01:06	44	70	0
00:01:08	74	75	0
00:01:09	63	69	0
00:01:10	70	75	0
00:01:11	60	87	0
00:01:12	57	77	0
00:01:13	64	75	0
00:01:14	67	69	0
00:01:15	63	77	0
00:01:16	75	88	0
00:01:17	80	88	0
00:01:18	67	100	0
00:01:19	70	100	0
00:01:20	66	100	0
00:01:21	67	96	0
00:01:22	75	88	0
00:01:23	75	81	0
00:01:24	70	93	0
00:01:25	67	100	0
00:01:26	54	100	0
00:01:27	44	100	0
00:01:28	51	100	0
00:01:29	53	100	0
00:01:30	67	100	0
00:01:31	66	81	0
00:01:32	60	91	0
00:01:33	51	84	0
00:01:34	41	77	0
00:01:35	57	81	0
00:01:36	54	77	0
00:01:37	70	83	0
00:01:39	70	81	0
00:01:40	84	81	0
00:01:41	90	81	0
00:01:42	90	83	0
00:01:43	80	83	0
00:01:44	74	81	0
00:01:45	83	75	0
00:01:46	64	87	0
00:01:47	74	94	0
00:01:48	67	94	0
00:01:49	80	87	0
00:01:50	80	74	0
00:01:51	66	60	0
00:01:52	75	61	0
00:01:53	54	70	0
00:01:54	61	75	0
00:01:55	75	90	0
00:01:56	64	81	0
00:01:57	70	80	0
00:01:58	64	75	0
00:01:59	61	64	0
00:02:00	50	50	0
00:02:01	43	50	0
00:02:02	21	47	0
00:02:03	29	44	0
00:02:04	57	67	0
00:02:05	69	81	0
00:02:06	61	84	0
00:02:07	38	75	0
00:02:08	35	77	0
00:02:10	41	75	0
00:02:11	34	80	0
00:02:12	63	80	0
00:02:13	53	70	0
00:02:14	54	63	0
00:02:15	53	56	0
00:02:16	34	69	0
00:02:17	43	81	0
00:02:18	44	81	0
00:02:19	51	83	0
00:02:20	64	77	0
00:02:21	64	70	0
00:02:22	66	75	0
00:02:23	67	69	0
00:02:24	63	64	0
00:02:25	61	66	0
00:02:26	61	80	0
00:02:27	63	83	0
00:02:28	61	91	0
00:02:29	67	91	0
00:02:30	63	80	0
00:02:31	69	81	0
00:02:32	60	87	0
00:02:33	41	78	0
00:02:34	23	80	0
00:02:35	29	70	0
00:02:36	23	70	0
00:02:37	34	81	0
00:02:38	40	78	0
00:02:39	35	80	0
00:02:40	34	75	0
00:02:41	29	75	0
00:02:43	29	80	0
00:02:44	29	63	0
00:02:45	44	80	0
00:02:46	40	88	0
00:02:47	43	90	0
00:02:48	53	100	0
00:02:49	30	93	0
00:02:50	48	81	0
00:02:51	51	84	0
00:02:52	50	66	0
00:02:53	75	77	0
00:02:54	77	70	0
00:02:55	74	66	0
00:02:56	75	70	0
00:02:57	75	60	0
00:02:58	69	69	0
00:02:59	51	60	0
00:03:00	57	66	0
00:03:01	34	69	0
00:03:02	47	87	0
00:03:03	47	87	0
00:03:04	44	87	0
00:03:05	54	100	0
00:03:06	64	88	0
00:03:07	57	91	0
00:03:08	66	83	0
00:03:09	67	77	0
00:03:10	60	78	0
00:03:11	60	78	0
00:03:12	57	64	0
00:03:13	64	69	0
00:03:15	75	64	0
00:03:16	77	69	0
00:03:17	77	67	0
00:03:18	83	67	0
00:03:19	88	69	0
00:03:20	87	63	0
00:03:21	83	60	0
00:03:22	78	54	0
00:03:23	57	56	0
00:03:24	67	64	0
00:03:25	70	78	0
00:03:26	75	83	0
00:03:27	69	83	0
00:03:28	66	81	0
00:03:29	74	64	0
00:03:30	88	61	0
00:03:31	83	54	0
00:03:32	83	54	0
00:03:33	66	47	0
00:03:34	60	41	0
00:03:35	54	53	0
00:03:36	50	56	0
00:03:37	64	69	0
00:03:38	69	78	0
00:03:39	74	66	0
00:03:40	74	56	0
00:03:41	66	48	0
00:03:42	51	37	0
00:03:43	60	44	0
00:03:44	60	53	0
00:03:46	63	66	0
00:03:47	70	91	0
00:03:48	53	81	0
00:03:49	51	84	0
00:03:50	53	80	0
00:03:51	63	66	0
00:03:52	80	70	0
00:03:53	69	70	0
00:03:54	51	66	0
00:03:55	43	74	0
00:03:56	29	56	0
00:03:57	37	47	0
00:03:58	34	48	0
00:03:59	43	48	0
00:04:00	40	43	0
00:04:01	43	67	0
00:04:02	50	74	0
00:04:03	64	81	0
00:04:04	66	90	0
00:04:05	77	84	0
00:04:06	80	64	0
00:04:07	75	74	0
00:04:08	77	67	0
00:04:09	60	61	0
00:04:10	48	57	0
00:04:11	44	43	0
00:04:12	44	47	0
00:04:13	57	53	0
00:04:14	53	54	0
00:04:15	56	67	0
00:04:16	56	78	0
00:04:17	51	78	0
00:04:19	63	88	0
00:04:20	70	80	0
00:04:21	61	51	0
00:04:22	70	48	0
00:04:23	83	43	0
00:04:24	69	47	0
00:04:25	83	64	0
00:04:26	75	75	0
00:04:27	84	70	0
00:04:28	83	74	0
00:04:29	74	87	0
00:04:30	74	91	0
00:04:31	61	91	0
00:04:32	63	80	0
00:04:33	80	63	0
00:04:34	67	40	0
00:04:35	81	51	0
00:04:36	56	41	0
00:04:37	37	43	0
00:04:38	44	60	0
00:04:39	41	54	0
00:04:40	51	66	0
00:04:41	47	61	0
00:04:42	51	51	0
00:04:43	50	43	0
00:04:44	56	57	0
00:04:45	61	63	0
00:04:46	51	75	0
00:04:47	43	87	0
00:04:48	53	77	0
00:04:49	61	84	0
00:04:50	74	87	0
00:04:51	84	78	0
00:04:52	83	80	0
00:04:54	81	83	0
00:04:55	84	75	0
00:04:56	91	74	0
00:04:57	83	63	0
00:04:58	77	69	0
00:04:59	64	74	0
00:05:00	67	64	0
00:05:01	78	70	0
00:05:02	77	74	0
00:05:03	83	74	0
00:05:04	64	83	0
00:05:05	70	75	0
00:05:06	67	69	0
00:05:07	63	67	0
00:05:08	63	64	0
00:05:09	48	67	0
00:05:10	40	61	0
00:05:11	41	61	0
00:05:12	38	44	0
00:05:13	40	53	0
00:05:14	47	54	0
00:05:15	53	60	0
00:05:16	66	80	0
00:05:17	70	64	0
00:05:18	81	74	0
00:05:19	70	57	0
00:05:20	70	57	0
00:05:21	67	67	0
00:05:22	67	56	0
00:05:23	67	56	25
00:05:24	67	56	26
00:05:25	57	61	0
00:05:26	51	51	0
00:05:27	35	50	0
00:05:29	41	44	0
00:05:30	40	44	0
00:05:31	51	60	0
00:05:32	63	69	0
00:05:33	47	69	0
00:05:34	48	75	0
00:05:35	40	87	0
00:05:36	48	80	0
00:05:37	57	75	0
00:05:38	54	75	0
00:05:39	48	54	0
00:05:40	41	66	0
00:05:41	60	64	0
00:05:42	61	60	0
00:05:43	74	75	0
00:05:44	77	64	0
00:05:45	61	69	0
00:05:46	69	80	0
00:05:47	81	61	0
00:05:48	67	60	0
00:05:49	60	61	0
00:05:50	57	56	0
00:05:51	35	56	0
00:05:52	50	60	0
00:05:53	57	53	0
00:05:54	80	60	0
00:05:55	60	43	0
00:05:56	57	51	0
00:05:57	53	51	0
00:05:58	34	40	0
00:05:59	48	67	0
00:06:01	54	66	0
00:06:02	47	70	0
00:06:03	44	80	0
00:06:04	40	84	0
00:06:05	43	84	0
00:06:06	61	81	0
00:06:07	75	80	0
00:06:08	90	57	0
00:06:09	84	54	0
00:06:10	87	54	0
00:06:11	81	48	0
00:06:12	66	61	0
00:06:13	61	69	0
00:06:14	44	66	0
00:06:15	51	81	0
00:06:16	61	69	0
00:06:17	50	51	0
00:06:18	60	57	0
00:06:19	60	57	0
00:06:20	44	63	0
00:06:21	66	75	0
00:06:22	66	53	0
00:06:23	66	63	0
00:06:24	67	61	0
00:06:25	57	60	0
00:06:26	54	80	0
00:06:27	53	69	0
00:06:28	30	57	0
00:06:29	43	78	0
00:06:30	47	69	0
00:06:31	60	70	0
00:06:33	83	78	0
00:06:34	94	60	0
00:06:35	84	63	0
00:06:36	83	56	0
00:06:37	74	64	0
00:06:38	60	66	0
00:06:39	64	67	0
00:06:40	50	61	0
00:06:41	47	53	0
00:06:42	48	61	0
00:06:43	47	54	0
00:06:44	41	63	0
00:06:45	44	74	0
00:06:46	57	66	0
00:06:47	56	63	0
00:06:48	78	69	0
00:06:49	78	64	0
00:06:50	80	60	0
00:06:51	77	60	0
00:06:52	78	60	0
00:06:53	77	60	0
00:06:54	74	69	0
00:06:55	67	63	0
00:06:56	64	75	0
00:06:57	66	83	0
00:06:58	50	69	0
00:06:59	54	80	0
00:07:00	56	75	0
00:07:01	48	77	0
00:07:02	54	74	0
00:07:03	53	67	0
00:07:04	56	60	0
00:07:05	51	54	0
00:07:07	63	67	0
00:07:08	51	51	0
00:07:09	47	48	0
00:07:10	44	50	0
00:07:11	41	53	0
00:07:12	53	69	0
00:07:13	54	81	0
00:07:14	75	66	0
00:07:15	78	61	0
00:07:16	78	69	0
00:07:17	64	64	0
00:07:18	40	66	0
00:07:19	16	53	0
00:07:20	30	60	0
00:07:21	44	70	0
00:07:22	50	69	0
00:07:23	67	77	0
00:07:24	64	75	0
00:07:25	69	78	0
00:07:26	61	77	0
00:07:27	50	70	0
00:07:28	51	53	0
00:07:29	37	44	0
00:07:30	37	44	0
00:07:31	53	50	0
00:07:32	63	66	0
00:07:33	81	64	0
00:07:34	70	54	0
00:07:35	61	60	0
00:07:36	41	40	0
00:07:37	24	40	0
00:07:38	43	60	0
00:07:40	48	54	0
00:07:41	70	67	0
00:07:42	83	70	0
00:07:43	84	69	0
00:07:44	64	60	0
00:07:45	61	56	0
00:07:46	53	53	0
00:07:47	61	44	0
00:07:48	51	51	0
00:07:49	57	44	0
00:07:50	57	44	0
00:07:51	38	30	0
00:07:52	51	51	0
00:07:53	54	74	0
00:07:54	63	80	0
00:07:55	74	94	0
00:07:56	75	91	0
00:07:57	56	74	0
00:07:58	47	74	0
00:07:59	35	66	0
00:08:00	26	69	0
00:08:01	40	74	0
00:08:02	48	64	0
00:08:03	67	64	0
00:08:04	83	48	0
00:08:05	74	53	0
00:08:06	74	50	0
00:08:07	64	61	0
00:08:08	54	80	0
00:08:09	57	78	0
00:08:11	57	78	0
00:08:12	64	66	0
00:08:13	69	60	0
00:08:14	67	54	0
00:08:15	47	48	0
00:08:16	38	54	0
00:08:17	41	60	0
00:08:18	54	80	0
00:08:19	41	74	0
00:08:20	29	75	0
00:08:21	41	77	0
00:08:22	38	67	0
00:08:23	44	60	0
00:08:24	61	63	0
00:08:25	63	57	0
00:08:26	60	53	0
00:08:27	74	66	0
00:08:28	64	63	0
00:08:29	66	66	0
00:08:30	87	67	0
00:08:31	81	54	0
00:08:32	75	48	0
00:08:33	57	60	0
00:08:34	44	48	0
00:08:35	47	40	0
00:08:36	38	40	0
00:08:37	47	20	0
00:08:38	43	27	0
00:08:39	43	43	0
00:08:40	44	40	0
00:08:41	38	43	0
00:08:42	50	56	0
00:08:43	48	66	0
00:08:45	67	70	0
00:08:46	64	63	0
00:08:47	60	61	0
00:08:48	41	64	0
00:08:49	56	74	0
00:08:50	40	64	0
00:08:51	47	51	0
00:08:52	61	56	0
00:08:53	50	40	0
00:08:54	50	40	0
00:08:55	47	53	0
00:08:56	40	43	0
00:08:57	54	56	0
00:08:58	70	64	0
00:08:59	88	53	0
00:09:00	96	56	0
00:09:01	93	51	0
00:09:02	77	34	0
00:09:03	54	43	0
00:09:04	48	53	0
00:09:05	37	53	0
00:09:06	60	69	0
00:09:07	75	63	0
00:09:08	84	56	0
00:09:09	94	64	0
00:09:10	94	57	0
00:09:11	75	48	0
00:09:12	64	37	0
00:09:13	69	34	0
00:09:14	83	50	0
00:09:15	69	61	0
00:09:16	70	61	0
00:09:17	70	67	0
00:09:19	75	70	0
00:09:20	70	57	0
00:09:21	66	57	0
00:09:22	61	54	0
00:09:23	60	56	0
00:09:24	81	70	0
00:09:25	83	63	0
00:09:26	94	61	0
00:09:27	93	63	0
00:09:28	78	44	0
00:09:29	66	61	0
00:09:30	66	61	0
00:09:31	40	63	0
00:09:32	40	74	0
00:09:33	41	53	0
00:09:34	43	48	0
00:09:35	47	51	0
00:09:36	56	63	0
00:09:37	60	84	0
00:09:38	54	80	0
00:09:39	44	74	0
00:09:40	40	54	0
00:09:41	34	43	0
00:09:42	37	44	0
00:09:43	47	48	0
00:09:44	51	60	0
00:09:45	34	47	0
00:09:46	38	47	0
00:09:47	29	44	0
00:09:48	37	50	0
00:09:49	50	54	0
00:09:50	50	47	0
00:09:51	50	44	0
00:09:52	51	51	0
00:09:53	47	53	0
00:09:55	47	56	0
00:09:56	44	57	0
00:09:57	40	57	0
00:09:58	51	57	0
00:09:59	56	67	0
00:10:00	63	54	0
00:10:01	69	54	0
00:10:02	74	38	0
00:10:03	64	34	0
00:10:04	70	50	0
00:10:05	75	56	0
00:10:06	64	75	0
00:10:07	66	83	0
00:10:08	57	77	0
00:10:09	56	80	0
00:10:10	61	78	0
00:10:11	61	80	0
00:10:12	60	90	0
00:10:13	56	84	0
00:10:14	38	77	0
00:10:15	41	66	0
00:10:16	43	66	0
00:10:17	56	48	0
00:10:18	60	51	0
00:10:19	53	57	0
00:10:20	37	48	0
00:10:21	21	51	0
00:10:22	29	53	0
00:10:23	38	41	0
00:10:24	57	51	0
00:10:25	67	70	0
00:10:26	60	78	0
00:10:28	60	88	0
00:10:29	63	88	0
00:10:30	70	70	0
00:10:31	81	67	0
00:10:32	74	70	0
00:10:33	53	61	0
00:10:34	47	67	0
00:10:35	34	51	0
00:10:36	34	54	0
00:10:37	51	70	0
00:10:38	54	81	0
00:10:39	69	91	0
00:10:40	67	83	0
00:10:41	57	67	0
00:10:42	40	64	0
00:10:43	44	63	0
00:10:44	51	61	0
00:10:45	43	57	0
00:10:46	51	51	0
00:10:47	48	51	0
00:10:48	47	48	0
00:10:49	50	56	0
00:10:50	48	48	0
00:10:51	57	43	0
00:10:52	63	43	0
00:10:53	60	37	0
00:10:54	66	40	0
00:10:55	64	53	0
00:10:56	61	60	0
00:10:57	70	57	0
00:10:58	70	53	0
00:11:00	64	43	0
00:11:01	66	51	0
00:11:02	61	60	0
00:11:03	63	67	0
00:11:04	56	70	0
00:11:05	64	64	0
00:11:06	51	50	0
00:11:07	47	47	0
00:11:08	57	48	0
00:11:09	41	47	0
00:11:10	57	60	0
00:11:11	63	67	51
00:11:12	63	67	25
00:11:13	48	66	0
00:11:14	50	63	0
00:11:15	20	50	0
00:11:16	14	47	0
00:11:17	24	57	0
00:11:18	27	70	0
00:11:19	27	70	25
00:11:20	44	80	0
00:11:21	38	80	0
00:11:22	14	61	0
00:11:23	24	61	0
00:11:24	23	63	0
00:11:25	35	69	0
00:11:26	43	74	0
00:11:27	43	74	0
00:11:28	38	81	0
00:11:29	29	77	0
00:11:30	47	80	0
00:11:31	50	77	0
00:11:33	69	74	0
00:11:34	78	64	0
00:11:35	83	60	0
00:11:36	83	48	0
00:11:37	74	47	0
00:11:38	64	50	0
00:11:39	50	56	0
00:11:40	37	51	0
00:11:41	27	37	0
00:11:42	24	35	0
00:11:43	23	44	0
00:11:44	24	41	0
00:11:45	34	47	0
00:11:46	51	38	0
00:11:47	61	35	0
00:11:48	67	41	0
00:11:49	78	38	0
00:11:50	66	44	0
00:11:51	75	48	0
00:11:52	63	27	0
00:11:53	63	34	0
00:11:54	61	24	0
00:11:55	60	29	0
00:11:56	60	50	0
00:11:57	54	60	0
00:11:58	54	66	0
00:11:59	35	43	0
00:12:00	38	50	0
00:12:01	21	38	0
00:12:02	16	38	0
00:12:03	20	53	0
00:12:04	16	37	0
00:12:06	41	50	0
00:12:07	54	56	0
00:12:08	66	54	0
00:12:09	50	60	0
00:12:10	53	51	0
00:12:11	47	66	0
00:12:12	43	67	0
00:12:13	43	67	51
00:12:14	43	67	25
00:12:15	44	63	0
00:12:16	44	63	26
00:12:17	38	63	0
00:12:18	44	48	0
00:12:19	51	47	0
00:12:20	67	56	0
00:12:21	74	61	0
00:12:22	66	81	0
00:12:23	64	75	0
00:12:24	47	67	0
00:12:25	35	53	0
00:12:26	35	53	51
00:12:27	40	34	0
00:12:28	40	50	0
00:12:29	40	50	0
00:12:30	51	57	0
00:12:31	48	74	0
00:12:32	43	69	0
00:12:33	43	64	0
00:12:34	29	77	0
00:12:35	24	66	0
00:12:36	27	57	0
00:12:37	47	75	0
00:12:38	75	70	0
00:12:39	84	75	0
00:12:41	70	80	0
00:12:42	63	84	0
00:12:43	54	78	0
00:12:44	51	70	0
00:12:45	63	67	0
00:12:46	64	60	0
00:12:47	66	70	0
00:12:48	53	77	0
00:12:49	40	78	0
00:12:50	44	83	0
00:12:51	37	67	0
00:12:52	38	75	0
00:12:53	41	84	0
00:12:54	38	88	0
00:12:55	37	84	0
00:12:56	53	80	0
00:12:57	56	64	0
00:12:58	57	53	0
00:12:59	77	63	0
00:13:00	74	57	0
00:13:01	83	56	0
00:13:02	67	61	0
00:13:03	51	60	0
00:13:04	40	61	0
00:13:05	38	57	0
00:13:06	60	60	0
00:13:07	53	51	0
00:13:08	50	54	0
00:13:09	40	70	0
00:13:10	53	81	0
00:13:11	51	78	0
00:13:12	53	83	0
00:13:13	56	69	0
00:13:14	64	63	0
00:13:16	61	61	0
00:13:17	54	63	0
00:13:18	44	51	0
00:13:19	26	47	0
00:13:20	35	60	0
00:13:21	34	50	0
00:13:22	48	50	0
00:13:23	51	44	0
00:13:24	48	47	0
00:13:25	60	50	0
00:13:26	56	56	0
00:13:27	61	80	0
00:13:28	69	61	0
00:13:29	69	61	0
00:13:30	67	54	0
00:13:31	67	44	0
00:13:32	70	54	0
00:13:33	77	54	0
00:13:34	54	54	0
00:13:35	54	41	0
00:13:36	57	37	0
00:13:37	74	40	0
00:13:38	74	38	0
00:13:39	74	38	25
00:13:40	74	38	25
00:13:41	74	38	25
00:13:42	66	37	0
00:13:43	43	35	0
00:13:44	43	34	0
00:13:45	50	47	0
00:13:46	47	53	0
00:13:47	63	56	0
00:13:48	61	56	0
00:13:49	61	43	0
00:13:51	63	43	0
00:13:52	57	40	0
00:13:53	47	38	0
00:13:54	57	44	0
00:13:55	64	47	0
00:13:56	63	48	0
00:13:57	54	50	0
00:13:58	48	50	0
00:13:59	54	54	0
00:14:00	63	61	0
00:14:01	77	56	0
00:14:02	60	53	0
00:14:03	54	53	0
00:14:04	54	50	0
00:14:05	53	50	0
00:14:06	60	44	0
00:14:07	57	41	0
00:14:08	60	44	0
00:14:09	64	48	0
00:14:10	69	60	0
00:14:11	57	44	0
00:14:12	66	43	0
00:14:13	61	40	0
00:14:14	60	34	0
00:14:15	56	53	0
00:14:16	54	51	0
00:14:17	64	51	0
00:14:18	56	48	0
00:14:19	66	48	0
00:14:20	57	44	0
00:14:21	56	54	0
00:14:22	57	54	0
00:14:23	53	54	0
00:14:25	51	57	0
00:14:26	51	48	0
00:14:27	48	63	0
00:14:28	54	56	0
00:14:29	50	56	0
00:14:30	41	69	0
00:14:31	53	61	0
00:14:32	47	64	0
00:14:33	60	63	0
00:14:34	70	61	0
00:14:35	75	66	0
00:14:36	81	67	0
00:14:37	81	67	26
00:14:38	78	66	0
00:14:39	74	66	0
00:14:40	53	56	0
00:14:41	53	60	0
00:14:42	51	63	0
00:14:43	43	64	0
00:14:44	57	69	0
00:14:45	43	60	0
00:14:46	50	60	0
00:14:47	54	53	0
00:14:48	54	53	0
00:14:49	74	60	0
00:14:50	70	56	0
00:14:51	74	43	0
00:14:52	75	51	0
00:14:53	61	54	0
00:14:54	56	54	0
00:14:55	47	61	0
00:14:56	50	66	0
00:14:57	54	57	0
00:14:59	48	56	0
00:15:00	63	53	0
00:15:01	48	44	0
00:15:02	48	41	0
00:15:03	64	41	0
00:15:04	64	47	0
00:15:05	78	50	0
00:15:06	67	47	0
00:15:07	37	29	0
00:15:08	38	23	0
00:15:09	56	27	0
00:15:10	70	44	0
00:15:11	77	43	0
00:15:12	69	48	0
00:15:13	63	64	0
00:15:14	64	64	0
00:15:15	74	61	0
00:15:16	57	48	0
00:15:17	51	43	0
00:15:18	48	38	0
00:15:19	43	40	0
00:15:20	57	60	0
00:15:21	63	51	0
00:15:22	63	61	0
00:15:23	63	74	0
00:15:24	63	56	0
00:15:25	64	64	0
00:15:26	60	51	0
00:15:27	51	56	0
00:15:28	44	66	0
00:15:29	37	56	0
00:15:31	41	64	0
00:15:32	43	63	0
00:15:33	48	61	0
00:15:34	54	77	0
00:15:35	40	67	0
00:15:36	47	70	0
00:15:37	50	61	0
00:15:38	51	67	0
00:15:39	64	61	0
00:15:40	60	69	0
00:15:41	61	64	0
00:15:42	64	51	0
00:15:43	51	60	0
00:15:44	47	63	0
00:15:45	43	70	0
00:15:46	41	74	0
00:15:47	43	75	0
00:15:48	53	61	0
00:15:49	51	50	0
00:15:50	61	47	0
00:15:51	51	50	0
00:15:52	37	51	0
00:15:53	35	48	0
00:15:54	37	37	0
00:15:55	41	27	0
00:15:56	48	26	0
00:15:57	34	41	0
00:15:58	24	40	0
00:15:59	38	48	0
00:16:00	29	44	0
00:16:01	50	40	0
00:16:03	64	47	0
00:16:04	77	56	0
00:16:05	83	61	0
00:16:06	87	61	0
00:16:07	83	57	0
00:16:08	81	48	0
00:16:09	83	56	0
00:16:10	74	53	0
00:16:11	77	63	0
00:16:12	83	64	0
00:16:13	80	63	0
00:16:14	87	63	0
00:16:15	88	61	0
00:16:16	90	56	0
00:16:17	81	48	0
00:16:18	69	53	0
00:16:19	69	47	0
00:16:20	47	41	0
00:16:21	44	38	0
00:16:22	47	34	0
00:16:23	40	29	0
00:16:24	53	29	0
00:16:25	67	35	0
00:16:26	74	40	0
00:16:27	88	40	0
00:16:28	100	35	0
00:16:29	100	30	0
00:16:30	100	26	0
00:16:31	100	30	0
00:16:32	90	43	0
00:16:33	77	50	0
00:16:34	57	35	0
00:16:35	66	43	0
00:16:36	80	37	0
00:16:37	84	47	0
00:16:38	75	54	0
00:16:40	64	40	0
00:16:41	56	38	0
00:16:42	54	41	0
00:16:43	60	47	0
00:16:44	54	51	0
00:16:45	43	56	0
00:16:46	34	47	0
00:16:47	27	35	0
00:16:48	34	37	0
00:16:49	40	24	0
00:16:50	40	24	0
00:16:51	47	29	0
00:16:52	60	26	0
00:16:53	61	35	0
00:16:54	61	30	0
00:16:55	50	26	0
00:16:56	34	38	0
00:16:57	40	29	0
00:16:58	56	40	0
00:16:59	83	44	0
00:17:00	87	40	0
00:17:01	78	47	0
00:17:02	61	40	0
00:17:03	41	40	0
00:17:04	44	44	0
00:17:05	54	48	0
00:17:06	75	60	0
00:17:07	60	54	0
00:17:08	50	44	0
00:17:09	38	30	0
00:17:10	26	21	0
00:17:11	26	17	0
00:17:12	26	20	0
00:17:13	26	20	26
00:17:14	26	20	51
00:17:15	26	20	26
00:17:17	26	20	51
00:17:18	38	16	0
00:17:19	41	29	0
00:17:20	44	40	0
00:17:21	44	41	0
00:17:22	41	61	0
00:17:23	43	56	0
00:17:24	48	44	0
00:17:25	50	47	0
00:17:26	43	51	0
00:17:27	38	50	0
00:17:28	38	60	0
00:17:29	44	57	0
00:17:30	44	53	0
00:17:31	56	60	0
00:17:32	57	57	0
00:17:33	57	64	0
00:17:34	70	60	0
00:17:35	83	54	0
00:17:36	78	53	0
00:17:37	64	43	0
00:17:38	57	50	0
00:17:39	54	56	0
00:17:40	60	63	0
00:17:41	70	69	0
00:17:42	75	77	0
00:17:43	61	70	0
00:17:44	60	63	0
00:17:45	57	60	0
00:17:46	70	48	0
00:17:47	83	53	0
00:17:48	80	57	0
00:17:49	74	57	0
00:17:50	67	61	0
00:17:52	74	53	0
00:17:53	74	47	0
00:17:54	74	48	0
00:17:55	60	43	0
00:17:56	56	48	0
00:17:57	60	60	0
00:17:58	64	54	0
00:17:59	74	53	0
00:18:00	69	48	0
00:18:01	60	41	0
00:18:02	51	43	0
00:18:03	44	47	0
00:18:04	44	56	0
00:18:05	60	47	0
00:18:06	60	51	0
00:18:07	67	47	0
00:18:08	74	57	0
00:18:09	84	64	0
00:18:10	90	66	0
00:18:11	88	67	0
00:18:12	81	69	0
00:18:13	80	66	0
00:18:14	78	74	0
00:18:15	88	54	0
00:18:16	74	40	0
00:18:17	67	37	0
00:18:18	56	23	0
00:18:19	37	34	0
00:18:20	47	37	0
00:18:21	41	50	0
00:18:22	51	56	0
00:18:23	56	69	0
00:18:24	56	80	0
00:18:25	57	70	0
00:18:26	53	63	0
00:18:28	54	41	0
00:18:29	50	37	0
00:18:30	44	29	0
00:18:31	35	30	0
00:18:32	38	44	0
00:18:33	34	50	0
00:18:34	43	43	0
00:18:35	61	51	0
00:18:36	63	44	0
00:18:37	83	50	0
00:18:38	69	44	0
00:18:39	69	44	0
00:18:40	60	54	0
00:18:41	47	63	0
00:18:42	43	61	0
00:18:43	35	63	0
00:18:44	20	50	0
00:18:45	30	41	0
00:18:46	34	43	0
00:18:47	41	44	0
00:18:48	64	54	0
00:18:49	64	50	0
00:18:50	67	53	0
00:18:51	53	37	0
00:18:52	38	24	0
00:18:53	29	35	0
00:18:54	34	17	0
00:18:55	50	40	0
00:18:56	57	54	0
00:18:57	74	48	0
00:18:58	75	66	0
00:18:59	64	66	0
00:19:00	77	56	0
00:19:01	69	57	0
00:19:02	75	51	0
00:19:04	80	44	0
00:19:05	75	51	0
00:19:06	66	43	0
00:19:07	63	57	0
00:19:08	66	64	0
00:19:09	50	48	0
00:19:10	44	41	0
00:19:11	50	29	0
00:19:12	64	40	0
00:19:13	77	40	0
00:19:14	87	53	0
00:19:15	75	50	0
00:19:16	64	50	0
00:19:17	74	37	0
00:19:18	74	27	0
00:19:19	88	23	0
00:19:20	91	23	0
00:19:21	78	21	0
00:19:22	77	29	0
00:19:23	54	35	0
00:19:24	57	38	0
00:19:25	78	40	0
00:19:26	70	38	0
00:19:27	70	38	0
00:19:28	90	44	0
00:19:29	67	50	0
00:19:30	61	48	0
00:19:31	64	38	0
00:19:32	57	34	0
00:19:33	61	38	0
00:19:34	70	47	0
00:19:35	63	41	0
00:19:36	57	50	0
00:19:37	53	44	0
00:19:38	51	48	0
00:19:40	66	56	0
00:19:41	60	44	0
00:19:42	74	30	0
00:19:43	69	34	0
00:19:44	64	41	0
00:19:45	81	60	0
00:19:46	78	56	0
00:19:47	70	40	0
00:19:48	64	23	0
00:19:49	66	23	0
00:19:50	50	29	0
00:19:51	53	38	0
00:19:52	64	56	0
00:19:53	51	48	0
00:19:54	63	54	0
00:19:55	56	74	0
00:19:56	53	61	0
00:19:57	51	67	0
00:19:58	38	61	0
00:19:59	41	51	0
00:20:00	37	53	0
00:20:01	43	54	0
00:20:02	53	56	0
00:20:03	51	54	0
00:20:04	47	56	0
00:20:05	43	57	0
00:20:06	44	67	0
00:20:07	44	80	0
00:20:08	43	77	0
00:20:09	43	69	0
00:20:10	35	41	0
00:20:11	29	35	0
00:20:12	13	21	0
00:20:13	10	35	0
00:20:14	8	30	0
00:20:16	26	41	0
00:20:17	41	63	0
00:20:18	37	53	0
00:20:19	37	67	0
00:20:20	37	74	0
00:20:21	44	74	0
00:20:22	41	61	0
00:20:23	50	63	0
00:20:24	54	54	0
00:20:25	51	44	0
00:20:26	63	53	0
00:20:27	63	50	0
00:20:28	56	47	0
00:20:29	64	54	0
00:20:30	64	50	0
00:20:31	63	53	0
00:20:32	66	54	0
00:20:33	63	50	0
00:20:34	53	37	0
00:20:35	60	17	0
00:20:36	69	21	0
00:20:37	54	17	0
00:20:38	67	38	0
00:20:39	67	56	0
00:20:40	60	53	0
00:20:41	61	37	0
00:20:42	64	34	0
00:20:43	56	43	0
00:20:44	54	60	0
00:20:45	57	64	0
00:20:46	56	60	0
00:20:47	51	51	0
00:20:48	54	40	0
00:20:49	60	37	0
00:20:50	47	27	0
00:20:52	54	30	0
00:20:53	67	50	0
00:20:54	51	54	0
00:20:55	63	67	0
00:20:56	54	80	0
00:20:57	47	70	0
00:20:58	51	67	0
00:20:59	51	67	26
00:21:00	48	66	0
00:21:01	56	60	0
00:21:02	63	63	0
00:21:03	63	63	26
00:21:04	50	60	0
00:21:05	56	48	0
00:21:06	48	44	0
00:21:07	34	35	0
00:21:08	44	47	0
00:21:09	34	48	0
00:21:10	44	51	0
00:21:11	44	29	0
00:21:12	57	41	0
00:21:13	57	41	51
00:21:14	43	40	0
00:21:15	63	54	0
00:21:16	63	60	0
00:21:17	63	60	0
00:21:18	66	47	0
00:21:19	69	48	0
00:21:20	69	50	0
00:21:21	54	54	0
00:21:22	63	67	0
00:21:23	48	74	0
00:21:24	27	70	0
00:21:26	27	54	0
00:21:27	29	60	0
00:21:28	34	43	0
00:21:29	40	47	0
00:21:30	26	56	0
00:21:31	21	44	0
00:21:32	23	43	0
00:21:33	23	35	0
00:21:34	38	34	0
00:21:35	34	38	0
00:21:36	23	40	0
00:21:37	34	43	0
00:21:38	24	43	0
00:21:39	34	44	0
00:21:40	51	43	0
00:21:41	48	50	0
00:21:42	53	38	0
00:21:43	53	54	0
00:21:44	41	50	0
00:21:45	60	56	0
00:21:46	54	75	0
00:21:47	40	67	0
00:21:48	41	63	0
00:21:49	44	54	0
00:21:50	50	54	0
00:21:51	63	66	0
00:21:52	67	64	0
00:21:53	56	67	0
00:21:54	57	51	0
00:21:55	51	50	0
00:21:56	54	51	0
00:21:57	54	54	0
00:21:58	51	63	0
00:21:59	67	53	0
00:22:01	63	54	0
00:22:02	61	30	0
00:22:03	61	30	0
00:22:04	40	38	0
00:22:05	43	40	0
00:22:06	51	64	0
00:22:07	35	63	0
00:22:08	47	47	0
00:22:09	47	50	0
00:22:10	44	48	0
00:22:11	48	56	0
00:22:12	53	56	0
00:22:13	53	56	0
00:22:14	50	53	0
00:22:15	50	60	0
00:22:16	50	54	0
00:22:17	50	63	0
00:22:18	60	69	0
00:22:19	43	63	0
00:22:20	34	61	0
00:22:21	34	44	0
00:22:22	30	44	0
00:22:23	50	61	0
00:22:24	50	60	0
00:22:25	51	75	0
00:22:26	53	70	0
00:22:27	48	56	0
00:22:28	64	56	0
00:22:29	66	50	0
00:22:30	56	38	0
00:22:31	64	41	0
00:22:32	51	50	0
00:22:33	54	57	0
00:22:34	61	60	0
00:22:35	61	66	0
00:22:37	57	54	0
00:22:38	40	37	0
00:22:39	40	34	0
00:22:40	34	23	0
00:22:41	30	11	0
00:22:42	29	20	0
00:22:43	23	23	0
00:22:44	26	37	0
00:22:45	43	54	0
00:22:46	41	51	0
00:22:47	37	38	0
00:22:48	44	34	0
00:22:49	35	29	0
00:22:50	35	43	0
00:22:51	43	40	0
00:22:52	29	37	0
00:22:53	26	27	0
00:22:54	35	24	0
00:22:55	34	27	0
00:22:56	21	20	0
00:22:57	30	24	0
00:22:58	34	26	0
00:22:59	50	41	0
00:23:00	61	69	0
00:23:01	54	63	0
00:23:02	44	56	0
00:23:03	40	51	0
00:23:04	54	34	0
00:23:05	51	38	0
00:23:06	51	38	0
00:23:07	60	48	0
00:23:08	50	51	0
00:23:09	40	48	0
00:23:10	43	47	0
00:23:12	35	54	0
00:23:13	34	57	0
00:23:14	51	48	0
00:23:15	43	35	0
00:23:16	56	35	0
00:23:17	63	40	0
00:23:18	53	43	0
00:23:19	60	53	0
00:23:20	47	56	0
00:23:21	38	48	0
00:23:22	41	48	0
00:23:23	41	43	0
00:23:24	41	47	0
00:23:25	47	54	0
00:23:26	43	60	0
00:23:27	53	57	0
00:23:28	53	61	0
00:23:29	40	53	0
00:23:30	40	41	0
00:23:31	40	48	0
00:23:32	41	51	0
00:23:33	51	78	0
00:23:34	64	69	0
00:23:35	50	61	0
00:23:36	48	60	0
00:23:37	47	38	0
00:23:38	38	57	0
00:23:39	50	60	0
00:23:40	41	38	0
00:23:41	43	30	0
00:23:42	43	30	0
00:23:43	47	34	0
00:23:44	38	43	0
00:23:45	37	43	0
00:23:46	27	48	0
00:23:48	23	40	0
00:23:49	41	47	0
00:23:50	34	43	0
00:23:51	21	34	0
00:23:52	29	30	0
00:23:53	21	44	0
00:23:54	23	48	0
00:23:55	37	60	0
00:23:56	24	61	0
00:23:57	20	57	0
00:23:58	30	63	0
00:23:59	34	48	0
00:24:00	47	56	0
00:24:01	44	51	0
00:24:02	35	43	0
00:24:03	41	50	0
00:24:04	34	47	0
00:24:05	29	48	0
00:24:06	30	38	0
00:24:07	27	48	0
00:24:08	29	40	0
00:24:09	40	37	0
00:24:10	27	44	0
00:24:11	24	30	0
00:24:12	34	38	0
00:24:13	41	47	0
00:24:14	44	56	0
00:24:15	47	60	0
00:24:16	50	63	0
00:24:17	63	69	0
00:24:18	40	51	0
00:24:19	27	38	0
00:24:20	17	17	0
00:24:22	8	14	0
00:24:23	29	26	0
00:24:24	30	34	0
00:24:25	35	56	0
00:24:26	23	27	0
00:24:27	24	26	0
00:24:28	30	37	0
00:24:29	37	30	0
00:24:30	48	57	0
00:24:31	50	66	0
00:24:32	38	53	0
00:24:33	38	48	0
00:24:34	35	48	0
00:24:35	35	41	0
00:24:36	44	57	0
00:24:37	50	63	0
00:24:38	54	63	0
00:24:39	51	61	0
00:24:40	43	53	0
00:24:41	37	43	0
00:24:42	40	47	0
00:24:43	35	37	0
00:24:44	29	47	0
00:24:45	17	35	0
00:24:46	17	35	0
00:24:47	35	44	0
00:24:48	41	54	0
00:24:49	50	64	0
00:24:50	51	75	0
00:24:51	48	77	0
00:24:52	51	67	0
00:24:53	60	67	0
00:24:54	74	67	0
00:24:55	69	67	0
00:24:57	77	64	0
00:24:58	78	66	0
00:24:59	63	67	0
00:25:00	64	69	0
00:25:01	48	66	0
00:25:02	35	61	0
00:25:03	38	51	0
00:25:04	35	38	0
00:25:05	38	43	0
00:25:06	41	44	0
00:25:07	51	57	0
00:25:08	60	61	0
00:25:09	60	66	0
00:25:10	63	56	0
00:25:11	67	61	0
00:25:12	60	69	0
00:25:13	69	80	0
00:25:14	66	67	0
00:25:15	63	77	0
00:25:16	66	70	0
00:25:17	54	74	0
00:25:18	44	78	0
00:25:19	40	70	0
00:25:20	44	77	0
00:25:21	41	61	0
00:25:22	48	63	0
00:25:23	51	44	0
00:25:24	50	48	0
00:25:25	60	60	0
00:25:26	63	61	0
00:25:27	64	81	0
00:25:28	63	66	0
00:25:29	67	61	0
00:25:30	63	60	0
00:25:31	67	56	0
00:25:33	54	61	0
00:25:34	47	75	0
00:25:35	41	83	0
00:25:36	41	81	0
00:25:37	50	78	0
00:25:38	38	51	0
00:25:39	30	44	0
00:25:40	29	38	0
00:25:41	41	43	0
00:25:42	51	51	0
00:25:43	54	40	0
00:25:44	61	43	0
00:25:45	41	53	0
00:25:46	56	57	0
00:25:47	54	57	0
00:25:48	54	51	0
00:25:49	63	61	0
00:25:50	60	69	0
00:25:51	53	69	0
00:25:52	54	64	0
00:25:53	40	53	0
00:25:54	34	48	0
00:25:55	29	51	0
00:25:56	44	53	0
00:25:57	51	66	0
00:25:58	60	61	0
00:25:59	67	75	0
00:26:00	60	57	0
00:26:01	61	57	0
00:26:02	57	67	0
00:26:03	54	54	0
00:26:04	60	70	0
00:26:05	63	74	0
00:26:06	54	61	0
00:26:07	63	63	0
00:26:08	64	64	0
00:26:10	61	70	0
00:26:11	69	75	0
00:26:12	69	77	0
00:26:13	61	64	0
00:26:14	63	50	0
00:26:15	67	51	0
00:26:16	60	54	0
00:26:17	63	77	0
00:26:18	64	77	0
00:26:19	74	77	0
00:26:20	60	63	0
00:26:21	54	56	0
00:26:22	43	48	0
00:26:23	41	47	0
00:26:24	61	60	0
00:26:25	57	61	0
00:26:26	74	61	0
00:26:27	67	70	0
00:26:28	66	70	0
00:26:29	64	64	0
00:26:30	56	75	0
00:26:31	56	53	0
00:26:32	44	53	0
00:26:33	60	51	0
00:26:34	48	38	0
00:26:35	40	38	0
00:26:36	51	40	0
00:26:37	35	40	0
00:26:38	47	54	0
00:26:39	67	60	0
00:26:40	69	56	0
00:26:41	83	70	0
00:26:42	93	63	0
00:26:44	87	66	0
00:26:45	77	74	0
00:26:46	50	77	0
00:26:47	47	81	0
00:26:48	48	80	0
00:26:49	60	69	0
00:26:50	87	66	0
00:26:51	93	70	0
00:26:52	90	70	0
00:26:53	84	69	0
00:26:54	75	74	0
00:26:55	75	63	0
00:26:56	60	54	0
00:26:57	64	51	0
00:26:58	50	57	0
00:26:59	35	51	0
00:27:00	47	41	0
00:27:01	47	47	0
00:27:02	57	50	0
00:27:03	66	53	0
00:27:04	74	63	0
00:27:05	74	63	0
00:27:06	56	40	0
00:27:07	53	54	0
00:27:08	60	53	0
00:27:09	64	60	0
00:27:10	57	66	0
00:27:11	69	60	0
00:27:12	63	63	0
00:27:13	74	80	0
00:27:14	69	66	0
00:27:15	63	48	0
00:27:16	66	56	0
00:27:17	78	61	0
00:27:18	75	69	0
00:27:19	70	54	0
00:27:21	54	61	0
00:27:22	63	54	0
00:27:23	70	57	0
00:27:24	83	63	0
00:27:25	88	64	0
00:27:26	75	60	0
00:27:27	77	50	0
00:27:28	60	43	0
00:27:29	61	50	0
00:27:30	64	53	0
00:27:31	69	61	0
00:27:32	78	69	0
00:27:33	51	63	0
00:27:34	56	66	0
00:27:35	34	61	0
00:27:36	47	53	0
00:27:37	63	44	0
00:27:38	64	43	0
00:27:39	66	40	0
00:27:40	54	51	0
00:27:41	57	64	0
00:27:42	48	63	0
00:27:43	70	75	0
00:27:44	56	63	0
00:27:45	56	63	0
00:27:46	63	54	0
00:27:47	37	41	0
00:27:48	40	61	0
00:27:49	29	56	0
00:27:50	41	69	0
00:27:51	34	78	0
00:27:52	37	61	0
00:27:53	35	54	0
00:27:54	35	54	0
00:27:55	44	34	0
00:27:57	56	40	0
00:27:58	66	50	0
00:27:59	60	57	0
00:28:00	54	67	0
00:28:01	47	70	0
00:28:02	35	63	0
00:28:03	35	44	0
00:28:04	29	50	0
00:28:05	20	37	0
00:28:06	27	41	0
00:28:07	38	50	0
00:28:08	29	30	0
00:28:09	24	34	0
00:28:10	24	27	0
00:28:11	10	30	0
00:28:12	24	43	0
00:28:13	43	57	0
00:28:14	50	63	0
00:28:15	53	64	0
00:28:16	47	56	0
00:28:17	43	40	0
00:28:18	34	27	0
00:28:19	35	29	0
00:28:20	37	51	0
00:28:21	50	66	0
00:28:22	56	78	0
00:28:23	67	88	0
00:28:24	74	74	0
00:28:25	77	69	0
00:28:26	70	67	0
00:28:27	56	64	0
00:28:28	40	67	0
00:28:30	37	67	0
00:28:31	37	61	0
00:28:32	48	56	0
00:28:33	63	66	0
00:28:34	57	60	0
00:28:35	57	64	0
00:28:36	54	80	0
00:28:37	56	66	0
00:28:38	53	64	0
00:28:39	54	63	0
00:28:40	54	53	0
00:28:41	41	54	0
00:28:42	54	61	0
00:28:43	66	54	0
00:28:44	56	48	0
00:28:45	56	48	0
00:28:46	48	41	0
00:28:47	29	35	0
00:28:48	50	43	0
00:28:49	53	41	0
00:28:50	56	47	0
00:28:51	41	40	0
00:28:52	57	56	0
00:28:53	48	51	0
00:28:54	40	43	0
00:28:55	41	50	0
00:28:56	37	44	0
00:28:57	50	48	0
00:28:58	56	77	0
00:28:59	60	83	0
00:29:00	60	70	0
00:29:01	61	69	0
00:29:02	66	53	0
00:29:03	61	43	0
00:29:04	64	57	0
00:29:05	53	53	0
00:29:07	54	60	0
00:29:08	43	67	0
00:29:09	51	69	0
00:29:10	51	66	0
00:29:11	53	69	0
00:29:12	64	66	0
00:29:13	61	61	0
00:29:14	66	78	0
00:29:15	51	66	0
00:29:16	54	57	0
00:29:17	57	56	0
00:29:18	53	47	0
00:29:19	56	47	0
00:29:20	54	57	0
00:29:21	56	63	0
00:29:22	64	69	0
00:29:23	64	77	0
00:29:24	53	64	0
00:29:25	53	56	0
00:29:26	47	51	0
00:29:27	61	56	0
00:29:28	70	60	0
00:29:29	77	70	0
00:29:30	84	78	0
00:29:31	70	87	0
00:29:32	69	96	0
00:29:33	74	84	0
00:29:34	61	83	0
00:29:35	67	78	0
00:29:36	56	56	0
00:29:37	53	69	0
00:29:38	64	57	0
00:29:39	50	43	0
00:29:40	61	60	0
00:29:41	64	57	0
00:29:43	57	56	0
00:29:44	70	63	0
00:29:45	70	63	0
00:29:46	50	53	0
00:29:47	51	60	0
00:29:48	44	63	0
00:29:49	48	57	0
00:29:50	53	64	0
00:29:51	69	64	0
00:29:52	53	69	0
00:29:53	63	66	0
00:29:54	56	63	0
00:29:55	47	54	0
00:29:56	67	48	0
00:29:57	60	40	0
00:29:58	53	37	0
00:29:59	61	40	0
00:30:00	54	50	0
00:30:01	50	51	0
00:30:02	63	48	0
00:30:03	43	40	0
00:30:04	27	30	0
00:30:05	40	30	0
00:30:06	26	51	0
00:30:07	34	66	0
00:30:08	48	70	0
00:30:09	37	77	0
00:30:10	38	56	0
00:30:11	50	53	0
00:30:12	53	53	0
00:30:13	47	61	0
00:30:14	57	66	0
00:30:15	53	66	0
00:30:16	50	64	0
00:30:17	74	48	0
00:30:19	74	40	0
00:30:20	66	47	0
00:30:21	43	35	0
00:30:22	16	38	0
00:30:23	21	30	0
00:30:24	40	47	0
00:30:25	54	54	0
00:30:26	67	61	0
00:30:27	67	67	0
00:30:28	77	63	0
00:30:29	64	56	0
00:30:30	57	53	0
00:30:31	44	29	0
00:30:32	41	21	0
00:30:33	41	30	0
00:30:34	53	30	0
00:30:35	66	48	0
00:30:36	54	66	0
00:30:37	56	67	0
00:30:38	34	63	0
00:30:39	27	56	0
00:30:40	44	44	0
00:30:41	53	48	0
00:30:42	66	56	0
00:30:43	70	61	0
00:30:44	53	61	0
00:30:45	43	37	0
00:30:46	44	34	0
00:30:47	53	27	0
00:30:48	66	34	0
00:30:49	70	48	0
00:30:50	56	54	0
00:30:51	56	53	0
00:30:53	51	54	0
00:30:54	67	56	0
00:30:55	56	54	0
00:30:56	51	56	0
00:30:57	66	54	0
00:30:58	53	66	0
00:30:59	66	77	0
00:31:00	50	67	0
00:31:01	27	53	0
00:31:02	37	44	0
00:31:03	38	40	0
00:31:04	50	53	0
00:31:05	64	66	0
00:31:06	70	63	0
00:31:07	75	57	0
00:31:08	88	43	0
00:31:09	87	50	0
00:31:10	83	48	0
00:31:11	77	57	0
00:31:12	53	56	0
00:31:13	57	56	0
00:31:14	53	60	0
00:31:15	50	51	0
00:31:16	56	51	0
00:31:17	47	48	0
00:31:18	44	54	0
00:31:19	43	60	0
00:31:20	50	63	0
00:31:21	43	48	0
00:31:22	35	43	0
00:31:23	35	43	0
00:31:24	30	51	0
00:31:25	34	44	0
00:31:26	38	44	0
00:31:27	34	48	0
00:31:29	30	48	0
00:31:30	17	44	0
00:31:31	26	50	0
00:31:32	38	44	0
00:31:33	48	38	0
00:31:34	64	53	0
00:31:35	63	54	0
00:31:36	57	61	0
00:31:37	64	63	0
00:31:38	57	56	0
00:31:39	48	51	0
00:31:40	34	41	0
00:31:41	14	24	0
00:31:42	20	30	0
00:31:43	29	40	0
00:31:44	44	50	0
00:31:45	63	64	0
00:31:46	60	60	0
00:31:47	53	64	0
00:31:48	44	57	0
00:31:49	50	53	0
00:31:50	43	47	0
00:31:51	54	34	0
00:31:52	50	37	0
00:31:53	66	48	0
00:31:54	64	54	0
00:31:55	57	48	0
00:31:56	37	41	0
00:31:57	30	41	0
00:31:58	17	35	0
00:31:59	27	53	0
00:32:00	41	61	0
00:32:01	35	51	0
00:32:02	41	51	0
00:32:04	38	41	0
00:32:05	38	44	0
00:32:06	48	57	0
00:32:07	53	64	0
00:32:08	47	69	0
00:32:09	51	66	0
00:32:10	51	67	0
00:32:11	43	60	0
00:32:12	56	61	0
00:32:13	54	69	0
00:32:14	53	63	0
00:32:15	56	66	0
00:32:16	47	63	0
00:32:17	48	56	0
00:32:18	44	60	0
00:32:19	54	63	0
00:32:20	63	61	0
00:32:21	57	66	0
00:32:22	54	66	0
00:32:23	35	64	0
00:32:24	48	56	0
00:32:25	48	56	0
00:32:26	44	50	0
00:32:27	60	40	0
00:32:28	47	48	0
00:32:29	50	51	0
00:32:30	53	50	0
00:32:31	47	56	0
00:32:32	47	56	0
00:32:33	56	53	0
00:32:34	67	77	0
00:32:35	61	64	0
00:32:36	47	53	0
00:32:37	48	50	0
00:32:38	27	41	0
00:32:39	16	38	0
00:32:41	29	44	0
00:32:42	14	51	0
00:32:43	13	44	0
00:32:44	30	56	0
00:32:45	37	40	0
00:32:46	47	41	0
00:32:47	63	41	0
00:32:48	61	43	0
00:32:49	60	60	0
00:32:50	43	47	0
00:32:51	43	56	0
00:32:52	29	48	0
00:32:53	30	51	0
00:32:54	57	54	0
00:32:55	70	70	0
00:32:56	60	70	0
00:32:57	47	57	0
00:32:58	41	67	0
00:32:59	44	57	0
00:33:00	54	54	0
00:33:01	64	75	0
00:33:02	63	67	0
00:33:03	70	66	0
00:33:04	53	60	0
00:33:05	53	53	0
00:33:06	53	54	0
00:33:07	41	51	0
00:33:08	57	56	0
00:33:09	51	60	0
00:33:10	61	51	0
00:33:11	69	60	0
00:33:12	69	56	0
00:33:13	67	44	0
00:33:14	69	56	0
00:33:16	66	53	0
00:33:17	60	57	0
00:33:18	64	51	0
00:33:19	50	41	0
00:33:20	34	37	0
00:33:21	38	38	0
00:33:22	47	35	0
00:33:23	54	40	0
00:33:24	80	44	0
00:33:25	64	54	0
00:33:26	66	54	0
00:33:27	64	54	0
00:33:28	54	51	0
00:33:29	67	51	0
00:33:30	56	51	0
00:33:31	60	47	0
00:33:32	61	53	0
00:33:33	61	64	0
00:33:34	64	57	0
00:33:35	61	69	0
00:33:36	50	69	0
00:33:37	38	67	0
00:33:38	40	67	0
00:33:39	35	66	0
00:33:40	43	66	0
00:33:41	54	61	0
00:33:42	61	63	0
00:33:43	64	44	0
00:33:44	63	38	0
00:33:45	53	29	0
00:33:46	48	37	0
00:33:47	37	37	0
00:33:48	37	37	51
00:33:49	37	37	51
00:33:51	37	37	51
00:33:52	37	37	25
00:33:53	48	29	0
00:33:54	40	23	0
00:33:55	34	40	0
00:33:56	37	48	0
00:33:57	60	66	0
00:33:58	66	61	0
00:33:59	75	51	0
00:34:00	70	56	0
00:34:01	61	54	0
00:34:02	53	57	0
00:34:03	53	57	0
00:34:04	53	51	0
00:34:05	38	27	0
00:34:06	37	23	0
00:34:07	34	30	0
00:34:08	35	23	0
00:34:09	47	38	0
00:34:10	51	38	0
00:34:11	61	50	0
00:34:12	53	57	0
00:34:13	54	60	0
00:34:14	54	57	0
00:34:15	50	43	0
00:34:16	53	30	0
00:34:17	41	35	0
00:34:18	37	37	0
00:34:19	38	40	0
00:34:20	44	50	0
00:34:21	53	50	0
00:34:22	74	61	0
00:34:23	57	54	0
00:34:25	63	54	0
00:34:26	57	61	0
00:34:27	53	54	0
00:34:28	56	57	0
00:34:29	54	51	0
00:34:30	56	51	0
00:34:31	60	51	0
00:34:32	60	56	0
00:34:33	69	57	0
00:34:34	60	54	0
00:34:35	60	56	0
00:34:36	54	53	0
00:34:37	30	53	0
00:34:38	43	57	0
00:34:39	30	48	0
00:34:40	41	37	0
00:34:41	56	29	0
00:34:42	51	30	0
00:34:43	53	34	0
00:34:44	43	43	0
00:34:45	24	38	0
00:34:46	21	24	0
00:34:47	17	17	0
00:34:48	21	20	0
00:34:49	43	30	0
00:34:50	38	34	0
00:34:51	38	40	0
00:34:52	29	24	0
00:34:53	47	24	0
00:34:54	43	21	0
00:34:55	47	30	0
00:34:56	27	29	0
00:34:57	21	37	0
00:34:59	29	37	0
00:35:00	29	21	0
00:35:01	35	17	0
00:35:02	41	20	0
00:35:03	38	20	0
00:35:04	48	37	0
00:35:05	34	43	0
00:35:06	40	29	0
00:35:07	54	43	0
00:35:08	56	43	0
00:35:09	81	40	0
00:35:10	74	51	0
00:35:11	64	48	0
00:35:12	57	48	0
00:35:13	40	47	0
00:35:14	37	43	0
00:35:15	40	37	0
00:35:16	41	37	0
00:35:17	37	44	0
00:35:18	38	44	0
00:35:19	40	63	0
00:35:20	30	44	0
00:35:21	44	43	0
00:35:22	44	34	0
00:35:23	51	54	0
00:35:24	61	54	0
00:35:25	56	56	0
00:35:26	51	44	0
00:35:27	57	47	0
00:35:28	48	56	0
00:35:29	43	37	0
00:35:30	43	51	0
00:35:31	47	47	0
00:35:32	41	16	0
00:35:33	53	40	0
00:35:35	64	40	0
00:35:36	69	26	0
00:35:37	70	44	0
00:35:38	57	41	0
00:35:39	63	38	0
00:35:40	56	56	0
00:35:41	63	60	0
00:35:42	77	64	0
00:35:43	64	57	0
00:35:44	56	60	0
00:35:45	54	43	0
00:35:46	41	47	0
00:35:47	43	50	0
00:35:48	47	41	0
00:35:49	38	41	0
00:35:50	47	34	0
00:35:51	54	34	0
00:35:52	60	29	0
00:35:53	64	43	0
00:35:54	50	50	0
00:35:55	41	61	0
00:35:56	44	70	0
00:35:57	35	69	0
00:35:58	47	67	0
00:35:59	38	54	0
00:36:00	23	35	0
00:36:01	24	47	0
