00:00:00	53	61	0
00:00:01	40	34	0
00:00:02	23	51	0
00:00:03	11	50	0
00:00:04	29	66	0
00:00:05	37	74	0
00:00:06	66	67	0
00:00:07	77	69	0
00:00:09	60	66	0
00:00:10	47	75	0
00:00:11	34	64	0
00:00:12	29	60	0
00:00:13	63	61	0
00:00:14	64	56	0
00:00:15	61	54	0
00:00:16	50	56	0
00:00:17	20	61	0
00:00:18	29	51	0
00:00:19	38	64	0
00:00:20	40	75	0
00:00:21	56	75	0
00:00:22	61	88	0
00:00:23	67	63	0
00:00:24	67	51	0
00:00:25	47	37	0
00:00:26	41	40	0
00:00:27	40	47	0
00:00:28	37	53	0
00:00:29	43	51	0
00:00:30	40	47	0
00:00:31	43	53	0
00:00:32	38	43	0
00:00:33	43	64	0
00:00:34	41	64	0
00:00:35	40	78	0
00:00:36	40	84	0
00:00:37	43	69	0
00:00:38	48	80	0
00:00:39	51	64	0
00:00:40	57	77	0
00:00:42	67	81	0
00:00:43	69	78	0
00:00:44	66	94	0
00:00:45	74	100	0
00:00:46	50	88	0
00:00:47	53	77	0
00:00:48	51	60	0
00:00:49	51	43	0
00:00:50	64	50	0
00:00:51	54	50	0
00:00:52	67	56	0
00:00:53	60	63	0
00:00:54	70	75	0
00:00:55	51	69	0
00:00:56	48	75	0
00:00:57	38	63	0
00:00:58	37	64	0
00:00:59	44	64	0
00:01:00	63	61	0
00:01:01	77	63	0
00:01:02	77	70	0
00:01:03	83	77	0
00:01:04	70	74	0
00:01:05	56	77	0
00:01:06	50	50	0
00:01:07	60	50	0
00:01:08	51	57	0
00:01:09	60	57	0
00:01:10	70	66	0
00:01:11	51	44	0
00:01:12	67	41	0
00:01:13	77	47	0
00:01:15	83	51	0
00:01:16	78	63	0
00:01:17	87	56	0
00:01:18	94	51	0
00:01:19	84	54	0
00:01:20	91	44	0
00:01:21	44	35	0
00:01:22	35	30	0
00:01:23	34	48	0
00:01:24	41	54	0
00:01:25	41	54	26
00:01:26	67	61	0
00:01:27	78	70	0
00:01:28	90	63	0
00:01:29	100	56	0
00:01:30	100	43	0
00:01:31	100	43	26
00:01:32	100	41	0
00:01:33	93	48	0
00:01:34	87	60	0
00:01:35	67	63	0
00:01:36	57	57	0
00:01:37	51	53	0
00:01:38	51	47	0
00:01:39	54	57	0
00:01:40	54	57	26
00:01:41	51	57	0
00:01:42	64	61	0
00:01:43	54	74	0
00:01:44	50	74	0
00:01:45	63	64	0
00:01:46	64	56	0
00:01:47	60	48	0
00:01:48	74	53	0
00:01:50	61	56	0
00:01:51	61	63	0
00:01:52	61	63	0
00:01:53	60	64	0
00:01:54	54	69	0
00:01:55	50	61	0
00:01:56	50	60	0
00:01:57	43	60	0
00:01:58	35	48	0
00:01:59	37	56	0
00:02:00	29	47	0
00:02:01	27	38	0
00:02:02	44	23	0
00:02:03	51	23	0
00:02:04	66	29	0
00:02:05	83	43	0
00:02:06	75	69	0
00:02:07	69	70	0
00:02:08	63	69	0
00:02:09	54	63	0
00:02:10	57	69	0
00:02:11	50	67	0
00:02:12	48	70	0
00:02:13	48	69	0
00:02:14	35	54	0
00:02:15	51	44	0
00:02:16	56	43	0
00:02:17	50	41	0
00:02:18	60	54	0
00:02:19	48	57	0
00:02:20	34	43	0
00:02:21	38	48	0
00:02:22	37	30	0
00:02:23	35	51	0
00:02:25	35	56	0
00:02:26	30	61	0
00:02:27	51	75	0
00:02:28	60	66	0
00:02:29	67	48	0
00:02:30	63	48	0
00:02:31	48	40	0
00:02:32	48	35	0
00:02:33	47	56	0
00:02:34	51	44	0
00:02:35	54	38	0
00:02:36	63	53	0
00:02:37	75	50	0
00:02:38	70	57	0
00:02:39	75	81	0
00:02:40	63	75	0
00:02:41	51	75	0
00:02:42	57	77	0
00:02:43	34	51	0
00:02:44	40	48	0
00:02:45	47	53	0
00:02:46	34	60	0
00:02:47	40	67	0
00:02:48	23	70	0
00:02:49	20	61	0
00:02:50	26	44	0
00:02:51	38	50	0
00:02:52	16	41	0
00:02:53	10	53	0
00:02:54	17	41	0
00:02:55	27	41	0
00:02:56	53	50	0
00:02:57	63	40	0
00:02:58	48	51	0
00:03:00	47	48	0
00:03:01	34	38	0
00:03:02	24	35	0
00:03:03	34	38	0
00:03:04	37	43	0
00:03:05	47	53	0
00:03:06	57	60	0
00:03:07	54	57	0
00:03:08	57	56	0
00:03:09	61	61	0
00:03:10	48	51	0
00:03:11	63	50	0
00:03:12	63	51	0
00:03:13	53	40	0
00:03:14	61	41	0
00:03:15	50	38	0
00:03:16	51	43	0
00:03:17	44	34	0
00:03:18	48	47	0
00:03:19	48	47	0
00:03:20	48	56	0
00:03:21	57	83	0
00:03:22	64	75	0
00:03:23	60	63	0
00:03:24	60	63	51
00:03:25	60	63	25
00:03:26	56	61	0
00:03:27	60	64	0
00:03:28	37	61	0
00:03:29	34	77	0
00:03:30	40	83	0
00:03:31	29	70	0
00:03:32	24	74	0
00:03:34	30	54	0
00:03:35	10	34	0
00:03:36	10	37	0
00:03:37	20	57	0
00:03:38	11	54	0
00:03:39	26	63	0
00:03:40	29	67	0
00:03:41	38	50	0
00:03:42	47	57	0
00:03:43	44	56	0
00:03:44	44	54	0
00:03:45	37	61	0
00:03:46	29	56	0
00:03:47	30	53	0
00:03:48	29	48	0
00:03:49	37	54	0
00:03:50	29	57	0
00:03:51	29	54	0
00:03:52	29	60	0
00:03:53	41	57	0
00:03:54	51	77	0
00:03:55	53	70	0
00:03:56	57	70	0
00:03:57	56	74	0
00:03:58	40	64	0
00:03:59	43	63	0
00:04:00	38	66	0
00:04:01	40	60	0
00:04:02	51	63	0
00:04:03	41	57	0
00:04:04	34	51	0
00:04:05	26	66	0
00:04:06	24	69	0
00:04:08	23	77	0
00:04:09	20	66	0
00:04:10	21	54	0
00:04:11	17	53	0
00:04:12	20	40	0
00:04:13	21	48	0
00:04:14	21	50	0
00:04:15	26	41	0
00:04:16	34	60	0
00:04:17	41	57	0
00:04:18	50	61	0
00:04:19	54	69	0
00:04:20	56	74	0
00:04:21	40	80	0
00:04:22	34	75	0
00:04:23	35	66	0
00:04:24	43	48	0
00:04:25	54	48	0
00:04:26	54	41	0
00:04:27	54	56	0
00:04:28	53	66	0
00:04:29	56	87	0
00:04:30	61	88	0
00:04:31	48	53	0
00:04:32	44	43	0
00:04:33	43	29	0
00:04:34	43	29	26
00:04:35	43	29	26
00:04:36	43	29	25
00:04:37	26	37	0
00:04:38	26	37	26
00:04:39	37	61	0
00:04:41	38	63	0
00:04:42	29	56	0
00:04:43	37	54	0
00:04:44	38	56	0
00:04:45	35	67	0
00:04:46	34	67	0
00:04:47	48	63	0
00:04:48	51	61	0
00:04:49	38	53	0
00:04:50	29	64	0
00:04:51	16	61	0
00:04:52	29	53	0
00:04:53	47	57	0
00:04:54	43	54	0
00:04:55	43	47	0
00:04:56	51	63	0
00:04:57	47	54	0
00:04:58	47	54	0
00:04:59	60	67	0
00:05:00	47	56	0
00:05:01	51	56	0
00:05:02	41	51	0
00:05:03	57	53	0
00:05:04	56	53	0
00:05:05	50	57	0
00:05:06	44	56	0
00:05:07	17	37	0
00:05:08	34	48	0
00:05:09	27	41	0
00:05:10	26	43	0
00:05:11	50	61	0
00:05:13	40	61	0
00:05:14	40	57	0
00:05:15	51	53	0
00:05:16	27	43	0
00:05:17	29	34	0
00:05:18	35	35	0
00:05:19	53	63	0
00:05:20	60	57	0
00:05:21	53	53	0
00:05:22	34	47	0
00:05:23	29	38	0
00:05:24	26	47	0
00:05:25	37	50	0
00:05:26	41	60	0
00:05:27	48	53	0
00:05:28	54	64	0
00:05:29	57	69	0
00:05:30	66	63	0
00:05:31	53	53	0
00:05:32	48	41	0
00:05:33	44	57	0
00:05:34	37	61	0
00:05:35	54	75	0
00:05:36	53	70	0
00:05:37	54	57	0
00:05:38	44	51	0
00:05:39	27	43	0
00:05:40	30	54	0
00:05:41	27	51	0
00:05:42	30	63	0
00:05:43	37	70	0
00:05:44	34	74	0
00:05:46	26	74	0
00:05:47	43	64	0
00:05:48	44	64	0
00:05:49	35	61	0
00:05:50	29	57	0
00:05:51	26	61	0
00:05:52	30	60	0
00:05:53	48	56	0
00:05:54	50	60	0
00:05:55	44	54	0
00:05:56	29	54	0
00:05:57	34	61	0
00:05:58	30	67	0
00:05:59	38	74	0
00:06:00	50	74	0
00:06:01	40	70	0
00:06:02	38	56	0
00:06:03	38	60	0
00:06:04	34	37	0
00:06:05	30	37	0
00:06:06	29	43	0
00:06:07	34	50	0
00:06:08	27	70	0
00:06:09	27	67	0
00:06:10	26	64	0
00:06:11	20	50	0
00:06:12	27	47	0
00:06:13	37	56	0
00:06:14	38	78	0
00:06:15	40	81	0
00:06:16	30	69	0
00:06:18	29	61	0
00:06:19	34	41	0
00:06:20	37	26	0
00:06:21	48	38	0
00:06:22	50	41	0
00:06:23	48	47	0
00:06:24	50	66	0
00:06:25	41	60	0
00:06:26	44	66	0
00:06:27	47	61	0
00:06:28	37	50	0
00:06:29	34	54	0
00:06:30	41	48	0
00:06:31	50	53	0
00:06:32	44	47	0
00:06:33	54	37	0
00:06:34	48	44	0
00:06:35	35	29	0
00:06:36	53	44	0
00:06:37	44	57	0
00:06:38	38	57	0
00:06:39	57	77	0
00:06:40	56	63	0
00:06:41	47	66	0
00:06:42	47	67	0
00:06:43	30	84	0
00:06:44	48	87	0
00:06:45	40	80	0
00:06:46	40	57	0
00:06:47	50	51	0
00:06:48	47	37	0
00:06:49	51	37	0
00:06:51	47	41	0
00:06:52	47	38	0
00:06:53	53	41	0
00:06:54	56	41	0
00:06:55	57	37	0
00:06:56	56	34	0
00:06:57	53	47	0
00:06:58	56	30	0
00:06:59	64	47	0
00:07:00	66	60	0
00:07:01	64	54	0
00:07:02	50	67	0
00:07:03	38	74	0
00:07:04	30	57	0
00:07:05	26	41	0
00:07:06	34	44	0
00:07:07	34	35	0
00:07:08	37	20	0
00:07:09	41	30	0
00:07:10	29	37	0
00:07:11	44	48	0
00:07:12	43	54	0
00:07:13	63	54	0
00:07:14	60	38	0
00:07:15	66	60	0
00:07:16	69	51	0
00:07:17	61	47	0
00:07:18	56	63	0
00:07:19	60	61	0
00:07:20	57	75	0
00:07:21	66	69	0
00:07:22	57	57	0
00:07:24	48	53	0
00:07:25	38	50	0
00:07:26	20	54	0
00:07:27	35	61	0
00:07:28	30	56	0
00:07:29	34	43	0
00:07:30	50	48	0
00:07:31	37	30	0
00:07:32	44	40	0
00:07:33	50	54	0
00:07:34	38	44	0
00:07:35	41	47	0
00:07:36	38	56	0
00:07:37	38	61	0
00:07:38	38	61	0
00:07:39	47	88	0
00:07:40	47	60	0
00:07:41	51	50	0
00:07:42	50	51	0
00:07:43	61	47	0
00:07:44	66	43	0
00:07:45	61	37	0
00:07:46	63	38	0
00:07:47	54	47	0
00:07:48	29	38	0
00:07:49	26	48	0
00:07:50	17	48	0
00:07:51	20	56	0
00:07:52	37	54	0
00:07:53	53	54	0
00:07:54	56	54	0
00:07:55	64	54	0
00:07:57	63	69	0
00:07:58	63	69	0
00:07:59	64	63	0
00:08:00	43	54	0
00:08:01	48	53	0
00:08:02	51	60	0
00:08:03	41	56	0
00:08:04	47	50	0
00:08:05	51	57	0
00:08:06	44	43	0
00:08:07	53	43	0
00:08:08	40	48	0
00:08:09	43	48	0
00:08:10	34	41	0
00:08:11	48	21	0
00:08:12	63	29	0
00:08:13	75	47	0
00:08:14	87	51	0
00:08:15	70	63	0
00:08:16	63	56	0
00:08:17	54	60	0
00:08:18	35	56	0
00:08:19	53	69	0
00:08:20	50	77	0
00:08:21	50	74	0
00:08:22	54	67	0
00:08:23	40	57	0
00:08:24	27	56	0
00:08:25	26	54	0
00:08:26	24	54	0
00:08:28	21	56	0
00:08:29	38	57	0
00:08:30	37	54	0
00:08:31	47	56	0
00:08:32	54	60	0
00:08:33	40	41	0
00:08:34	43	51	0
00:08:35	34	69	0
00:08:36	30	64	0
00:08:37	41	77	0
00:08:38	50	50	0
00:08:39	40	38	0
00:08:40	38	53	0
00:08:41	35	64	0
00:08:42	37	66	0
00:08:43	40	83	0
00:08:44	40	61	0
00:08:45	44	48	0
00:08:46	34	44	0
00:08:47	40	48	0
00:08:48	34	41	0
00:08:49	37	48	0
00:08:50	35	53	0
00:08:51	27	41	0
00:08:52	37	48	0
00:08:53	35	48	0
00:08:54	30	54	0
00:08:55	26	60	0
00:08:56	20	75	0
00:08:57	21	93	0
00:08:58	17	87	0
00:08:59	17	84	0
00:09:00	27	64	0
00:09:02	17	54	0
00:09:03	23	44	0
00:09:04	34	53	0
00:09:05	30	63	0
00:09:06	56	54	0
00:09:07	54	41	0
00:09:08	60	47	0
00:09:09	44	40	0
00:09:10	35	47	0
00:09:11	30	47	0
00:09:12	14	38	0
00:09:13	17	38	0
00:09:14	27	30	0
00:09:15	21	34	0
00:09:16	30	37	0
00:09:17	26	48	0
00:09:18	17	38	0
00:09:19	20	44	0
00:09:20	21	47	0
00:09:21	27	54	0
00:09:22	35	56	0
00:09:23	54	60	0
00:09:24	48	61	0
00:09:25	50	54	0
00:09:26	56	50	0
00:09:27	41	43	0
00:09:28	40	34	0
00:09:29	26	24	0
00:09:30	17	48	0
00:09:31	13	38	0
00:09:32	34	54	0
00:09:33	37	60	0
00:09:35	43	44	0
00:09:36	30	24	0
00:09:37	38	13	0
00:09:38	37	35	0
00:09:39	34	37	0
00:09:40	35	53	0
00:09:41	23	61	0
00:09:42	17	40	0
00:09:43	37	50	0
00:09:44	30	51	0
00:09:45	60	61	0
00:09:46	63	66	0
00:09:47	67	63	0
00:09:48	69	63	0
00:09:49	51	57	0
00:09:50	60	61	0
00:09:51	51	63	0
00:09:52	47	56	0
00:09:53	50	57	0
00:09:54	40	70	0
00:09:55	26	51	0
00:09:56	23	56	0
00:09:57	13	54	0
00:09:58	16	41	0
00:09:59	13	43	0
00:10:00	30	43	0
00:10:01	43	50	0
00:10:02	44	51	0
00:10:03	61	57	0
00:10:04	64	50	0
00:10:05	74	53	0
00:10:06	69	50	0
00:10:08	51	48	0
00:10:09	56	51	0
00:10:10	38	50	0
00:10:11	37	44	0
00:10:12	56	47	0
00:10:13	38	43	0
00:10:14	37	35	0
00:10:15	41	54	0
00:10:16	29	66	0
00:10:17	30	83	0
00:10:18	41	90	0
00:10:19	43	83	0
00:10:20	50	75	0
00:10:21	63	48	0
00:10:22	70	35	0
00:10:23	57	34	0
00:10:24	51	37	0
00:10:25	38	51	0
00:10:26	30	60	0
00:10:27	43	66	0
00:10:28	41	70	0
00:10:29	50	64	0
00:10:30	54	84	0
00:10:31	57	80	0
00:10:32	51	66	0
00:10:33	50	64	0
00:10:34	38	35	0
00:10:35	48	35	0
00:10:36	44	48	0
00:10:37	43	57	0
00:10:38	47	51	0
00:10:39	47	47	0
00:10:40	63	40	0
00:10:42	63	27	0
00:10:43	69	34	0
00:10:44	70	38	0
00:10:45	63	37	0
00:10:46	67	40	0
00:10:47	67	47	0
00:10:48	56	54	0
00:10:49	48	44	0
00:10:50	53	56	0
00:10:51	54	53	0
00:10:52	81	40	0
00:10:53	93	54	0
00:10:54	88	54	0
00:10:55	97	69	0
00:10:56	78	83	0
00:10:57	64	81	0
00:10:58	56	67	0
00:10:59	50	64	0
00:11:00	48	48	0
00:11:01	54	50	0
00:11:02	63	61	0
00:11:03	81	77	0
00:11:04	69	70	0
00:11:05	70	78	0
00:11:06	54	67	0
00:11:07	44	60	0
00:11:08	51	63	0
00:11:09	37	40	0
00:11:10	50	30	0
00:11:11	54	35	0
00:11:12	43	23	0
00:11:13	57	38	0
00:11:14	61	51	0
00:11:16	64	53	0
00:11:17	87	63	0
00:11:18	64	43	0
00:11:19	77	27	0
00:11:20	63	16	0
00:11:21	44	23	0
00:11:22	64	44	0
00:11:23	47	51	0
00:11:24	47	50	0
00:11:25	47	37	0
00:11:26	27	34	0
00:11:27	27	44	0
00:11:28	44	61	0
00:11:29	57	70	0
00:11:30	60	64	0
00:11:31	63	70	0
00:11:32	53	44	0
00:11:33	66	56	0
00:11:34	66	38	0
00:11:35	67	38	0
00:11:36	67	38	0
00:11:37	70	63	0
00:11:38	70	64	0
00:11:39	66	70	0
00:11:40	64	67	0
00:11:41	64	69	0
00:11:42	77	69	0
00:11:43	77	61	0
00:11:44	83	64	0
00:11:45	88	66	0
00:11:47	66	57	0
00:11:48	53	56	0
00:11:49	57	54	0
00:11:50	53	47	0
00:11:51	66	66	0
00:11:52	88	67	0
00:11:53	83	67	0
00:11:54	78	67	0
00:11:55	70	57	0
00:11:56	56	60	0
00:11:57	56	64	0
00:11:58	51	69	0
00:11:59	54	64	0
00:12:00	56	60	0
00:12:01	64	66	0
00:12:02	63	64	0
00:12:03	57	77	0
00:12:04	51	80	0
00:12:05	35	78	0
00:12:06	34	67	0
00:12:07	24	50	0
00:12:08	21	40	0
00:12:09	35	44	0
00:12:10	34	38	0
00:12:11	38	53	0
00:12:12	37	53	0
00:12:13	17	53	0
00:12:14	21	54	0
00:12:15	24	56	0
00:12:16	43	60	0
00:12:18	63	56	0
00:12:19	77	64	0
00:12:20	78	67	0
00:12:21	63	63	0
00:12:22	64	70	0
00:12:23	60	67	0
00:12:24	50	56	0
00:12:25	66	57	0
00:12:26	67	41	0
00:12:27	91	47	0
00:12:28	67	48	0
00:12:29	63	61	0
00:12:30	37	60	0
00:12:31	21	54	0
00:12:32	29	50	0
00:12:33	29	35	0
00:12:34	40	47	0
00:12:35	40	50	0
00:12:36	51	50	0
00:12:37	63	64	0
00:12:38	69	57	0
00:12:39	77	57	0
00:12:40	56	43	0
00:12:41	50	47	0
00:12:42	23	34	0
00:12:43	24	35	0
00:12:44	21	44	0
00:12:45	17	21	0
00:12:46	40	34	0
00:12:47	30	30	0
00:12:48	43	50	0
00:12:49	44	67	0
00:12:50	24	66	0
00:12:52	21	70	0
00:12:53	20	61	0
00:12:54	11	48	0
00:12:55	29	57	0
00:12:56	48	53	0
00:12:57	53	64	0
00:12:58	48	56	0
00:12:59	43	54	0
00:13:00	38	50	0
00:13:01	44	51	0
00:13:02	47	41	0
00:13:03	51	44	0
00:13:04	50	50	0
00:13:05	47	48	0
00:13:06	48	48	0
00:13:07	29	44	0
00:13:08	23	35	0
00:13:09	24	38	0
00:13:10	30	43	0
00:13:11	38	40	0
00:13:12	64	47	0
00:13:13	54	40	0
00:13:14	54	40	26
00:13:15	43	43	0
00:13:16	48	57	0
00:13:17	27	70	0
00:13:18	41	61	0
00:13:19	50	54	0
00:13:20	50	48	0
00:13:21	41	35	0
00:13:22	26	43	0
00:13:23	38	57	0
00:13:24	40	48	0
00:13:25	77	57	0
00:13:27	56	48	0
00:13:28	64	50	0
00:13:29	50	48	0
00:13:30	53	66	0
00:13:31	74	77	0
00:13:32	61	83	0
00:13:33	74	80	0
00:13:34	75	70	0
00:13:35	63	53	0
00:13:36	67	40	0
00:13:37	66	41	0
00:13:38	70	47	0
00:13:39	66	60	0
00:13:40	64	74	0
00:13:41	51	67	0
00:13:42	29	60	0
00:13:43	26	67	0
00:13:44	20	50	0
00:13:45	29	43	0
00:13:46	38	50	0
00:13:47	37	40	0
00:13:48	37	44	0
00:13:49	35	57	0
00:13:50	23	44	0
00:13:51	41	44	0
00:13:52	57	64	0
00:13:53	66	60	0
00:13:54	67	63	0
00:13:55	43	41	0
00:13:56	41	51	0
00:13:57	38	61	0
00:13:58	44	60	0
00:13:59	48	77	0
00:14:01	54	75	0
00:14:02	77	75	0
00:14:03	60	75	0
00:14:04	54	54	0
00:14:05	43	30	0
00:14:06	37	29	0
00:14:07	41	26	0
00:14:08	60	43	0
00:14:09	50	50	0
00:14:10	50	44	0
00:14:11	57	51	0
00:14:12	40	56	0
00:14:13	35	67	0
00:14:14	23	57	0
00:14:15	21	57	0
00:14:16	26	48	0
00:14:17	51	60	0
00:14:18	70	78	0
00:14:19	70	87	0
00:14:20	63	94	0
00:14:21	54	77	0
00:14:22	43	50	0
00:14:23	47	47	0
00:14:24	51	48	0
00:14:25	43	54	0
00:14:26	53	48	0
00:14:27	51	57	0
00:14:28	37	60	0
00:14:29	57	80	0
00:14:30	53	87	0
00:14:31	57	77	0
00:14:33	77	83	0
00:14:34	63	70	0
00:14:35	43	70	0
00:14:36	37	61	0
00:14:37	37	56	0
00:14:38	38	57	0
00:14:39	38	48	0
00:14:40	51	67	0
00:14:41	44	56	0
00:14:42	47	61	0
00:14:43	53	80	0
00:14:44	40	60	0
00:14:45	30	54	0
00:14:46	26	57	0
00:14:47	27	41	0
00:14:48	41	60	0
00:14:49	57	63	0
00:14:50	69	61	0
00:14:51	77	64	0
00:14:52	74	77	0
00:14:53	56	63	0
00:14:54	48	54	0
00:14:55	34	40	0
00:14:56	38	17	0
00:14:57	47	26	0
00:14:58	47	43	0
00:14:59	61	61	0
00:15:00	56	83	0
00:15:01	41	84	0
00:15:02	43	66	0
00:15:03	43	51	0
00:15:04	37	48	0
00:15:06	54	53	0
00:15:07	57	60	0
00:15:08	50	54	0
00:15:09	38	50	0
00:15:10	37	41	0
00:15:11	44	48	0
00:15:12	61	56	0
00:15:13	83	63	0
00:15:14	87	61	0
00:15:15	78	44	0
00:15:16	78	44	0
00:15:17	48	53	0
00:15:18	47	66	0
00:15:19	37	78	0
00:15:20	37	77	0
00:15:21	41	83	0
00:15:22	43	67	0
00:15:23	41	75	0
00:15:24	54	61	0
00:15:25	41	48	0
00:15:26	41	51	0
00:15:27	41	50	0
00:15:28	41	60	0
00:15:29	51	69	0
00:15:30	56	69	0
00:15:31	50	61	0
00:15:32	37	47	0
00:15:33	50	54	0
00:15:34	40	57	0
00:15:35	40	57	0
00:15:36	47	60	0
00:15:37	47	60	0
00:15:39	53	56	0
00:15:40	54	63	0
00:15:41	70	56	0
00:15:42	56	67	0
00:15:43	64	61	0
00:15:44	74	54	0
00:15:45	53	57	0
00:15:46	53	44	0
00:15:47	56	63	0
00:15:48	54	54	0
00:15:49	50	51	0
00:15:50	67	26	0
00:15:51	63	43	0
00:15:52	78	61	0
00:15:53	80	78	0
00:15:54	60	80	0
00:15:55	63	74	0
00:15:56	64	60	0
00:15:57	56	53	0
00:15:58	56	50	0
00:15:59	60	61	0
00:16:00	57	61	0
00:16:01	54	67	0
00:16:02	70	77	0
00:16:03	57	60	0
00:16:04	44	57	0
00:16:05	29	43	0
00:16:06	11	44	0
00:16:07	11	51	0
00:16:08	17	60	0
00:16:09	30	67	0
00:16:10	48	63	0
00:16:12	53	50	0
00:16:13	41	41	0
00:16:14	21	27	0
00:16:15	11	20	0
00:16:16	11	20	0
00:16:17	10	40	0
00:16:18	35	51	0
00:16:19	56	54	0
00:16:20	53	54	0
00:16:21	50	50	0
00:16:22	44	69	0
00:16:23	37	50	0
00:16:24	37	50	51
00:16:25	47	47	0
00:16:26	34	56	0
00:16:27	54	47	0
00:16:28	56	47	0
00:16:29	63	44	0
00:16:30	77	44	0
00:16:31	47	26	0
00:16:32	57	47	0
00:16:33	40	29	0
00:16:34	41	34	0
00:16:35	53	48	0
00:16:36	54	50	0
00:16:37	64	67	0
00:16:38	61	66	0
00:16:39	53	63	0
00:16:40	48	56	0
00:16:41	41	57	0
00:16:42	40	54	0
00:16:43	61	63	0
00:16:44	54	67	0
00:16:45	48	64	0
00:16:46	51	61	0
00:16:48	41	63	0
00:16:49	41	63	51
00:16:50	63	66	0
00:16:51	64	74	0
00:16:52	61	70	0
00:16:53	64	53	0
00:16:54	56	63	0
00:16:55	44	56	0
00:16:56	44	56	25
00:16:57	43	57	0
00:16:58	48	64	0
00:16:59	26	57	0
00:17:00	37	51	0
00:17:01	37	51	26
00:17:02	43	41	0
00:17:03	48	50	0
00:17:04	61	53	0
00:17:05	61	69	0
00:17:06	57	77	0
00:17:07	53	80	0
00:17:08	53	75	0
00:17:09	56	53	0
00:17:10	41	50	0
00:17:11	43	47	0
00:17:12	41	47	0
00:17:13	35	64	0
00:17:14	51	69	0
00:17:15	48	63	0
00:17:16	51	57	0
00:17:17	48	53	0
00:17:18	43	40	0
00:17:19	51	64	0
00:17:20	51	51	0
00:17:21	61	61	0
00:17:23	61	54	0
00:17:24	53	57	0
00:17:25	48	77	0
00:17:26	37	83	0
00:17:27	30	75	0
00:17:28	24	69	0
00:17:29	23	53	0
00:17:30	24	51	0
00:17:31	29	53	0
00:17:32	48	63	0
00:17:33	51	75	0
00:17:34	63	66	0
00:17:35	66	64	0
00:17:36	60	57	0
00:17:37	57	40	0
00:17:38	50	37	0
00:17:39	53	43	0
00:17:40	51	41	0
00:17:41	53	51	0
00:17:42	48	54	0
00:17:43	40	57	0
00:17:44	37	44	0
00:17:45	43	61	0
00:17:46	37	70	0
00:17:47	26	48	0
00:17:48	29	57	0
00:17:49	21	38	0
00:17:50	29	48	0
00:17:51	38	66	0
00:17:52	53	77	0
00:17:53	54	60	0
00:17:54	54	60	0
00:17:55	44	57	0
00:17:56	57	64	0
00:17:57	57	63	0
00:17:59	57	56	0
00:18:00	48	43	0
00:18:01	34	26	0
00:18:02	26	29	0
00:18:03	40	38	0
00:18:04	53	53	0
00:18:05	51	64	0
00:18:06	57	67	0
00:18:07	48	64	0
00:18:08	43	54	0
00:18:09	38	54	0
00:18:10	41	63	0
00:18:11	50	69	0
00:18:12	53	70	0
00:18:13	67	69	0
00:18:14	67	54	0
00:18:15	67	54	0
00:18:16	75	64	0
00:18:17	70	74	0
00:18:18	64	69	0
00:18:19	64	69	0
00:18:20	51	66	0
00:18:21	51	63	0
00:18:22	57	75	0
00:18:23	67	67	0
00:18:24	74	63	0
00:18:25	77	60	0
00:18:26	60	56	0
00:18:27	51	54	0
00:18:28	51	51	0
00:18:29	40	43	0
00:18:30	43	34	0
00:18:31	56	38	0
00:18:32	64	43	0
00:18:33	69	47	0
00:18:35	74	54	0
00:18:36	66	47	0
00:18:37	54	38	0
00:18:38	38	35	0
00:18:39	43	35	0
00:18:40	43	51	0
00:18:41	43	60	0
00:18:42	57	69	0
00:18:43	48	57	0
00:18:44	51	41	0
00:18:45	37	43	0
00:18:46	23	44	0
00:18:47	26	51	0
00:18:48	26	60	0
00:18:49	38	56	0
00:18:50	48	56	0
00:18:51	53	47	0
00:18:52	57	48	0
00:18:53	57	38	0
00:18:54	51	40	0
00:18:55	51	56	0
00:18:56	44	48	0
00:18:57	50	63	0
00:18:58	50	61	0
00:18:59	54	63	0
00:19:00	48	61	0
00:19:01	44	51	0
00:19:02	38	41	0
00:19:03	37	43	0
00:19:04	40	53	0
00:19:05	38	67	0
00:19:06	30	78	0
00:19:08	20	75	0
00:19:09	20	70	0
00:19:10	21	60	0
00:19:11	40	60	0
00:19:12	54	44	0
00:19:13	57	56	0
00:19:14	57	53	0
00:19:15	48	40	0
00:19:16	51	57	0
00:19:17	61	51	0
00:19:18	64	60	0
00:19:19	61	70	0
00:19:20	56	63	0
00:19:21	57	63	0
00:19:22	61	35	0
00:19:23	56	44	0
00:19:24	61	38	0
00:19:25	60	50	0
00:19:26	60	60	0
00:19:27	64	48	0
00:19:28	47	43	0
00:19:29	47	51	0
00:19:30	47	37	0
00:19:31	23	30	0
00:19:32	23	37	0
00:19:33	17	30	0
00:19:34	17	30	0
00:19:35	64	51	0
00:19:36	63	51	0
00:19:37	69	48	0
00:19:38	75	51	0
00:19:39	67	40	0
00:19:40	77	37	0
00:19:41	77	44	0
00:19:42	61	50	0
00:19:44	57	50	0
00:19:45	43	48	0
00:19:46	43	43	0
00:19:47	44	38	0
00:19:48	34	43	0
00:19:49	41	53	0
00:19:50	40	41	0
00:19:51	41	43	0
00:19:52	56	44	0
00:19:53	37	57	0
00:19:54	29	51	0
00:19:55	11	34	0
00:19:56	16	47	0
00:19:57	27	53	0
00:19:58	37	60	0
00:19:59	56	78	0
00:20:00	63	69	0
00:20:01	50	63	0
00:20:02	44	64	0
00:20:03	48	56	0
00:20:04	34	56	0
00:20:05	47	54	0
00:20:06	44	44	0
00:20:07	29	43	0
00:20:08	29	34	0
00:20:09	27	30	0
00:20:10	34	50	0
00:20:11	29	50	0
00:20:12	43	61	0
00:20:13	35	51	0
00:20:14	35	51	0
00:20:15	43	43	0
00:20:16	44	38	0
00:20:17	48	40	0
00:20:19	41	40	0
00:20:20	40	44	0
00:20:21	29	48	0
00:20:22	34	47	0
00:20:23	35	44	0
00:20:24	43	26	0
00:20:25	38	38	0
00:20:26	40	41	0
00:20:27	51	40	0
00:20:28	50	57	0
00:20:29	53	61	0
00:20:30	60	64	0
00:20:31	48	69	0
00:20:32	53	61	0
00:20:33	61	56	0
00:20:34	54	60	0
00:20:35	60	67	0
00:20:36	57	57	0
00:20:37	54	61	0
00:20:38	48	48	0
00:20:39	57	38	0
00:20:40	53	48	0
00:20:41	57	51	0
00:20:42	77	53	0
00:20:43	74	48	0
00:20:44	66	47	0
00:20:45	56	40	0
00:20:46	43	53	0
00:20:47	34	61	0
00:20:48	34	56	0
00:20:49	44	53	0
00:20:50	41	54	0
00:20:51	37	43	0
00:20:52	30	41	0
00:20:53	30	41	25
00:20:55	47	47	0
00:20:56	47	47	26
00:20:57	47	47	26
00:20:58	54	34	0
00:20:59	57	41	0
00:21:00	70	48	0
00:21:01	57	57	0
00:21:02	54	61	0
00:21:03	64	60	0
00:21:04	67	50	0
00:21:05	50	35	0
00:21:06	44	40	0
00:21:07	41	47	0
00:21:08	43	60	0
00:21:09	47	61	0
00:21:10	53	61	0
00:21:11	60	60	0
00:21:12	61	50	0
00:21:13	74	51	0
00:21:14	66	50	0
00:21:15	57	38	0
00:21:16	54	48	0
00:21:17	50	44	0
00:21:18	47	40	0
00:21:19	64	48	0
00:21:20	56	38	0
00:21:21	63	41	0
00:21:22	77	54	0
00:21:23	69	60	0
00:21:24	75	50	0
00:21:25	78	29	0
00:21:26	64	13	0
00:21:27	57	3	0
00:21:28	64	20	0
00:21:30	60	26	0
00:21:31	60	26	26
00:21:32	63	34	0
00:21:33	63	51	0
00:21:34	67	51	0
00:21:35	64	50	0
00:21:36	61	56	0
00:21:37	56	47	0
00:21:38	34	30	0
00:21:39	41	43	0
00:21:40	43	51	0
00:21:41	53	54	0
00:21:42	69	67	0
00:21:43	66	66	0
00:21:44	61	61	0
00:21:45	61	63	0
00:21:46	60	69	0
00:21:47	66	69	0
00:21:48	70	66	0
00:21:49	74	63	0
00:21:50	81	53	0
00:21:51	69	51	0
00:21:52	60	48	0
00:21:53	53	61	0
00:21:54	43	67	0
00:21:55	47	57	0
00:21:56	40	43	0
00:21:57	30	41	0
00:21:58	40	47	0
00:21:59	26	56	0
00:22:00	34	51	0
00:22:01	41	61	0
00:22:02	37	63	0
00:22:03	51	54	0
00:22:04	54	78	0
00:22:06	47	78	0
00:22:07	56	80	0
00:22:08	48	93	0
00:22:09	47	77	0
00:22:10	48	63	0
00:22:11	41	57	0
00:22:12	47	50	0
00:22:13	54	50	0
00:22:14	54	50	0
00:22:15	51	57	0
00:22:16	37	35	0
00:22:17	38	34	0
00:22:18	40	34	0
00:22:19	38	26	0
00:22:20	43	47	0
00:22:21	29	63	0
00:22:22	21	61	0
00:22:23	34	51	0
00:22:24	54	44	0
00:22:25	51	26	0
00:22:26	70	41	0
00:22:27	51	37	0
00:22:28	60	50	0
00:22:29	41	48	0
00:22:30	38	61	0
00:22:31	41	67	0
00:22:32	41	67	0
00:22:33	44	70	0
00:22:34	47	77	0
00:22:35	44	67	0
00:22:36	35	44	0
00:22:37	41	37	0
00:22:38	48	26	0
00:22:39	57	34	0
00:22:40	67	63	0
00:22:41	60	63	0
00:22:43	56	77	0
00:22:44	43	78	0
00:22:45	30	63	0
00:22:46	34	75	0
00:22:47	24	54	0
00:22:48	34	50	0
00:22:49	38	67	0
00:22:50	40	51	0
00:22:51	40	47	0
00:22:52	37	47	0
00:22:53	40	27	0
00:22:54	50	34	0
00:22:55	47	44	0
00:22:56	43	61	0
00:22:57	35	74	0
00:22:58	40	75	0
00:22:59	53	54	0
00:23:00	63	38	0
00:23:01	60	21	0
00:23:02	75	11	0
00:23:03	61	21	0
00:23:04	57	38	0
00:23:05	60	56	0
00:23:06	41	67	0
00:23:07	47	66	0
00:23:08	51	61	0
00:23:09	50	61	0
00:23:10	61	61	0
00:23:11	74	63	0
00:23:12	78	67	0
00:23:13	69	63	0
00:23:14	74	67	0
00:23:15	63	63	0
00:23:16	51	44	0
00:23:17	60	51	0
00:23:19	53	47	0
00:23:20	50	60	0
00:23:21	38	60	0
00:23:22	30	51	0
00:23:23	41	53	0
00:23:24	44	47	0
00:23:25	56	63	0
00:23:26	53	77	0
00:23:27	44	69	0
00:23:28	41	63	0
00:23:29	35	54	0
00:23:30	29	51	0
00:23:31	43	56	0
00:23:32	56	61	0
00:23:33	56	61	0
00:23:34	53	60	0
00:23:35	48	69	0
00:23:36	44	57	0
00:23:37	48	60	0
00:23:38	54	57	0
00:23:39	57	51	0
00:23:40	47	53	0
00:23:41	50	57	0
00:23:42	41	57	0
00:23:43	41	61	0
00:23:44	54	63	0
00:23:45	63	56	0
00:23:46	70	69	0
00:23:47	56	63	0
00:23:48	50	57	0
00:23:49	34	53	0
00:23:50	43	44	0
00:23:51	61	41	0
00:23:52	56	51	0
00:23:53	56	50	0
00:23:55	56	50	26
00:23:56	47	53	0
00:23:57	47	61	0
00:23:58	51	56	0
00:23:59	54	61	0
00:24:00	53	41	0
00:24:01	51	48	0
00:24:02	61	61	0
00:24:03	60	74	0
00:24:04	40	69	0
00:24:05	35	66	0
00:24:06	29	44	0
00:24:07	34	37	0
00:24:08	63	50	0
00:24:09	66	47	0
00:24:10	60	51	0
00:24:11	53	54	0
00:24:12	23	47	0
00:24:13	16	44	0
00:24:14	11	37	0
00:24:15	11	26	0
00:24:16	30	26	0
00:24:17	54	34	0
00:24:18	63	41	0
00:24:19	77	48	0
00:24:20	66	47	0
00:24:21	56	63	0
00:24:22	80	64	0
00:24:23	61	70	0
00:24:24	64	80	0
00:24:25	47	51	0
00:24:26	10	51	0
00:24:27	20	51	0
00:24:28	7	47	0
00:24:29	3	43	0
00:24:31	27	54	0
00:24:32	53	60	0
00:24:33	69	74	0
00:24:34	48	44	0
00:24:35	43	40	0
00:24:36	29	47	0
00:24:37	30	53	0
00:24:38	47	56	0
00:24:39	30	48	0
00:24:40	38	43	0
00:24:41	37	47	0
00:24:42	38	67	0
00:24:43	54	70	0
00:24:44	61	60	0
00:24:45	53	40	0
00:24:46	57	34	0
00:24:47	38	24	0
00:24:48	40	29	0
00:24:49	47	35	0
00:24:50	21	24	0
00:24:51	47	43	0
00:24:52	51	47	0
00:24:53	57	40	0
00:24:54	87	50	0
00:24:55	80	60	0
00:24:56	78	51	0
00:24:57	70	74	0
00:24:58	60	87	0
00:24:59	44	63	0
00:25:00	29	51	0
00:25:01	27	54	0
00:25:02	17	37	0
00:25:03	47	54	0
00:25:04	37	38	0
00:25:05	56	57	0
00:25:06	57	66	0
00:25:08	35	54	0
00:25:09	38	54	0
00:25:10	41	51	0
00:25:11	56	50	0
00:25:12	75	66	0
00:25:13	100	64	0
00:25:14	74	53	0
00:25:15	75	50	0
00:25:16	75	51	0
00:25:17	70	61	0
00:25:18	80	70	0
00:25:19	74	75	0
00:25:20	74	77	0
00:25:21	63	60	0
00:25:22	67	64	0
00:25:23	69	63	0
00:25:24	67	74	0
00:25:25	70	93	0
00:25:26	69	83	0
00:25:27	61	81	0
00:25:28	57	77	0
00:25:29	50	61	0
00:25:30	53	77	0
00:25:31	51	80	0
00:25:32	37	74	0
00:25:33	35	74	0
00:25:34	27	50	0
00:25:35	30	43	0
00:25:36	30	38	0
00:25:37	35	41	0
00:25:38	44	41	0
00:25:39	47	44	0
00:25:40	53	60	0
00:25:41	48	53	0
00:25:42	41	57	0
00:25:44	37	66	0
00:25:45	38	60	0
00:25:46	38	69	0
00:25:47	29	63	0
00:25:48	43	51	0
00:25:49	40	48	0
00:25:50	23	48	0
00:25:51	34	51	0
00:25:52	21	43	0
00:25:53	21	43	0
00:25:54	14	43	0
00:25:55	13	44	0
00:25:56	27	64	0
00:25:57	35	66	0
00:25:58	30	53	0
00:25:59	41	56	0
00:26:00	44	54	0
00:26:01	57	38	0
00:26:02	87	50	0
00:26:03	70	38	0
00:26:04	74	40	0
00:26:05	63	56	0
00:26:06	47	64	0
00:26:07	47	61	0
00:26:08	41	67	0
00:26:09	53	61	0
00:26:10	60	74	0
00:26:11	38	50	0
00:26:12	64	38	0
00:26:13	57	29	0
00:26:14	60	26	0
00:26:15	51	30	0
00:26:16	24	30	0
00:26:17	27	38	0
00:26:18	17	21	0
00:26:20	27	26	0
00:26:21	24	27	0
00:26:22	24	34	0
00:26:23	29	38	0
00:26:24	38	44	0
00:26:25	50	53	0
00:26:26	67	48	0
00:26:27	56	40	0
00:26:28	54	35	0
00:26:29	69	44	0
00:26:30	47	47	0
00:26:31	53	66	0
00:26:32	53	67	0
00:26:33	34	56	0
00:26:34	38	64	0
00:26:35	37	57	0
00:26:36	43	64	0
00:26:37	56	75	0
00:26:38	70	67	0
00:26:39	67	67	0
00:26:40	75	63	0
00:26:41	75	53	0
00:26:42	78	67	0
00:26:43	60	57	0
00:26:44	57	53	0
00:26:45	66	60	0
00:26:46	50	63	0
00:26:47	63	60	0
00:26:48	77	78	0
00:26:49	60	70	0
00:26:50	70	61	0
00:26:51	70	80	0
00:26:52	60	81	0
00:26:53	51	87	0
00:26:54	54	77	0
00:26:56	44	57	0
00:26:57	34	37	0
00:26:58	57	41	0
00:26:59	43	44	0
00:27:00	57	40	0
00:27:01	83	43	0
00:27:02	67	43	0
00:27:03	75	60	0
00:27:04	61	77	0
00:27:05	54	91	0
00:27:06	53	77	0
00:27:07	56	70	0
00:27:08	51	41	0
00:27:09	63	48	0
00:27:10	43	38	0
00:27:11	41	57	0
00:27:12	30	63	0
00:27:13	34	83	0
00:27:14	51	90	0
00:27:15	44	64	0
00:27:16	35	60	0
00:27:17	17	35	0
00:27:18	1	27	0
00:27:19	1	47	0
00:27:20	10	43	0
00:27:21	8	51	0
00:27:22	14	47	0
00:27:23	1	35	0
00:27:24	1	40	0
00:27:25	10	23	0
00:27:26	10	35	0
00:27:27	40	41	0
00:27:28	47	40	0
00:27:29	44	51	0
00:27:30	51	38	0
00:27:32	35	41	0
00:27:33	35	41	0
00:27:34	37	44	0
00:27:35	44	57	0
00:27:36	38	40	0
00:27:37	37	35	0
00:27:38	35	35	0
00:27:39	21	26	0
00:27:40	16	27	0
00:27:41	10	27	0
00:27:42	17	53	0
00:27:43	14	54	0
00:27:44	20	53	0
00:27:45	21	51	0
00:27:46	26	43	0
00:27:47	27	37	0
00:27:48	43	50	0
00:27:49	51	56	0
00:27:50	44	35	0
00:27:51	57	34	0
00:27:52	37	20	0
00:27:53	26	17	0
00:27:54	44	41	0
00:27:55	44	56	0
00:27:56	64	67	0
00:27:57	81	84	0
00:27:58	75	74	0
00:27:59	51	60	0
00:28:00	44	63	0
00:28:01	27	61	0
00:28:02	29	78	0
00:28:03	47	96	0
00:28:04	41	96	0
00:28:05	67	87	0
00:28:06	80	56	0
00:28:08	67	37	0
00:28:09	75	47	0
00:28:10	38	61	0
00:28:11	51	67	0
00:28:12	57	51	0
00:28:13	57	70	0
00:28:14	74	66	0
00:28:15	69	61	0
00:28:16	69	66	0
00:28:17	78	50	0
00:28:18	61	64	0
00:28:19	66	67	0
00:28:20	67	60	0
00:28:21	67	51	0
00:28:22	60	34	0
00:28:23	60	40	0
00:28:24	60	40	51
00:28:25	60	40	51
00:28:26	60	40	25
00:28:27	37	35	0
00:28:28	21	35	0
00:28:29	35	48	0
00:28:30	48	30	0
00:28:31	60	43	0
00:28:32	69	54	0
00:28:33	53	47	0
00:28:34	47	53	0
00:28:35	44	48	0
00:28:36	48	41	0
00:28:37	67	37	0
00:28:38	60	23	0
00:28:39	50	37	0
00:28:40	35	43	0
00:28:41	35	67	0
00:28:43	44	84	0
00:28:44	43	83	0
00:28:45	44	80	0
00:28:46	41	75	0
00:28:47	43	53	0
00:28:48	47	48	0
00:28:49	50	41	0
00:28:50	40	37	0
00:28:51	48	53	0
00:28:52	48	53	0
00:28:53	61	69	0
00:28:54	81	70	0
00:28:55	67	53	0
00:28:56	64	54	0
00:28:57	61	56	0
00:28:58	38	50	0
00:28:59	40	41	0
00:29:00	38	44	0
00:29:01	21	23	0
00:29:02	29	35	0
00:29:03	47	50	0
00:29:04	34	53	0
00:29:05	35	63	0
00:29:06	38	51	0
00:29:07	11	43	0
00:29:08	20	40	0
00:29:09	35	43	0
00:29:10	53	56	0
00:29:11	43	54	0
00:29:12	37	60	0
00:29:13	23	40	0
00:29:14	14	41	0
00:29:15	10	41	0
00:29:16	26	29	0
00:29:17	26	38	0
00:29:19	34	48	0
00:29:20	53	40	0
00:29:21	37	34	0
00:29:22	47	44	0
00:29:23	41	43	0
00:29:24	34	50	0
00:29:25	30	61	0
00:29:26	20	56	0
00:29:27	16	60	0
00:29:28	24	66	0
00:29:29	34	66	0
00:29:30	41	74	0
00:29:31	70	61	0
00:29:32	77	48	0
00:29:33	74	40	0
00:29:34	69	26	0
00:29:35	51	47	0
00:29:36	37	48	0
00:29:37	41	41	0
00:29:38	51	50	0
00:29:39	60	43	0
00:29:40	54	27	0
00:29:41	41	30	0
00:29:42	43	40	0
00:29:43	48	61	0
00:29:44	60	69	0
00:29:45	53	48	0
00:29:46	35	41	0
00:29:47	51	44	0
00:29:48	53	38	0
00:29:49	60	54	0
00:29:50	74	54	0
00:29:51	63	44	0
00:29:52	60	47	0
00:29:53	56	47	0
00:29:55	54	40	0
00:29:56	51	27	0
00:29:57	53	29	0
00:29:58	57	35	0
00:29:59	63	43	0
00:30:00	78	67	0
00:30:01	61	70	0
00:30:02	64	61	0
00:30:03	51	51	0
00:30:04	51	40	0
00:30:05	61	35	0
00:30:06	64	38	0
00:30:07	81	41	0
00:30:08	77	57	0
00:30:09	67	63	0
00:30:10	51	57	0
00:30:11	30	53	0
00:30:12	4	35	0
00:30:13	11	24	0
00:30:14	16	26	0
00:30:15	35	29	0
00:30:16	48	51	0
00:30:17	53	56	0
00:30:18	63	74	0
00:30:19	67	74	0
00:30:20	70	74	0
00:30:21	60	78	0
00:30:22	56	63	0
00:30:23	60	77	0
00:30:24	77	64	0
00:30:25	84	43	0
00:30:26	84	47	0
00:30:27	74	38	0
00:30:28	57	51	0
00:30:29	51	56	0
00:30:31	41	63	0
00:30:32	51	69	0
00:30:33	51	64	0
00:30:34	60	63	0
00:30:35	67	66	0
00:30:36	64	60	0
00:30:37	54	43	0
00:30:38	53	57	0
00:30:39	69	43	0
00:30:40	74	34	0
00:30:41	96	51	0
00:30:42	90	34	0
00:30:43	56	34	0
00:30:44	40	44	0
00:30:45	44	66	0
00:30:46	53	77	0
00:30:47	50	74	0
00:30:48	40	64	0
00:30:49	44	48	0
00:30:50	47	50	0
00:30:51	57	63	0
00:30:52	66	61	0
00:30:53	48	54	0
00:30:54	54	44	0
00:30:55	41	26	0
00:30:56	44	48	0
00:30:57	50	53	0
00:30:58	40	64	0
00:30:59	47	80	0
00:31:00	48	66	0
00:31:01	56	69	0
00:31:02	77	69	0
00:31:03	75	51	0
00:31:04	83	61	0
00:31:06	87	61	0
00:31:07	74	67	0
00:31:08	81	80	0
00:31:09	84	61	0
00:31:10	66	44	0
00:31:11	74	38	0
00:31:12	63	20	0
00:31:13	54	37	0
00:31:14	64	43	0
00:31:15	70	56	0
00:31:16	57	57	0
00:31:17	54	63	0
00:31:18	51	66	0
00:31:19	35	66	0
00:31:20	50	64	0
00:31:21	51	69	0
00:31:22	34	56	0
00:31:23	43	53	0
00:31:24	24	37	0
00:31:25	23	35	0
00:31:26	48	44	0
00:31:27	53	63	0
00:31:28	53	66	0
00:31:29	50	70	0
00:31:30	40	74	0
00:31:31	50	67	0
00:31:32	50	67	25
00:31:33	50	67	25
00:31:34	50	67	51
00:31:35	50	67	26
00:31:36	54	75	0
00:31:37	64	75	0
00:31:38	63	57	0
00:31:39	54	38	0
00:31:40	54	38	25
00:31:41	54	38	51
00:31:43	56	38	0
00:31:44	60	38	0
00:31:45	53	48	0
00:31:46	54	61	0
00:31:47	48	53	0
00:31:48	43	50	0
00:31:49	38	60	0
00:31:50	40	43	0
00:31:51	60	51	0
00:31:52	66	57	0
00:31:53	63	56	0
00:31:54	57	53	0
00:31:55	47	43	0
00:31:56	41	37	0
00:31:57	41	29	0
00:31:58	41	30	0
00:31:59	60	44	0
00:32:00	75	41	0
00:32:01	83	50	0
00:32:02	81	53	0
00:32:03	60	50	0
00:32:04	54	48	0
00:32:05	41	29	0
00:32:06	54	38	0
00:32:07	60	38	0
00:32:08	60	54	0
00:32:09	69	69	0
00:32:10	54	61	0
00:32:11	63	75	0
00:32:12	50	63	0
00:32:13	51	67	0
00:32:14	54	64	0
00:32:15	47	48	0
00:32:16	60	61	0
00:32:18	60	77	0
00:32:19	74	84	0
00:32:20	53	64	0
00:32:21	35	60	0
00:32:22	35	70	0
00:32:23	13	75	0
00:32:24	24	77	0
00:32:25	47	57	0
00:32:26	50	35	0
00:32:27	69	30	0
00:32:28	66	34	0
00:32:29	61	43	0
00:32:30	51	44	0
00:32:31	51	44	25
00:32:32	43	38	0
00:32:33	43	38	25
00:32:34	40	20	0
00:32:35	34	21	0
00:32:36	40	40	0
00:32:37	43	54	0
00:32:38	54	83	0
00:32:39	70	87	0
00:32:40	54	70	0
00:32:41	43	61	0
00:32:42	43	54	0
00:32:43	43	60	0
00:32:44	53	63	0
00:32:45	53	63	25
00:32:46	64	56	0
00:32:47	57	53	0
00:32:48	51	48	0
00:32:49	47	47	0
00:32:50	51	57	0
00:32:51	48	56	0
00:32:52	63	56	0
00:32:54	64	57	0
00:32:55	61	64	0
00:32:56	69	48	0
00:32:57	54	34	0
00:32:58	48	29	0
00:32:59	47	16	0
00:33:00	53	26	0
00:33:01	51	20	0
00:33:02	64	23	0
00:33:03	74	26	0
00:33:04	61	37	0
00:33:05	74	47	0
00:33:06	60	48	0
00:33:07	60	43	0
00:33:08	57	44	0
00:33:09	48	53	0
00:33:10	54	48	0
00:33:11	53	54	0
00:33:12	53	53	0
00:33:13	64	57	0
00:33:14	67	67	0
00:33:15	54	61	0
00:33:16	66	56	0
00:33:17	64	57	0
00:33:18	57	61	0
00:33:19	61	70	0
00:33:20	60	75	0
00:33:21	67	70	0
00:33:22	67	63	0
00:33:23	64	61	0
00:33:24	64	61	25
00:33:25	57	74	0
00:33:26	51	84	0
00:33:27	51	84	27
00:33:28	30	90	0
00:33:29	23	83	0
00:33:31	17	63	0
00:33:32	30	51	0
00:33:33	51	51	0
00:33:34	54	60	0
00:33:35	61	77	0
00:33:36	51	80	0
00:33:37	38	78	0
00:33:38	44	74	0
00:33:39	40	40	0
00:33:40	26	37	0
00:33:41	23	40	0
00:33:42	26	56	0
00:33:43	26	77	0
00:33:44	47	78	0
00:33:45	48	74	0
00:33:46	44	64	0
00:33:47	50	63	0
00:33:48	43	61	0
00:33:49	63	60	0
00:33:50	54	51	0
00:33:51	48	60	0
00:33:52	24	54	0
00:33:53	20	54	0
00:33:54	29	67	0
00:33:55	30	54	0
00:33:56	41	69	0
00:33:57	51	64	0
00:33:58	57	64	0
00:33:59	75	81	0
00:34:00	66	75	0
00:34:01	61	88	0
00:34:02	50	78	0
00:34:03	40	74	0
00:34:04	53	67	0
00:34:05	54	63	0
00:34:07	56	57	0
00:34:08	60	43	0
00:34:09	50	35	0
00:34:10	50	30	0
00:34:11	50	40	0
00:34:12	47	50	0
00:34:13	67	74	0
00:34:14	57	74	0
00:34:15	78	61	0
00:34:16	77	57	0
00:34:17	54	50	0
00:34:18	56	57	0
00:34:19	43	74	0
00:34:20	47	78	0
00:34:21	64	78	0
00:34:22	69	67	0
00:34:23	57	75	0
00:34:24	44	57	0
00:34:25	44	53	0
00:34:26	11	38	0
00:34:27	20	16	0
00:34:28	29	20	0
00:34:29	34	30	0
00:34:30	41	56	0
00:34:31	53	80	0
00:34:32	57	81	0
00:34:33	75	75	0
00:34:34	74	63	0
00:34:35	64	47	0
00:34:36	54	50	0
00:34:37	43	66	0
00:34:38	57	66	0
00:34:39	70	69	0
00:34:40	80	51	0
00:34:42	83	34	0
00:34:43	87	43	0
00:34:44	64	41	0
00:34:45	61	50	0
00:34:46	40	56	0
00:34:47	30	41	0
00:34:48	38	30	0
00:34:49	41	29	0
00:34:50	54	21	0
00:34:51	69	29	0
00:34:52	57	69	0
00:34:53	60	69	0
00:34:54	38	67	0
00:34:55	34	60	0
00:34:56	30	51	0
00:34:57	20	47	0
00:34:58	34	44	0
00:34:59	53	50	0
00:35:00	61	51	0
00:35:01	75	66	0
00:35:02	90	74	0
00:35:03	78	81	0
00:35:04	75	74	0
00:35:05	83	70	0
00:35:06	67	69	0
00:35:07	57	43	0
00:35:08	53	43	0
00:35:09	43	29	0
00:35:10	43	29	0
00:35:11	41	37	0
00:35:12	41	24	0
00:35:13	50	37	0
00:35:14	37	24	0
00:35:16	47	24	0
00:35:17	56	38	0
00:35:18	53	38	0
00:35:19	53	44	0
00:35:20	51	34	0
00:35:21	43	30	0
00:35:22	44	30	0
00:35:23	38	30	0
00:35:24	34	43	0
00:35:25	38	23	0
00:35:26	44	34	0
00:35:27	44	54	0
00:35:28	40	47	0
00:35:29	35	60	0
00:35:30	35	60	0
00:35:31	26	47	0
00:35:32	41	47	0
00:35:33	60	47	0
00:35:34	75	37	0
00:35:35	80	40	0
00:35:36	77	41	0
00:35:37	63	53	0
00:35:38	67	60	0
00:35:39	67	61	0
00:35:40	57	69	0
00:35:41	57	69	25
00:35:42	66	63	0
00:35:43	54	64	0
00:35:44	60	63	0
00:35:45	63	61	0
00:35:46	54	60	0
00:35:47	60	56	0
00:35:48	66	61	0
00:35:49	64	53	0
00:35:50	70	51	0
00:35:51	75	60	0
00:35:53	69	44	0
00:35:54	63	47	0
00:35:55	57	29	0
00:35:56	60	48	0
00:35:57	53	38	0
00:35:58	60	34	0
00:35:59	61	44	0
00:36:00	57	43	0
00:36:01	63	66	0
