Apr 06, 2014 10:28:07	51	63	0
Apr 06, 2014 10:28:08	51	63	0
Apr 06, 2014 10:28:09	74	47	0
Apr 06, 2014 10:28:10	54	38	0
Apr 06, 2014 10:28:11	50	37	0
Apr 06, 2014 10:28:12	34	43	0
Apr 06, 2014 10:28:13	51	48	0
Apr 06, 2014 10:28:14	60	61	0
Apr 06, 2014 10:28:15	60	26	0
Apr 06, 2014 10:28:16	56	10	0
Apr 06, 2014 10:28:17	50	8	0
Apr 06, 2014 10:28:18	66	21	0
Apr 06, 2014 10:28:19	78	27	0
Apr 06, 2014 10:28:20	77	41	0
Apr 06, 2014 10:28:21	77	24	0
Apr 06, 2014 10:28:22	84	14	0
Apr 06, 2014 10:28:23	93	20	0
Apr 06, 2014 10:28:24	75	24	0
Apr 06, 2014 10:28:26	93	30	0
Apr 06, 2014 10:28:27	91	41	0
Apr 06, 2014 10:28:28	91	40	0
Apr 06, 2014 10:28:29	96	35	0
Apr 06, 2014 10:28:30	96	35	26
Apr 06, 2014 10:28:31	81	26	0
Apr 06, 2014 10:28:32	61	27	0
Apr 06, 2014 10:28:33	56	29	0
Apr 06, 2014 10:28:34	78	47	0
Apr 06, 2014 10:28:35	100	35	0
Apr 06, 2014 10:28:36	100	34	0
Apr 06, 2014 10:28:37	100	17	0
Apr 06, 2014 10:28:38	100	20	0
Apr 06, 2014 10:28:39	100	14	0
Apr 06, 2014 10:28:40	100	20	0
Apr 06, 2014 10:28:41	100	37	0
Apr 06, 2014 10:28:42	100	27	0
Apr 06, 2014 10:28:43	90	27	0
Apr 06, 2014 10:28:44	88	27	0
Apr 06, 2014 10:28:46	84	13	0
Apr 06, 2014 10:28:47	78	13	0
Apr 06, 2014 10:28:48	90	21	0
Apr 06, 2014 10:28:49	96	17	0
Apr 06, 2014 10:28:50	83	30	0
Apr 06, 2014 10:28:51	100	29	0
Apr 06, 2014 10:28:52	69	24	0
Apr 06, 2014 10:28:53	67	14	0
Apr 06, 2014 10:28:54	51	21	0
Apr 06, 2014 10:28:55	51	30	0
Apr 06, 2014 10:28:56	48	30	0
Apr 06, 2014 10:28:57	47	50	0
Apr 06, 2014 10:28:58	44	51	0
Apr 06, 2014 10:28:59	47	47	0
Apr 06, 2014 10:29:00	51	50	0
Apr 06, 2014 10:29:01	44	34	0
Apr 06, 2014 10:29:02	47	30	0
Apr 06, 2014 10:29:03	64	26	0
Apr 06, 2014 10:29:04	61	11	0
Apr 06, 2014 10:29:05	75	13	0
Apr 06, 2014 10:29:06	77	16	0
Apr 06, 2014 10:29:08	57	35	0
Apr 06, 2014 10:29:09	60	47	0
Apr 06, 2014 10:29:10	64	43	0
Apr 06, 2014 10:29:11	61	29	0
Apr 06, 2014 10:29:12	77	16	0
Apr 06, 2014 10:29:13	75	20	0
Apr 06, 2014 10:29:14	83	29	0
Apr 06, 2014 10:29:15	87	27	0
Apr 06, 2014 10:29:16	77	37	0
Apr 06, 2014 10:29:17	69	29	0
Apr 06, 2014 10:29:18	74	17	0
Apr 06, 2014 10:29:19	83	14	0
Apr 06, 2014 10:29:20	83	14	0
Apr 06, 2014 10:29:21	90	16	0
Apr 06, 2014 10:29:22	78	16	0
Apr 06, 2014 10:29:23	51	16	0
Apr 06, 2014 10:29:24	53	11	0
Apr 06, 2014 10:29:25	47	13	0
Apr 06, 2014 10:29:26	48	23	0
Apr 06, 2014 10:29:27	75	29	0
Apr 06, 2014 10:29:29	77	27	0
Apr 06, 2014 10:29:30	97	16	0
Apr 06, 2014 10:29:31	74	27	0
Apr 06, 2014 10:29:32	60	38	0
Apr 06, 2014 10:29:33	43	40	0
Apr 06, 2014 10:29:34	40	41	0
Apr 06, 2014 10:29:35	61	35	0
Apr 06, 2014 10:29:36	80	34	0
Apr 06, 2014 10:29:37	83	29	0
Apr 06, 2014 10:29:38	91	34	0
Apr 06, 2014 10:29:39	78	37	0
Apr 06, 2014 10:29:40	63	27	0
Apr 06, 2014 10:29:41	75	30	0
Apr 06, 2014 10:29:42	60	23	0
Apr 06, 2014 10:29:43	74	13	0
Apr 06, 2014 10:29:44	77	29	0
Apr 06, 2014 10:29:45	69	37	0
Apr 06, 2014 10:29:46	78	47	0
Apr 06, 2014 10:29:47	64	57	0
Apr 06, 2014 10:29:49	34	24	0
Apr 06, 2014 10:29:50	34	21	0
Apr 06, 2014 10:29:51	37	24	0
Apr 06, 2014 10:29:52	57	27	0
Apr 06, 2014 10:29:53	75	38	0
Apr 06, 2014 10:29:54	57	40	0
Apr 06, 2014 10:29:55	53	21	0
Apr 06, 2014 10:29:56	53	21	0
Apr 06, 2014 10:29:57	48	11	0
Apr 06, 2014 10:29:58	54	17	0
Apr 06, 2014 10:29:59	50	20	0
Apr 06, 2014 10:30:00	50	20	0
Apr 06, 2014 10:30:01	29	27	0
Apr 06, 2014 10:30:02	35	29	0
Apr 06, 2014 10:30:03	38	23	0
Apr 06, 2014 10:30:04	43	29	0
Apr 06, 2014 10:30:05	61	17	0
Apr 06, 2014 10:30:06	67	23	0
Apr 06, 2014 10:30:07	64	14	0
Apr 06, 2014 10:30:08	54	17	0
Apr 06, 2014 10:30:09	47	23	0
Apr 06, 2014 10:30:11	57	20	0
Apr 06, 2014 10:30:12	75	34	0
Apr 06, 2014 10:30:13	83	40	0
Apr 06, 2014 10:30:14	88	41	0
Apr 06, 2014 10:30:15	70	48	0
Apr 06, 2014 10:30:16	67	35	0
Apr 06, 2014 10:30:17	63	27	0
Apr 06, 2014 10:30:18	57	29	0
Apr 06, 2014 10:30:19	75	27	0
Apr 06, 2014 10:30:20	84	37	0
Apr 06, 2014 10:30:21	84	41	0
Apr 06, 2014 10:30:22	88	30	0
Apr 06, 2014 10:30:23	75	30	0
Apr 06, 2014 10:30:24	67	27	0
Apr 06, 2014 10:30:25	78	26	0
Apr 06, 2014 10:30:26	57	24	0
Apr 06, 2014 10:30:27	56	21	0
Apr 06, 2014 10:30:28	60	27	0
Apr 06, 2014 10:30:29	75	43	0
Apr 06, 2014 10:30:30	83	44	0
Apr 06, 2014 10:30:31	88	44	0
Apr 06, 2014 10:30:33	83	29	0
Apr 06, 2014 10:30:34	70	35	0
Apr 06, 2014 10:30:35	64	27	0
Apr 06, 2014 10:30:36	54	24	0
Apr 06, 2014 10:30:37	54	37	0
Apr 06, 2014 10:30:38	66	21	0
Apr 06, 2014 10:30:39	75	27	0
Apr 06, 2014 10:30:40	78	23	0
Apr 06, 2014 10:30:41	61	26	0
Apr 06, 2014 10:30:42	63	29	0
Apr 06, 2014 10:30:43	47	23	0
Apr 06, 2014 10:30:44	34	21	0
Apr 06, 2014 10:30:45	47	17	0
Apr 06, 2014 10:30:46	51	27	0
Apr 06, 2014 10:30:47	69	44	0
Apr 06, 2014 10:30:48	66	54	0
Apr 06, 2014 10:30:49	66	54	0
Apr 06, 2014 10:30:50	75	41	0
Apr 06, 2014 10:30:51	57	35	0
Apr 06, 2014 10:30:52	56	24	0
Apr 06, 2014 10:30:54	63	20	0
Apr 06, 2014 10:30:55	61	20	0
Apr 06, 2014 10:30:56	70	4	0
Apr 06, 2014 10:30:57	80	4	0
Apr 06, 2014 10:30:58	77	1	0
Apr 06, 2014 10:30:59	66	7	0
Apr 06, 2014 10:31:00	66	7	0
Apr 06, 2014 10:31:01	75	11	0
Apr 06, 2014 10:31:02	67	21	0
Apr 06, 2014 10:31:03	67	21	0
Apr 06, 2014 10:31:04	54	34	0
Apr 06, 2014 10:31:05	51	30	0
Apr 06, 2014 10:31:06	51	23	0
Apr 06, 2014 10:31:07	50	24	0
Apr 06, 2014 10:31:08	64	14	0
Apr 06, 2014 10:31:09	57	14	0
Apr 06, 2014 10:31:10	61	29	0
Apr 06, 2014 10:31:11	70	24	0
Apr 06, 2014 10:31:12	74	29	0
Apr 06, 2014 10:31:13	90	26	0
Apr 06, 2014 10:31:14	96	11	0
Apr 06, 2014 10:31:16	81	16	0
Apr 06, 2014 10:31:17	75	17	0
Apr 06, 2014 10:31:18	70	29	0
Apr 06, 2014 10:31:19	64	34	0
Apr 06, 2014 10:31:20	80	23	0
Apr 06, 2014 10:31:21	88	21	0
Apr 06, 2014 10:31:22	100	14	0
Apr 06, 2014 10:31:23	100	16	0
Apr 06, 2014 10:31:24	100	17	0
Apr 06, 2014 10:31:25	100	29	0
Apr 06, 2014 10:31:26	81	48	0
Apr 06, 2014 10:31:27	80	60	0
Apr 06, 2014 10:31:28	75	60	0
Apr 06, 2014 10:31:29	74	53	0
Apr 06, 2014 10:31:30	81	35	0
Apr 06, 2014 10:31:31	78	20	0
Apr 06, 2014 10:31:32	83	17	0
Apr 06, 2014 10:31:33	80	24	0
Apr 06, 2014 10:31:34	90	34	0
Apr 06, 2014 10:31:35	94	43	0
Apr 06, 2014 10:31:37	81	26	0
Apr 06, 2014 10:31:38	69	24	0
Apr 06, 2014 10:31:39	54	20	0
Apr 06, 2014 10:31:40	51	13	0
Apr 06, 2014 10:31:41	54	30	0
Apr 06, 2014 10:31:42	56	38	0
Apr 06, 2014 10:31:43	80	37	0
Apr 06, 2014 10:31:44	93	34	0
Apr 06, 2014 10:31:45	87	17	0
Apr 06, 2014 10:31:46	61	14	0
Apr 06, 2014 10:31:47	61	17	0
Apr 06, 2014 10:31:48	50	10	0
Apr 06, 2014 10:31:49	64	26	0
Apr 06, 2014 10:31:50	77	26	0
Apr 06, 2014 10:31:51	66	37	0
Apr 06, 2014 10:31:52	83	40	0
Apr 06, 2014 10:31:53	69	26	0
Apr 06, 2014 10:31:54	66	30	0
Apr 06, 2014 10:31:55	67	27	0
Apr 06, 2014 10:31:56	48	37	0
Apr 06, 2014 10:31:57	57	40	0
Apr 06, 2014 10:31:59	69	37	0
Apr 06, 2014 10:32:00	64	34	0
Apr 06, 2014 10:32:01	74	35	0
Apr 06, 2014 10:32:02	83	21	0
Apr 06, 2014 10:32:03	69	38	0
Apr 06, 2014 10:32:04	60	29	0
Apr 06, 2014 10:32:05	48	44	0
Apr 06, 2014 10:32:06	44	35	0
Apr 06, 2014 10:32:07	47	43	0
Apr 06, 2014 10:32:08	56	51	0
Apr 06, 2014 10:32:09	47	47	0
Apr 06, 2014 10:32:10	50	50	0
Apr 06, 2014 10:32:11	51	50	0
Apr 06, 2014 10:32:12	66	40	0
Apr 06, 2014 10:32:13	80	53	0
Apr 06, 2014 10:32:14	88	37	0
Apr 06, 2014 10:32:15	90	29	0
Apr 06, 2014 10:32:16	57	30	0
Apr 06, 2014 10:32:17	57	23	0
Apr 06, 2014 10:32:18	54	21	0
Apr 06, 2014 10:32:20	54	21	0
Apr 06, 2014 10:32:21	60	23	0
Apr 06, 2014 10:32:22	57	21	0
Apr 06, 2014 10:32:23	63	37	0
Apr 06, 2014 10:32:24	80	38	0
Apr 06, 2014 10:32:25	66	38	0
Apr 06, 2014 10:32:26	64	38	0
Apr 06, 2014 10:32:27	78	40	0
Apr 06, 2014 10:32:28	66	27	0
Apr 06, 2014 10:32:29	67	26	0
Apr 06, 2014 10:32:30	56	29	0
Apr 06, 2014 10:32:31	35	29	0
Apr 06, 2014 10:32:32	35	35	0
Apr 06, 2014 10:32:33	54	43	0
Apr 06, 2014 10:32:34	61	38	0
Apr 06, 2014 10:32:35	75	35	0
Apr 06, 2014 10:32:36	84	43	0
Apr 06, 2014 10:32:37	75	41	0
Apr 06, 2014 10:32:38	64	29	0
Apr 06, 2014 10:32:39	64	30	0
Apr 06, 2014 10:32:41	47	30	0
Apr 06, 2014 10:32:42	44	21	0
Apr 06, 2014 10:32:43	47	30	0
Apr 06, 2014 10:32:44	60	37	0
Apr 06, 2014 10:32:45	60	44	0
Apr 06, 2014 10:32:46	61	50	0
Apr 06, 2014 10:32:47	51	64	0
Apr 06, 2014 10:32:48	44	54	0
Apr 06, 2014 10:32:49	56	50	0
Apr 06, 2014 10:32:50	66	43	0
Apr 06, 2014 10:32:51	66	21	0
Apr 06, 2014 10:32:52	70	17	0
Apr 06, 2014 10:32:53	61	40	0
Apr 06, 2014 10:32:54	61	40	0
Apr 06, 2014 10:32:55	75	43	0
Apr 06, 2014 10:32:56	90	53	0
Apr 06, 2014 10:32:57	97	29	0
Apr 06, 2014 10:32:58	93	38	0
Apr 06, 2014 10:32:59	97	38	0
Apr 06, 2014 10:33:00	70	48	0
Apr 06, 2014 10:33:02	54	47	0
Apr 06, 2014 10:33:03	29	44	0
Apr 06, 2014 10:33:04	24	35	0
Apr 06, 2014 10:33:05	17	44	0
Apr 06, 2014 10:33:06	30	44	0
Apr 06, 2014 10:33:07	38	47	0
Apr 06, 2014 10:33:08	51	57	0
Apr 06, 2014 10:33:09	64	43	0
Apr 06, 2014 10:33:10	63	40	0
Apr 06, 2014 10:33:11	67	37	0
Apr 06, 2014 10:33:12	74	34	0
Apr 06, 2014 10:33:13	61	37	0
Apr 06, 2014 10:33:14	74	43	0
Apr 06, 2014 10:33:15	69	41	0
Apr 06, 2014 10:33:16	48	44	0
Apr 06, 2014 10:33:17	63	41	0
Apr 06, 2014 10:33:18	64	40	0
Apr 06, 2014 10:33:19	63	41	0
Apr 06, 2014 10:33:20	57	38	0
Apr 06, 2014 10:33:21	44	38	0
Apr 06, 2014 10:33:22	43	44	0
Apr 06, 2014 10:33:24	61	48	0
Apr 06, 2014 10:33:25	57	50	0
Apr 06, 2014 10:33:26	63	51	0
Apr 06, 2014 10:33:27	69	50	0
Apr 06, 2014 10:33:28	74	53	0
Apr 06, 2014 10:33:29	57	51	0
Apr 06, 2014 10:33:30	63	56	0
Apr 06, 2014 10:33:31	53	48	0
Apr 06, 2014 10:33:32	44	48	0
Apr 06, 2014 10:33:33	51	56	0
Apr 06, 2014 10:33:34	51	53	0
Apr 06, 2014 10:33:35	64	67	0
Apr 06, 2014 10:33:36	66	67	0
Apr 06, 2014 10:33:37	60	64	0
Apr 06, 2014 10:33:38	53	66	0
Apr 06, 2014 10:33:39	53	56	0
Apr 06, 2014 10:33:40	57	47	0
Apr 06, 2014 10:33:41	69	48	0
Apr 06, 2014 10:33:42	63	53	0
Apr 06, 2014 10:33:43	50	51	0
Apr 06, 2014 10:33:45	61	50	0
Apr 06, 2014 10:33:46	54	44	0
Apr 06, 2014 10:33:47	70	43	0
Apr 06, 2014 10:33:48	81	48	0
Apr 06, 2014 10:33:49	70	64	0
Apr 06, 2014 10:33:50	75	60	0
Apr 06, 2014 10:33:51	70	56	0
Apr 06, 2014 10:33:52	48	50	0
Apr 06, 2014 10:33:53	54	50	0
Apr 06, 2014 10:33:54	61	50	0
Apr 06, 2014 10:33:55	54	44	0
Apr 06, 2014 10:33:56	74	56	0
Apr 06, 2014 10:33:57	61	41	0
Apr 06, 2014 10:33:58	57	47	0
Apr 06, 2014 10:33:59	40	17	0
Apr 06, 2014 10:34:00	40	27	0
Apr 06, 2014 10:34:01	43	20	0
Apr 06, 2014 10:34:02	34	30	0
Apr 06, 2014 10:34:03	54	60	0
Apr 06, 2014 10:34:05	64	57	0
Apr 06, 2014 10:34:06	74	54	0
Apr 06, 2014 10:34:07	91	56	0
Apr 06, 2014 10:34:08	87	50	0
Apr 06, 2014 10:34:09	90	37	0
Apr 06, 2014 10:34:10	67	29	0
Apr 06, 2014 10:34:11	64	23	0
Apr 06, 2014 10:34:12	70	10	0
Apr 06, 2014 10:34:13	74	21	0
Apr 06, 2014 10:34:14	91	29	0
Apr 06, 2014 10:34:15	78	35	0
Apr 06, 2014 10:34:16	57	35	0
Apr 06, 2014 10:34:17	48	38	0
Apr 06, 2014 10:34:18	56	43	0
Apr 06, 2014 10:34:19	63	50	0
Apr 06, 2014 10:34:20	77	50	0
Apr 06, 2014 10:34:21	77	47	0
Apr 06, 2014 10:34:22	75	53	0
Apr 06, 2014 10:34:23	70	54	0
Apr 06, 2014 10:34:24	64	50	0
Apr 06, 2014 10:34:26	61	50	0
Apr 06, 2014 10:34:27	56	40	0
Apr 06, 2014 10:34:28	57	35	0
Apr 06, 2014 10:34:29	63	37	0
Apr 06, 2014 10:34:30	51	40	0
Apr 06, 2014 10:34:31	57	41	0
Apr 06, 2014 10:34:32	51	40	0
Apr 06, 2014 10:34:33	29	50	0
Apr 06, 2014 10:34:34	41	41	0
Apr 06, 2014 10:34:35	30	43	0
Apr 06, 2014 10:34:36	40	50	0
Apr 06, 2014 10:34:37	40	53	0
Apr 06, 2014 10:34:38	47	37	0
Apr 06, 2014 10:34:39	57	38	0
Apr 06, 2014 10:34:40	57	29	0
Apr 06, 2014 10:34:41	61	34	0
Apr 06, 2014 10:34:42	63	47	0
Apr 06, 2014 10:34:43	70	47	0
Apr 06, 2014 10:34:44	69	47	0
Apr 06, 2014 10:34:45	69	53	0
Apr 06, 2014 10:34:47	75	37	0
Apr 06, 2014 10:34:48	56	43	0
Apr 06, 2014 10:34:49	67	50	0
Apr 06, 2014 10:34:50	74	43	0
Apr 06, 2014 10:34:51	63	54	0
Apr 06, 2014 10:34:52	66	48	0
Apr 06, 2014 10:34:53	64	54	0
Apr 06, 2014 10:34:54	53	75	0
Apr 06, 2014 10:34:55	57	75	0
Apr 06, 2014 10:34:56	48	57	0
Apr 06, 2014 10:34:57	50	41	0
Apr 06, 2014 10:34:58	51	27	0
Apr 06, 2014 10:34:59	51	26	0
Apr 06, 2014 10:35:00	48	40	0
Apr 06, 2014 10:35:01	48	40	51
Apr 06, 2014 10:35:02	48	40	25
Apr 06, 2014 10:35:03	43	37	0
Apr 06, 2014 10:35:04	40	44	0
Apr 06, 2014 10:35:05	44	48	0
Apr 06, 2014 10:35:06	56	47	0
Apr 06, 2014 10:35:08	53	57	0
Apr 06, 2014 10:35:09	41	57	0
Apr 06, 2014 10:35:10	20	74	0
Apr 06, 2014 10:35:11	21	80	0
Apr 06, 2014 10:35:12	27	90	0
Apr 06, 2014 10:35:13	56	56	0
Apr 06, 2014 10:35:14	48	53	0
Apr 06, 2014 10:35:15	51	51	0
Apr 06, 2014 10:35:16	44	63	0
Apr 06, 2014 10:35:17	47	67	0
Apr 06, 2014 10:35:18	47	67	0
Apr 06, 2014 10:35:19	61	50	0
Apr 06, 2014 10:35:20	66	48	0
Apr 06, 2014 10:35:21	61	43	0
Apr 06, 2014 10:35:22	75	37	0
Apr 06, 2014 10:35:23	54	41	0
Apr 06, 2014 10:35:24	54	38	0
Apr 06, 2014 10:35:25	60	41	0
Apr 06, 2014 10:35:26	51	50	0
Apr 06, 2014 10:35:27	54	53	0
Apr 06, 2014 10:35:29	48	50	0
Apr 06, 2014 10:35:30	41	63	0
Apr 06, 2014 10:35:31	47	57	0
Apr 06, 2014 10:35:32	54	48	0
Apr 06, 2014 10:35:33	53	41	0
Apr 06, 2014 10:35:34	48	41	0
Apr 06, 2014 10:35:35	63	50	0
Apr 06, 2014 10:35:36	57	47	0
Apr 06, 2014 10:35:37	61	41	0
Apr 06, 2014 10:35:38	60	40	0
Apr 06, 2014 10:35:39	47	43	0
Apr 06, 2014 10:35:40	60	40	0
Apr 06, 2014 10:35:41	47	30	0
Apr 06, 2014 10:35:42	47	35	0
Apr 06, 2014 10:35:43	44	34	0
Apr 06, 2014 10:35:44	35	30	0
Apr 06, 2014 10:35:45	53	43	0
Apr 06, 2014 10:35:46	60	44	0
Apr 06, 2014 10:35:47	78	40	0
Apr 06, 2014 10:35:48	88	41	0
Apr 06, 2014 10:35:50	96	37	0
Apr 06, 2014 10:35:51	80	44	0
Apr 06, 2014 10:35:52	66	60	0
Apr 06, 2014 10:35:53	56	63	0
Apr 06, 2014 10:35:54	54	75	0
Apr 06, 2014 10:35:55	54	63	0
Apr 06, 2014 10:35:56	47	35	0
Apr 06, 2014 10:35:57	38	29	0
Apr 06, 2014 10:35:58	38	1	0
Apr 06, 2014 10:35:59	44	17	0
Apr 06, 2014 10:36:00	48	30	0
Apr 06, 2014 10:36:01	64	35	0
Apr 06, 2014 10:36:02	64	48	0
Apr 06, 2014 10:36:03	63	53	0
Apr 06, 2014 10:36:04	60	61	0
Apr 06, 2014 10:36:05	50	67	0
Apr 06, 2014 10:36:06	57	83	0
Apr 06, 2014 10:36:07	64	69	0
Apr 06, 2014 10:36:08	63	56	0
Apr 06, 2014 10:36:10	56	34	0
Apr 06, 2014 10:36:11	50	34	0
Apr 06, 2014 10:36:12	48	53	0
Apr 06, 2014 10:36:13	41	48	0
Apr 06, 2014 10:36:14	50	54	0
Apr 06, 2014 10:36:15	43	56	0
Apr 06, 2014 10:36:16	64	30	0
Apr 06, 2014 10:36:17	81	34	0
Apr 06, 2014 10:36:18	81	34	0
Apr 06, 2014 10:36:19	80	29	0
Apr 06, 2014 10:36:20	63	30	0
Apr 06, 2014 10:36:21	64	24	0
Apr 06, 2014 10:36:22	64	35	0
Apr 06, 2014 10:36:23	63	27	0
Apr 06, 2014 10:36:24	88	30	0
Apr 06, 2014 10:36:25	84	27	0
Apr 06, 2014 10:36:26	88	24	0
Apr 06, 2014 10:36:27	63	34	0
Apr 06, 2014 10:36:28	50	41	0
Apr 06, 2014 10:36:29	53	43	0
Apr 06, 2014 10:36:31	41	37	0
Apr 06, 2014 10:36:32	57	47	0
Apr 06, 2014 10:36:33	77	40	0
Apr 06, 2014 10:36:34	57	44	0
Apr 06, 2014 10:36:35	78	51	0
Apr 06, 2014 10:36:36	66	47	0
Apr 06, 2014 10:36:37	40	60	0
Apr 06, 2014 10:36:38	57	48	0
Apr 06, 2014 10:36:39	44	50	0
Apr 06, 2014 10:36:40	47	43	0
Apr 06, 2014 10:36:41	48	43	0
Apr 06, 2014 10:36:42	38	38	0
Apr 06, 2014 10:36:43	41	26	0
Apr 06, 2014 10:36:44	53	34	0
Apr 06, 2014 10:36:45	63	24	0
Apr 06, 2014 10:36:46	74	54	0
Apr 06, 2014 10:36:47	80	47	0
Apr 06, 2014 10:36:48	80	43	0
Apr 06, 2014 10:36:49	80	43	0
Apr 06, 2014 10:36:50	64	17	0
Apr 06, 2014 10:36:52	60	24	0
Apr 06, 2014 10:36:53	64	21	0
Apr 06, 2014 10:36:54	61	30	0
Apr 06, 2014 10:36:55	67	51	0
Apr 06, 2014 10:36:56	63	51	0
Apr 06, 2014 10:36:57	54	63	0
Apr 06, 2014 10:36:58	54	63	26
Apr 06, 2014 10:36:59	40	54	0
Apr 06, 2014 10:37:00	41	56	0
Apr 06, 2014 10:37:01	37	54	0
Apr 06, 2014 10:37:02	44	53	0
Apr 06, 2014 10:37:03	56	61	0
Apr 06, 2014 10:37:04	61	56	0
Apr 06, 2014 10:37:05	47	60	0
Apr 06, 2014 10:37:06	48	60	0
Apr 06, 2014 10:37:07	56	60	0
Apr 06, 2014 10:37:08	60	48	0
Apr 06, 2014 10:37:09	74	56	0
Apr 06, 2014 10:37:10	61	34	0
Apr 06, 2014 10:37:11	56	41	0
Apr 06, 2014 10:37:13	53	50	0
Apr 06, 2014 10:37:14	63	24	0
Apr 06, 2014 10:37:15	67	29	0
Apr 06, 2014 10:37:16	61	34	0
Apr 06, 2014 10:37:17	63	34	0
Apr 06, 2014 10:37:18	51	54	0
Apr 06, 2014 10:37:19	60	67	0
Apr 06, 2014 10:37:20	61	57	0
Apr 06, 2014 10:37:21	57	67	0
Apr 06, 2014 10:37:22	48	63	0
Apr 06, 2014 10:37:23	53	56	0
Apr 06, 2014 10:37:24	51	51	0
Apr 06, 2014 10:37:25	67	57	0
Apr 06, 2014 10:37:26	64	61	0
Apr 06, 2014 10:37:27	63	60	0
Apr 06, 2014 10:37:28	69	48	0
Apr 06, 2014 10:37:29	43	48	0
Apr 06, 2014 10:37:30	40	47	0
Apr 06, 2014 10:37:31	43	37	0
Apr 06, 2014 10:37:32	37	27	0
Apr 06, 2014 10:37:33	67	20	0
Apr 06, 2014 10:37:35	60	26	0
Apr 06, 2014 10:37:36	48	48	0
Apr 06, 2014 10:37:37	44	56	0
Apr 06, 2014 10:37:38	26	70	0
Apr 06, 2014 10:37:39	29	60	0
Apr 06, 2014 10:37:40	43	61	0
Apr 06, 2014 10:37:41	48	60	0
Apr 06, 2014 10:37:42	48	54	0
Apr 06, 2014 10:37:43	47	74	0
Apr 06, 2014 10:37:44	53	51	0
Apr 06, 2014 10:37:45	70	37	0
Apr 06, 2014 10:37:46	74	17	0
Apr 06, 2014 10:37:47	74	26	0
Apr 06, 2014 10:37:48	78	35	0
Apr 06, 2014 10:37:49	78	29	0
Apr 06, 2014 10:37:50	81	51	0
Apr 06, 2014 10:37:51	70	61	0
Apr 06, 2014 10:37:52	63	54	0
Apr 06, 2014 10:37:53	66	74	0
Apr 06, 2014 10:37:55	67	57	0
Apr 06, 2014 10:37:56	75	40	0
Apr 06, 2014 10:37:57	75	51	0
Apr 06, 2014 10:37:58	48	53	0
Apr 06, 2014 10:37:59	37	60	0
Apr 06, 2014 10:38:00	10	61	0
Apr 06, 2014 10:38:01	3	54	0
Apr 06, 2014 10:38:02	26	60	0
Apr 06, 2014 10:38:03	53	64	0
Apr 06, 2014 10:38:04	60	67	0
Apr 06, 2014 10:38:05	66	63	0
Apr 06, 2014 10:38:06	63	57	0
Apr 06, 2014 10:38:07	54	64	0
Apr 06, 2014 10:38:08	51	53	0
Apr 06, 2014 10:38:09	34	57	0
Apr 06, 2014 10:38:10	26	44	0
Apr 06, 2014 10:38:11	21	29	0
Apr 06, 2014 10:38:12	34	38	0
Apr 06, 2014 10:38:13	48	34	0
Apr 06, 2014 10:38:14	54	44	0
Apr 06, 2014 10:38:16	70	51	0
Apr 06, 2014 10:38:17	63	61	0
Apr 06, 2014 10:38:18	63	61	0
Apr 06, 2014 10:38:19	61	66	0
Apr 06, 2014 10:38:20	51	60	0
Apr 06, 2014 10:38:21	48	54	0
Apr 06, 2014 10:38:22	54	48	0
Apr 06, 2014 10:38:23	66	57	0
Apr 06, 2014 10:38:24	80	53	0
Apr 06, 2014 10:38:25	94	47	0
Apr 06, 2014 10:38:26	88	35	0
Apr 06, 2014 10:38:27	88	40	0
Apr 06, 2014 10:38:28	78	44	0
Apr 06, 2014 10:38:29	70	51	0
Apr 06, 2014 10:38:30	66	61	0
Apr 06, 2014 10:38:31	64	56	0
Apr 06, 2014 10:38:32	70	48	0
Apr 06, 2014 10:38:33	61	54	0
Apr 06, 2014 10:38:34	80	57	0
Apr 06, 2014 10:38:36	90	43	0
Apr 06, 2014 10:38:37	88	53	0
Apr 06, 2014 10:38:38	96	51	0
Apr 06, 2014 10:38:39	78	35	0
Apr 06, 2014 10:38:40	74	29	0
Apr 06, 2014 10:38:41	74	27	0
Apr 06, 2014 10:38:42	81	27	0
Apr 06, 2014 10:38:43	100	40	0
Apr 06, 2014 10:38:44	100	37	0
Apr 06, 2014 10:38:45	100	21	0
Apr 06, 2014 10:38:46	91	27	0
Apr 06, 2014 10:38:47	77	37	0
Apr 06, 2014 10:38:48	67	40	0
Apr 06, 2014 10:38:49	75	48	0
Apr 06, 2014 10:38:50	80	51	0
Apr 06, 2014 10:38:51	90	50	0
Apr 06, 2014 10:38:52	83	63	0
Apr 06, 2014 10:38:53	81	63	0
Apr 06, 2014 10:38:54	88	64	0
Apr 06, 2014 10:38:55	83	61	0
Apr 06, 2014 10:38:57	91	43	0
Apr 06, 2014 10:38:58	81	24	0
Apr 06, 2014 10:38:59	83	35	0
Apr 06, 2014 10:39:00	69	34	0
Apr 06, 2014 10:39:01	66	29	0
Apr 06, 2014 10:39:02	66	54	0
Apr 06, 2014 10:39:03	63	48	0
Apr 06, 2014 10:39:04	74	61	0
Apr 06, 2014 10:39:05	69	50	0
Apr 06, 2014 10:39:06	67	34	0
Apr 06, 2014 10:39:07	70	35	0
Apr 06, 2014 10:39:08	78	27	0
Apr 06, 2014 10:39:09	81	43	0
Apr 06, 2014 10:39:10	94	53	0
Apr 06, 2014 10:39:11	88	57	0
Apr 06, 2014 10:39:12	81	61	0
Apr 06, 2014 10:39:13	83	57	0
Apr 06, 2014 10:39:14	78	61	0
Apr 06, 2014 10:39:15	74	57	0
Apr 06, 2014 10:39:16	61	53	0
Apr 06, 2014 10:39:18	56	66	0
Apr 06, 2014 10:39:19	54	61	0
Apr 06, 2014 10:39:20	63	60	0
Apr 06, 2014 10:39:21	50	44	0
Apr 06, 2014 10:39:22	41	38	0
Apr 06, 2014 10:39:23	53	48	0
Apr 06, 2014 10:39:24	51	47	0
Apr 06, 2014 10:39:25	64	57	0
Apr 06, 2014 10:39:26	69	60	0
Apr 06, 2014 10:39:27	63	50	0
Apr 06, 2014 10:39:28	70	44	0
Apr 06, 2014 10:39:29	80	30	0
Apr 06, 2014 10:39:30	83	24	0
Apr 06, 2014 10:39:31	93	24	0
Apr 06, 2014 10:39:32	96	34	0
Apr 06, 2014 10:39:33	75	40	0
Apr 06, 2014 10:39:34	75	37	0
Apr 06, 2014 10:39:35	56	50	0
Apr 06, 2014 10:39:36	56	50	0
Apr 06, 2014 10:39:37	69	57	0
Apr 06, 2014 10:39:39	77	63	0
Apr 06, 2014 10:39:40	67	51	0
Apr 06, 2014 10:39:41	78	50	0
Apr 06, 2014 10:39:42	81	51	0
Apr 06, 2014 10:39:43	94	41	0
Apr 06, 2014 10:39:44	100	40	0
Apr 06, 2014 10:39:45	97	30	0
Apr 06, 2014 10:39:46	88	30	0
Apr 06, 2014 10:39:47	88	34	0
Apr 06, 2014 10:39:48	83	34	0
Apr 06, 2014 10:39:49	81	48	0
Apr 06, 2014 10:39:50	87	54	0
Apr 06, 2014 10:39:51	67	57	0
Apr 06, 2014 10:39:52	78	60	0
Apr 06, 2014 10:39:53	81	47	0
Apr 06, 2014 10:39:54	100	38	0
Apr 06, 2014 10:39:55	100	40	0
Apr 06, 2014 10:39:56	100	48	0
Apr 06, 2014 10:39:57	83	47	0
Apr 06, 2014 10:39:58	74	60	0
Apr 06, 2014 10:40:00	74	66	0
Apr 06, 2014 10:40:01	67	61	0
Apr 06, 2014 10:40:02	77	67	0
Apr 06, 2014 10:40:03	78	63	0
Apr 06, 2014 10:40:04	84	51	0
Apr 06, 2014 10:40:05	91	51	0
Apr 06, 2014 10:40:06	93	54	0
Apr 06, 2014 10:40:07	81	60	0
Apr 06, 2014 10:40:08	67	53	0
Apr 06, 2014 10:40:09	63	54	0
Apr 06, 2014 10:40:10	66	50	0
Apr 06, 2014 10:40:11	69	44	0
Apr 06, 2014 10:40:12	77	50	0
Apr 06, 2014 10:40:13	70	38	0
Apr 06, 2014 10:40:14	51	37	0
Apr 06, 2014 10:40:15	51	35	0
Apr 06, 2014 10:40:16	67	48	0
Apr 06, 2014 10:40:17	67	50	0
Apr 06, 2014 10:40:18	96	47	0
Apr 06, 2014 10:40:19	100	50	0
Apr 06, 2014 10:40:21	100	50	0
Apr 06, 2014 10:40:22	96	47	0
Apr 06, 2014 10:40:23	94	51	0
Apr 06, 2014 10:40:24	91	61	0
Apr 06, 2014 10:40:25	80	67	0
Apr 06, 2014 10:40:26	66	67	0
Apr 06, 2014 10:40:27	61	63	0
Apr 06, 2014 10:40:28	53	54	0
Apr 06, 2014 10:40:29	63	48	0
Apr 06, 2014 10:40:30	81	47	0
Apr 06, 2014 10:40:31	84	43	0
Apr 06, 2014 10:40:32	80	44	0
Apr 06, 2014 10:40:33	69	37	0
Apr 06, 2014 10:40:34	74	44	0
Apr 06, 2014 10:40:35	78	50	0
Apr 06, 2014 10:40:36	84	48	0
Apr 06, 2014 10:40:37	83	60	0
Apr 06, 2014 10:40:38	74	48	0
Apr 06, 2014 10:40:39	70	41	0
Apr 06, 2014 10:40:40	51	40	0
Apr 06, 2014 10:40:42	54	29	0
Apr 06, 2014 10:40:43	54	40	0
Apr 06, 2014 10:40:44	66	38	0
Apr 06, 2014 10:40:45	90	34	0
Apr 06, 2014 10:40:46	96	24	0
Apr 06, 2014 10:40:47	90	7	0
Apr 06, 2014 10:40:48	77	17	0
Apr 06, 2014 10:40:49	70	21	0
Apr 06, 2014 10:40:50	60	38	0
Apr 06, 2014 10:40:51	57	51	0
Apr 06, 2014 10:40:52	61	56	0
Apr 06, 2014 10:40:53	56	38	0
Apr 06, 2014 10:40:54	60	53	0
Apr 06, 2014 10:40:55	48	51	0
Apr 06, 2014 10:40:56	48	51	0
Apr 06, 2014 10:40:57	67	60	0
Apr 06, 2014 10:40:58	67	53	0
Apr 06, 2014 10:40:59	66	51	0
Apr 06, 2014 10:41:00	61	57	0
Apr 06, 2014 10:41:01	60	57	0
Apr 06, 2014 10:41:03	67	57	0
Apr 06, 2014 10:41:04	80	54	0
Apr 06, 2014 10:41:05	90	40	0
Apr 06, 2014 10:41:06	88	43	0
Apr 06, 2014 10:41:07	94	41	0
Apr 06, 2014 10:41:08	91	48	0
Apr 06, 2014 10:41:09	67	54	0
Apr 06, 2014 10:41:10	70	44	0
Apr 06, 2014 10:41:11	84	30	0
Apr 06, 2014 10:41:12	87	30	0
Apr 06, 2014 10:41:13	97	48	0
Apr 06, 2014 10:41:14	87	54	0
Apr 06, 2014 10:41:15	69	66	0
Apr 06, 2014 10:41:16	66	51	0
Apr 06, 2014 10:41:17	66	44	0
Apr 06, 2014 10:41:18	74	44	0
Apr 06, 2014 10:41:19	75	47	0
Apr 06, 2014 10:41:20	81	60	0
Apr 06, 2014 10:41:21	75	66	0
Apr 06, 2014 10:41:22	61	66	0
Apr 06, 2014 10:41:23	61	50	0
Apr 06, 2014 10:41:25	61	50	25
Apr 06, 2014 10:41:26	61	50	25
Apr 06, 2014 10:41:27	61	50	25
Apr 06, 2014 10:41:28	53	51	0
Apr 06, 2014 10:41:29	64	38	0
Apr 06, 2014 10:41:30	70	53	0
Apr 06, 2014 10:41:31	90	43	0
Apr 06, 2014 10:41:32	87	51	0
Apr 06, 2014 10:41:33	87	44	0
Apr 06, 2014 10:41:34	88	35	0
Apr 06, 2014 10:41:35	84	34	0
Apr 06, 2014 10:41:36	84	34	0
Apr 06, 2014 10:41:37	67	21	0
Apr 06, 2014 10:41:38	78	27	0
Apr 06, 2014 10:41:39	80	30	0
Apr 06, 2014 10:41:40	78	26	0
Apr 06, 2014 10:41:41	100	30	0
Apr 06, 2014 10:41:42	78	30	0
Apr 06, 2014 10:41:43	74	37	0
Apr 06, 2014 10:41:45	64	43	0
Apr 06, 2014 10:41:46	57	41	0
Apr 06, 2014 10:41:47	70	41	0
Apr 06, 2014 10:41:48	77	44	0
Apr 06, 2014 10:41:49	61	60	0
Apr 06, 2014 10:41:50	51	56	0
Apr 06, 2014 10:41:51	37	57	0
Apr 06, 2014 10:41:52	29	53	0
Apr 06, 2014 10:41:53	44	43	0
Apr 06, 2014 10:41:54	53	61	0
Apr 06, 2014 10:41:55	69	60	0
Apr 06, 2014 10:41:56	90	60	0
Apr 06, 2014 10:41:57	81	51	0
Apr 06, 2014 10:41:58	81	51	51
Apr 06, 2014 10:41:59	80	47	0
Apr 06, 2014 10:42:00	77	48	0
Apr 06, 2014 10:42:01	67	43	0
Apr 06, 2014 10:42:02	77	51	0
Apr 06, 2014 10:42:03	75	40	0
Apr 06, 2014 10:42:05	78	24	0
Apr 06, 2014 10:42:06	66	35	0
Apr 06, 2014 10:42:07	78	43	0
Apr 06, 2014 10:42:08	77	47	0
Apr 06, 2014 10:42:09	70	41	0
Apr 06, 2014 10:42:10	69	41	0
Apr 06, 2014 10:42:11	57	30	0
Apr 06, 2014 10:42:12	51	48	0
Apr 06, 2014 10:42:13	61	41	0
Apr 06, 2014 10:42:14	56	40	0
Apr 06, 2014 10:42:15	56	41	0
Apr 06, 2014 10:42:16	47	24	0
Apr 06, 2014 10:42:17	29	35	0
Apr 06, 2014 10:42:18	29	35	51
Apr 06, 2014 10:42:19	30	30	0
Apr 06, 2014 10:42:20	23	41	0
Apr 06, 2014 10:42:21	34	57	0
Apr 06, 2014 10:42:22	54	75	0
Apr 06, 2014 10:42:24	75	63	0
Apr 06, 2014 10:42:25	80	43	0
Apr 06, 2014 10:42:26	75	47	0
Apr 06, 2014 10:42:27	83	29	0
Apr 06, 2014 10:42:28	66	43	0
Apr 06, 2014 10:42:29	63	56	0
Apr 06, 2014 10:42:30	61	50	0
Apr 06, 2014 10:42:31	47	54	0
Apr 06, 2014 10:42:32	64	47	0
Apr 06, 2014 10:42:33	70	43	0
Apr 06, 2014 10:42:34	61	37	0
Apr 06, 2014 10:42:35	70	47	0
Apr 06, 2014 10:42:36	63	43	0
Apr 06, 2014 10:42:37	53	44	0
Apr 06, 2014 10:42:38	74	61	0
Apr 06, 2014 10:42:39	83	54	0
Apr 06, 2014 10:42:40	87	50	0
Apr 06, 2014 10:42:41	78	41	0
Apr 06, 2014 10:42:43	81	40	0
Apr 06, 2014 10:42:44	80	47	0
Apr 06, 2014 10:42:45	81	38	0
Apr 06, 2014 10:42:46	69	37	0
Apr 06, 2014 10:42:47	50	29	0
Apr 06, 2014 10:42:48	54	16	0
Apr 06, 2014 10:42:49	53	40	0
Apr 06, 2014 10:42:50	67	35	0
Apr 06, 2014 10:42:51	80	48	0
Apr 06, 2014 10:42:52	64	64	0
Apr 06, 2014 10:42:53	64	50	0
Apr 06, 2014 10:42:54	64	56	0
Apr 06, 2014 10:42:55	64	44	0
Apr 06, 2014 10:42:56	77	37	0
Apr 06, 2014 10:42:57	83	48	0
Apr 06, 2014 10:42:58	88	50	0
Apr 06, 2014 10:42:59	83	48	0
Apr 06, 2014 10:43:00	81	50	0
Apr 06, 2014 10:43:02	87	48	0
Apr 06, 2014 10:43:03	83	40	0
Apr 06, 2014 10:43:04	81	41	0
Apr 06, 2014 10:43:05	77	38	0
Apr 06, 2014 10:43:06	67	30	0
Apr 06, 2014 10:43:07	61	40	0
Apr 06, 2014 10:43:08	57	47	0
Apr 06, 2014 10:43:09	53	48	0
Apr 06, 2014 10:43:10	53	63	0
Apr 06, 2014 10:43:11	57	61	0
Apr 06, 2014 10:43:12	63	54	0
Apr 06, 2014 10:43:13	74	43	0
Apr 06, 2014 10:43:14	90	27	0
Apr 06, 2014 10:43:15	90	14	0
Apr 06, 2014 10:43:16	93	21	0
Apr 06, 2014 10:43:17	84	27	0
Apr 06, 2014 10:43:18	81	30	0
Apr 06, 2014 10:43:19	78	41	0
Apr 06, 2014 10:43:20	75	40	0
Apr 06, 2014 10:43:22	63	23	0
Apr 06, 2014 10:43:23	54	17	0
Apr 06, 2014 10:43:24	43	20	0
Apr 06, 2014 10:43:25	27	10	0
Apr 06, 2014 10:43:26	34	27	0
Apr 06, 2014 10:43:27	50	43	0
Apr 06, 2014 10:43:28	57	38	0
Apr 06, 2014 10:43:29	56	47	0
Apr 06, 2014 10:43:30	53	48	0
Apr 06, 2014 10:43:31	60	37	0
Apr 06, 2014 10:43:32	80	40	0
Apr 06, 2014 10:43:33	87	40	0
Apr 06, 2014 10:43:34	81	47	0
Apr 06, 2014 10:43:35	83	51	0
Apr 06, 2014 10:43:36	83	50	0
Apr 06, 2014 10:43:37	84	43	0
Apr 06, 2014 10:43:38	81	51	0
Apr 06, 2014 10:43:39	75	53	0
Apr 06, 2014 10:43:41	75	70	0
Apr 06, 2014 10:43:42	63	67	0
Apr 06, 2014 10:43:43	50	43	0
Apr 06, 2014 10:43:44	50	23	0
Apr 06, 2014 10:43:45	56	13	0
Apr 06, 2014 10:43:46	75	17	0
Apr 06, 2014 10:43:47	90	29	0
Apr 06, 2014 10:43:48	100	38	0
Apr 06, 2014 10:43:49	100	35	0
Apr 06, 2014 10:43:50	97	35	0
Apr 06, 2014 10:43:51	69	44	0
Apr 06, 2014 10:43:52	53	34	0
Apr 06, 2014 10:43:53	51	30	0
Apr 06, 2014 10:43:54	57	41	0
Apr 06, 2014 10:43:55	57	41	0
Apr 06, 2014 10:43:56	70	57	0
Apr 06, 2014 10:43:57	64	54	0
Apr 06, 2014 10:43:58	66	47	0
Apr 06, 2014 10:43:59	78	43	0
Apr 06, 2014 10:44:01	77	35	0
Apr 06, 2014 10:44:02	80	47	0
Apr 06, 2014 10:44:03	67	61	0
Apr 06, 2014 10:44:04	67	61	26
Apr 06, 2014 10:44:05	57	61	0
Apr 06, 2014 10:44:06	43	50	0
Apr 06, 2014 10:44:07	40	54	0
Apr 06, 2014 10:44:08	44	38	0
Apr 06, 2014 10:44:09	60	57	0
Apr 06, 2014 10:44:10	57	48	0
Apr 06, 2014 10:44:11	69	51	0
Apr 06, 2014 10:44:12	66	56	0
Apr 06, 2014 10:44:13	66	44	0
Apr 06, 2014 10:44:14	75	44	0
Apr 06, 2014 10:44:15	75	44	0
Apr 06, 2014 10:44:16	61	57	0
Apr 06, 2014 10:44:17	66	57	0
Apr 06, 2014 10:44:18	64	64	0
Apr 06, 2014 10:44:19	70	60	0
Apr 06, 2014 10:44:20	81	50	0
Apr 06, 2014 10:44:21	74	57	0
Apr 06, 2014 10:44:22	63	56	0
Apr 06, 2014 10:44:23	61	53	0
Apr 06, 2014 10:44:25	54	64	0
Apr 06, 2014 10:44:26	63	66	0
Apr 06, 2014 10:44:27	78	63	0
Apr 06, 2014 10:44:28	78	56	0
Apr 06, 2014 10:44:29	80	43	0
Apr 06, 2014 10:44:30	91	37	0
Apr 06, 2014 10:44:31	69	11	0
Apr 06, 2014 10:44:32	69	14	0
Apr 06, 2014 10:44:33	56	17	0
Apr 06, 2014 10:44:34	67	30	0
Apr 06, 2014 10:44:35	74	50	0
Apr 06, 2014 10:44:36	51	67	0
Apr 06, 2014 10:44:37	61	60	0
Apr 06, 2014 10:44:38	75	48	0
Apr 06, 2014 10:44:39	74	47	0
Apr 06, 2014 10:44:40	88	27	0
Apr 06, 2014 10:44:41	66	27	0
Apr 06, 2014 10:44:42	50	35	0
Apr 06, 2014 10:44:43	43	27	0
Apr 06, 2014 10:44:44	53	30	0
Apr 06, 2014 10:44:45	67	35	0
Apr 06, 2014 10:44:47	67	41	0
Apr 06, 2014 10:44:48	60	53	0
Apr 06, 2014 10:44:49	38	43	0
Apr 06, 2014 10:44:50	27	50	0
Apr 06, 2014 10:44:51	44	50	0
Apr 06, 2014 10:44:52	50	74	0
Apr 06, 2014 10:44:53	56	66	0
Apr 06, 2014 10:44:54	53	74	0
Apr 06, 2014 10:44:55	53	74	0
Apr 06, 2014 10:44:56	60	54	0
Apr 06, 2014 10:44:57	60	60	0
Apr 06, 2014 10:44:58	61	51	0
Apr 06, 2014 10:44:59	70	35	0
Apr 06, 2014 10:45:00	66	29	0
Apr 06, 2014 10:45:01	56	21	0
Apr 06, 2014 10:45:02	56	30	0
Apr 06, 2014 10:45:03	53	50	0
Apr 06, 2014 10:45:04	43	64	0
Apr 06, 2014 10:45:05	51	70	0
Apr 06, 2014 10:45:06	53	67	0
Apr 06, 2014 10:45:07	61	56	0
Apr 06, 2014 10:45:08	88	38	0
Apr 06, 2014 10:45:09	94	26	0
Apr 06, 2014 10:45:10	96	20	0
Apr 06, 2014 10:45:12	93	26	0
Apr 06, 2014 10:45:13	74	30	0
Apr 06, 2014 10:45:14	75	30	0
Apr 06, 2014 10:45:15	70	38	0
Apr 06, 2014 10:45:16	67	38	0
Apr 06, 2014 10:45:17	61	41	0
Apr 06, 2014 10:45:18	53	47	0
Apr 06, 2014 10:45:19	60	20	0
Apr 06, 2014 10:45:20	67	17	0
Apr 06, 2014 10:45:21	78	27	0
Apr 06, 2014 10:45:22	69	20	0
Apr 06, 2014 10:45:23	67	34	0
Apr 06, 2014 10:45:24	61	29	0
Apr 06, 2014 10:45:25	70	30	0
Apr 06, 2014 10:45:26	90	48	0
Apr 06, 2014 10:45:27	77	48	0
Apr 06, 2014 10:45:28	83	54	0
Apr 06, 2014 10:45:29	74	53	0
Apr 06, 2014 10:45:30	61	41	0
Apr 06, 2014 10:45:31	69	47	0
Apr 06, 2014 10:45:32	57	41	0
Apr 06, 2014 10:45:33	48	47	0
Apr 06, 2014 10:45:34	35	44	0
Apr 06, 2014 10:45:36	43	47	0
Apr 06, 2014 10:45:37	53	50	0
Apr 06, 2014 10:45:38	54	40	0
Apr 06, 2014 10:45:39	66	41	0
Apr 06, 2014 10:45:40	57	53	0
Apr 06, 2014 10:45:41	60	56	0
Apr 06, 2014 10:45:42	50	70	0
Apr 06, 2014 10:45:43	38	64	0
Apr 06, 2014 10:45:44	50	48	0
Apr 06, 2014 10:45:45	56	48	0
Apr 06, 2014 10:45:46	64	40	0
Apr 06, 2014 10:45:47	64	41	0
Apr 06, 2014 10:45:48	67	51	0
Apr 06, 2014 10:45:49	60	38	0
Apr 06, 2014 10:45:50	69	34	0
Apr 06, 2014 10:45:51	70	40	0
Apr 06, 2014 10:45:52	53	30	0
Apr 06, 2014 10:45:53	50	47	0
Apr 06, 2014 10:45:54	40	50	0
Apr 06, 2014 10:45:55	48	44	0
Apr 06, 2014 10:45:56	63	29	0
Apr 06, 2014 10:45:57	74	27	0
Apr 06, 2014 10:45:58	69	34	0
Apr 06, 2014 10:46:00	74	44	0
Apr 06, 2014 10:46:01	81	35	0
Apr 06, 2014 10:46:02	74	26	0
Apr 06, 2014 10:46:03	77	30	0
Apr 06, 2014 10:46:04	61	23	0
Apr 06, 2014 10:46:05	41	37	0
Apr 06, 2014 10:46:06	40	44	0
Apr 06, 2014 10:46:07	48	37	0
Apr 06, 2014 10:46:08	54	43	0
Apr 06, 2014 10:46:09	60	40	0
Apr 06, 2014 10:46:10	53	35	0
Apr 06, 2014 10:46:11	24	30	0
Apr 06, 2014 10:46:12	20	47	0
Apr 06, 2014 10:46:13	24	53	0
Apr 06, 2014 10:46:14	41	48	0
Apr 06, 2014 10:46:15	64	50	0
Apr 06, 2014 10:46:16	61	44	0
Apr 06, 2014 10:46:17	40	56	0
Apr 06, 2014 10:46:18	24	63	0
Apr 06, 2014 10:46:19	24	78	0
Apr 06, 2014 10:46:20	23	69	0
Apr 06, 2014 10:46:21	21	67	0
Apr 06, 2014 10:46:22	34	54	0
Apr 06, 2014 10:46:24	41	40	0
Apr 06, 2014 10:46:25	43	41	0
Apr 06, 2014 10:46:26	41	44	0
Apr 06, 2014 10:46:27	29	54	0
Apr 06, 2014 10:46:28	23	61	0
Apr 06, 2014 10:46:29	29	66	0
Apr 06, 2014 10:46:30	53	61	0
Apr 06, 2014 10:46:31	66	51	0
Apr 06, 2014 10:46:32	93	26	0
Apr 06, 2014 10:46:33	96	21	0
Apr 06, 2014 10:46:34	74	21	0
Apr 06, 2014 10:46:35	60	27	0
Apr 06, 2014 10:46:36	37	41	0
Apr 06, 2014 10:46:37	27	35	0
Apr 06, 2014 10:46:38	44	21	0
Apr 06, 2014 10:46:39	60	26	0
Apr 06, 2014 10:46:40	60	38	0
Apr 06, 2014 10:46:41	35	53	0
Apr 06, 2014 10:46:42	38	44	0
Apr 06, 2014 10:46:43	50	44	0
Apr 06, 2014 10:46:44	56	40	0
Apr 06, 2014 10:46:45	75	37	0
Apr 06, 2014 10:46:47	75	47	0
Apr 06, 2014 10:46:48	70	47	0
Apr 06, 2014 10:46:49	77	37	0
Apr 06, 2014 10:46:50	94	47	0
Apr 06, 2014 10:46:51	100	29	0
Apr 06, 2014 10:46:52	94	37	0
Apr 06, 2014 10:46:53	87	48	0
Apr 06, 2014 10:46:54	75	50	0
Apr 06, 2014 10:46:55	56	53	0
Apr 06, 2014 10:46:56	60	48	0
Apr 06, 2014 10:46:57	48	44	0
Apr 06, 2014 10:46:58	61	51	0
Apr 06, 2014 10:46:59	77	44	0
Apr 06, 2014 10:47:00	61	43	0
Apr 06, 2014 10:47:01	61	37	0
Apr 06, 2014 10:47:02	50	47	0
Apr 06, 2014 10:47:03	41	57	0
Apr 06, 2014 10:47:04	56	51	0
Apr 06, 2014 10:47:05	63	63	0
Apr 06, 2014 10:47:06	56	54	0
Apr 06, 2014 10:47:07	63	44	0
Apr 06, 2014 10:47:09	63	53	0
Apr 06, 2014 10:47:10	63	56	0
Apr 06, 2014 10:47:11	77	56	0
Apr 06, 2014 10:47:12	80	67	0
Apr 06, 2014 10:47:13	44	56	0
Apr 06, 2014 10:47:14	54	53	0
Apr 06, 2014 10:47:15	50	41	0
Apr 06, 2014 10:47:16	67	38	0
Apr 06, 2014 10:47:17	60	29	0
Apr 06, 2014 10:47:18	56	47	0
Apr 06, 2014 10:47:19	56	53	0
Apr 06, 2014 10:47:20	54	47	0
Apr 06, 2014 10:47:21	43	63	0
Apr 06, 2014 10:47:22	47	74	0
Apr 06, 2014 10:47:23	53	70	0
Apr 06, 2014 10:47:24	70	75	0
Apr 06, 2014 10:47:25	90	57	0
Apr 06, 2014 10:47:26	97	37	0
Apr 06, 2014 10:47:27	83	29	0
Apr 06, 2014 10:47:29	70	29	0
Apr 06, 2014 10:47:30	70	34	0
Apr 06, 2014 10:47:31	66	41	0
Apr 06, 2014 10:47:32	74	61	0
Apr 06, 2014 10:47:33	78	66	0
Apr 06, 2014 10:47:34	56	77	0
Apr 06, 2014 10:47:35	56	74	0
Apr 06, 2014 10:47:36	30	61	0
Apr 06, 2014 10:47:37	30	53	0
Apr 06, 2014 10:47:38	37	57	0
Apr 06, 2014 10:47:39	43	60	0
Apr 06, 2014 10:47:40	75	54	0
Apr 06, 2014 10:47:41	90	60	0
Apr 06, 2014 10:47:42	90	44	0
Apr 06, 2014 10:47:43	100	30	0
Apr 06, 2014 10:47:44	91	44	0
Apr 06, 2014 10:47:45	90	38	0
Apr 06, 2014 10:47:46	81	44	0
Apr 06, 2014 10:47:47	80	47	0
Apr 06, 2014 10:47:48	75	40	0
Apr 06, 2014 10:47:50	66	47	0
Apr 06, 2014 10:47:51	70	51	0
Apr 06, 2014 10:47:52	61	47	0
Apr 06, 2014 10:47:53	80	38	0
Apr 06, 2014 10:47:54	94	29	0
Apr 06, 2014 10:47:55	88	40	0
Apr 06, 2014 10:47:56	83	51	0
Apr 06, 2014 10:47:57	90	48	0
Apr 06, 2014 10:47:58	83	48	0
Apr 06, 2014 10:47:59	88	50	0
Apr 06, 2014 10:48:00	94	44	0
Apr 06, 2014 10:48:01	97	48	0
Apr 06, 2014 10:48:02	87	43	0
Apr 06, 2014 10:48:03	88	41	0
Apr 06, 2014 10:48:04	57	40	0
Apr 06, 2014 10:48:05	41	35	0
Apr 06, 2014 10:48:06	41	44	0
Apr 06, 2014 10:48:07	38	37	0
Apr 06, 2014 10:48:08	63	37	0
Apr 06, 2014 10:48:09	80	50	0
Apr 06, 2014 10:48:10	100	37	0
Apr 06, 2014 10:48:12	96	43	0
Apr 06, 2014 10:48:13	100	38	0
Apr 06, 2014 10:48:14	100	44	0
Apr 06, 2014 10:48:15	100	40	0
Apr 06, 2014 10:48:16	100	38	0
Apr 06, 2014 10:48:17	97	47	0
Apr 06, 2014 10:48:18	83	51	0
Apr 06, 2014 10:48:19	64	57	0
Apr 06, 2014 10:48:20	61	64	0
Apr 06, 2014 10:48:21	66	64	0
Apr 06, 2014 10:48:22	67	63	0
Apr 06, 2014 10:48:23	63	56	0
Apr 06, 2014 10:48:24	56	44	0
Apr 06, 2014 10:48:25	53	41	0
Apr 06, 2014 10:48:26	51	29	0
Apr 06, 2014 10:48:27	69	34	0
Apr 06, 2014 10:48:28	81	40	0
Apr 06, 2014 10:48:29	83	40	0
Apr 06, 2014 10:48:30	84	44	0
Apr 06, 2014 10:48:31	77	48	0
Apr 06, 2014 10:48:33	70	44	0
Apr 06, 2014 10:48:34	70	44	0
Apr 06, 2014 10:48:35	74	47	0
Apr 06, 2014 10:48:36	63	54	0
Apr 06, 2014 10:48:37	48	34	0
Apr 06, 2014 10:48:38	53	26	0
Apr 06, 2014 10:48:39	51	20	0
Apr 06, 2014 10:48:40	60	13	0
Apr 06, 2014 10:48:41	70	30	0
Apr 06, 2014 10:48:42	60	29	0
Apr 06, 2014 10:48:43	63	44	0
Apr 06, 2014 10:48:44	53	48	0
Apr 06, 2014 10:48:45	54	40	0
Apr 06, 2014 10:48:46	50	37	0
Apr 06, 2014 10:48:47	54	37	0
Apr 06, 2014 10:48:48	66	34	0
Apr 06, 2014 10:48:49	70	48	0
Apr 06, 2014 10:48:50	84	54	0
Apr 06, 2014 10:48:51	93	48	0
Apr 06, 2014 10:48:52	93	38	0
Apr 06, 2014 10:48:53	93	40	0
Apr 06, 2014 10:48:55	70	50	0
Apr 06, 2014 10:48:56	56	50	0
Apr 06, 2014 10:48:57	60	54	0
Apr 06, 2014 10:48:58	57	53	0
Apr 06, 2014 10:48:59	70	34	0
Apr 06, 2014 10:49:00	77	44	0
Apr 06, 2014 10:49:01	70	50	0
Apr 06, 2014 10:49:02	74	51	0
Apr 06, 2014 10:49:03	77	69	0
Apr 06, 2014 10:49:04	74	74	0
Apr 06, 2014 10:49:05	80	77	0
Apr 06, 2014 10:49:06	64	56	0
Apr 06, 2014 10:49:07	48	54	0
Apr 06, 2014 10:49:08	60	41	0
Apr 06, 2014 10:49:09	70	26	0
Apr 06, 2014 10:49:10	77	48	0
Apr 06, 2014 10:49:11	83	38	0
Apr 06, 2014 10:49:12	43	38	0
Apr 06, 2014 10:49:13	51	34	0
Apr 06, 2014 10:49:14	51	38	0
Apr 06, 2014 10:49:15	69	35	0
Apr 06, 2014 10:49:16	83	34	0
Apr 06, 2014 10:49:17	66	43	0
Apr 06, 2014 10:49:19	53	53	0
Apr 06, 2014 10:49:20	34	56	0
Apr 06, 2014 10:49:21	20	54	0
Apr 06, 2014 10:49:22	23	44	0
Apr 06, 2014 10:49:23	34	40	0
Apr 06, 2014 10:49:24	29	51	0
Apr 06, 2014 10:49:25	34	66	0
Apr 06, 2014 10:49:26	30	64	0
Apr 06, 2014 10:49:27	38	57	0
Apr 06, 2014 10:49:28	53	48	0
Apr 06, 2014 10:49:29	50	41	0
Apr 06, 2014 10:49:30	63	48	0
Apr 06, 2014 10:49:31	53	51	0
Apr 06, 2014 10:49:32	48	60	0
Apr 06, 2014 10:49:33	64	56	0
Apr 06, 2014 10:49:34	63	56	0
Apr 06, 2014 10:49:35	91	56	0
Apr 06, 2014 10:49:36	87	60	0
Apr 06, 2014 10:49:37	81	51	0
Apr 06, 2014 10:49:38	66	60	0
Apr 06, 2014 10:49:39	60	50	0
Apr 06, 2014 10:49:40	57	41	0
Apr 06, 2014 10:49:41	75	40	0
Apr 06, 2014 10:49:42	81	34	0
Apr 06, 2014 10:49:44	74	41	0
Apr 06, 2014 10:49:45	84	27	0
Apr 06, 2014 10:49:46	78	37	0
Apr 06, 2014 10:49:47	83	44	0
Apr 06, 2014 10:49:48	94	48	0
Apr 06, 2014 10:49:49	87	66	0
Apr 06, 2014 10:49:50	94	56	0
Apr 06, 2014 10:49:51	91	48	0
Apr 06, 2014 10:49:52	93	48	0
Apr 06, 2014 10:49:53	100	50	0
Apr 06, 2014 10:49:54	87	51	0
Apr 06, 2014 10:49:55	88	47	0
Apr 06, 2014 10:49:56	84	51	0
Apr 06, 2014 10:49:57	77	54	0
Apr 06, 2014 10:49:58	78	74	0
Apr 06, 2014 10:49:59	70	66	0
Apr 06, 2014 10:50:00	75	66	0
Apr 06, 2014 10:50:01	75	64	0
Apr 06, 2014 10:50:02	81	56	0
Apr 06, 2014 10:50:03	87	60	0
Apr 06, 2014 10:50:04	69	54	0
Apr 06, 2014 10:50:05	69	57	0
Apr 06, 2014 10:50:06	61	60	0
Apr 06, 2014 10:50:07	53	57	0
Apr 06, 2014 10:50:08	61	64	0
Apr 06, 2014 10:50:10	61	69	0
Apr 06, 2014 10:50:11	70	66	0
Apr 06, 2014 10:50:12	77	69	0
Apr 06, 2014 10:50:13	88	64	0
Apr 06, 2014 10:50:14	87	60	0
Apr 06, 2014 10:50:15	81	53	0
Apr 06, 2014 10:50:16	87	47	0
Apr 06, 2014 10:50:17	70	50	0
Apr 06, 2014 10:50:18	66	50	0
Apr 06, 2014 10:50:19	60	48	0
Apr 06, 2014 10:50:20	67	43	0
Apr 06, 2014 10:50:21	77	38	0
Apr 06, 2014 10:50:22	75	50	0
Apr 06, 2014 10:50:23	88	56	0
Apr 06, 2014 10:50:24	78	48	0
Apr 06, 2014 10:50:25	69	54	0
Apr 06, 2014 10:50:26	77	54	0
Apr 06, 2014 10:50:27	81	50	0
Apr 06, 2014 10:50:28	88	54	0
Apr 06, 2014 10:50:29	88	57	0
Apr 06, 2014 10:50:30	81	61	0
Apr 06, 2014 10:50:31	78	54	0
Apr 06, 2014 10:50:32	69	57	0
Apr 06, 2014 10:50:33	74	51	0
Apr 06, 2014 10:50:35	81	38	0
Apr 06, 2014 10:50:36	78	48	0
Apr 06, 2014 10:50:37	74	50	0
Apr 06, 2014 10:50:38	77	48	0
Apr 06, 2014 10:50:39	77	54	0
Apr 06, 2014 10:50:40	70	60	0
Apr 06, 2014 10:50:41	64	43	0
Apr 06, 2014 10:50:42	56	30	0
Apr 06, 2014 10:50:43	63	26	0
Apr 06, 2014 10:50:44	64	37	0
Apr 06, 2014 10:50:45	80	50	0
Apr 06, 2014 10:50:46	96	60	0
Apr 06, 2014 10:50:47	94	63	0
Apr 06, 2014 10:50:48	100	63	0
Apr 06, 2014 10:50:49	93	69	0
Apr 06, 2014 10:50:50	81	67	0
Apr 06, 2014 10:50:51	88	54	0
Apr 06, 2014 10:50:52	80	47	0
Apr 06, 2014 10:50:53	78	38	0
Apr 06, 2014 10:50:54	67	47	0
Apr 06, 2014 10:50:55	44	60	0
Apr 06, 2014 10:50:56	26	70	0
Apr 06, 2014 10:50:57	24	66	0
Apr 06, 2014 10:50:59	24	51	0
Apr 06, 2014 10:51:00	29	50	0
Apr 06, 2014 10:51:01	47	41	0
Apr 06, 2014 10:51:02	50	51	0
Apr 06, 2014 10:51:03	75	60	0
Apr 06, 2014 10:51:04	63	60	0
Apr 06, 2014 10:51:05	70	57	0
Apr 06, 2014 10:51:06	75	60	0
Apr 06, 2014 10:51:07	78	61	0
Apr 06, 2014 10:51:08	100	51	0
Apr 06, 2014 10:51:09	100	44	0
Apr 06, 2014 10:51:10	100	34	0
Apr 06, 2014 10:51:11	83	40	0
Apr 06, 2014 10:51:12	69	57	0
Apr 06, 2014 10:51:13	69	57	0
Apr 06, 2014 10:51:14	66	74	0
Apr 06, 2014 10:51:15	91	60	0
Apr 06, 2014 10:51:16	84	51	0
Apr 06, 2014 10:51:17	75	43	0
Apr 06, 2014 10:51:18	75	48	0
Apr 06, 2014 10:51:19	61	51	0
Apr 06, 2014 10:51:20	70	60	0
Apr 06, 2014 10:51:21	81	61	0
Apr 06, 2014 10:51:22	88	54	0
Apr 06, 2014 10:51:24	81	56	0
Apr 06, 2014 10:51:25	87	48	0
Apr 06, 2014 10:51:26	87	56	0
Apr 06, 2014 10:51:27	93	61	0
Apr 06, 2014 10:51:28	70	63	0
Apr 06, 2014 10:51:29	66	70	0
Apr 06, 2014 10:51:30	66	61	0
Apr 06, 2014 10:51:31	60	57	0
Apr 06, 2014 10:51:32	60	57	0
Apr 06, 2014 10:51:33	64	44	0
Apr 06, 2014 10:51:34	50	63	0
Apr 06, 2014 10:51:35	54	63	0
Apr 06, 2014 10:51:36	54	66	0
Apr 06, 2014 10:51:37	53	70	0
Apr 06, 2014 10:51:38	51	43	0
Apr 06, 2014 10:51:39	47	38	0
Apr 06, 2014 10:51:40	60	40	0
Apr 06, 2014 10:51:41	61	41	0
Apr 06, 2014 10:51:42	77	56	0
Apr 06, 2014 10:51:43	77	60	0
Apr 06, 2014 10:51:44	66	48	0
Apr 06, 2014 10:51:45	53	44	0
Apr 06, 2014 10:51:46	50	47	0
Apr 06, 2014 10:51:47	70	41	0
Apr 06, 2014 10:51:48	83	56	0
Apr 06, 2014 10:51:50	70	51	0
Apr 06, 2014 10:51:51	51	67	0
Apr 06, 2014 10:51:52	35	48	0
Apr 06, 2014 10:51:53	17	43	0
Apr 06, 2014 10:51:54	21	40	0
Apr 06, 2014 10:51:55	14	41	0
Apr 06, 2014 10:51:56	24	60	0
Apr 06, 2014 10:51:57	35	66	0
Apr 06, 2014 10:51:58	37	74	0
Apr 06, 2014 10:51:59	34	74	0
Apr 06, 2014 10:52:00	16	75	0
Apr 06, 2014 10:52:01	10	66	0
Apr 06, 2014 10:52:02	14	70	0
Apr 06, 2014 10:52:03	34	57	0
Apr 06, 2014 10:52:04	50	56	0
Apr 06, 2014 10:52:05	75	67	0
Apr 06, 2014 10:52:06	80	63	0
Apr 06, 2014 10:52:07	87	64	0
Apr 06, 2014 10:52:08	81	53	0
Apr 06, 2014 10:52:09	78	50	0
Apr 06, 2014 10:52:10	66	44	0
Apr 06, 2014 10:52:11	74	61	0
Apr 06, 2014 10:52:12	74	61	0
Apr 06, 2014 10:52:14	56	78	0
Apr 06, 2014 10:52:15	53	78	0
Apr 06, 2014 10:52:16	66	69	0
Apr 06, 2014 10:52:17	70	64	0
Apr 06, 2014 10:52:18	88	51	0
Apr 06, 2014 10:52:19	100	44	0
Apr 06, 2014 10:52:20	90	43	0
Apr 06, 2014 10:52:21	78	50	0
Apr 06, 2014 10:52:22	63	63	0
Apr 06, 2014 10:52:23	50	75	0
Apr 06, 2014 10:52:24	53	80	0
Apr 06, 2014 10:52:25	60	67	0
Apr 06, 2014 10:52:26	70	61	0
Apr 06, 2014 10:52:27	83	44	0
Apr 06, 2014 10:52:28	75	40	0
Apr 06, 2014 10:52:29	80	50	0
Apr 06, 2014 10:52:30	70	54	0
Apr 06, 2014 10:52:31	84	48	0
Apr 06, 2014 10:52:32	88	41	0
Apr 06, 2014 10:52:33	74	54	0
Apr 06, 2014 10:52:34	70	53	0
Apr 06, 2014 10:52:35	53	63	0
Apr 06, 2014 10:52:37	26	63	0
Apr 06, 2014 10:52:38	47	64	0
Apr 06, 2014 10:52:39	37	66	0
Apr 06, 2014 10:52:40	41	66	0
Apr 06, 2014 10:52:41	61	78	0
Apr 06, 2014 10:52:42	54	61	0
Apr 06, 2014 10:52:43	41	57	0
Apr 06, 2014 10:52:44	40	50	0
Apr 06, 2014 10:52:45	35	48	0
Apr 06, 2014 10:52:46	17	66	0
Apr 06, 2014 10:52:47	29	60	0
Apr 06, 2014 10:52:48	47	61	0
Apr 06, 2014 10:52:49	66	54	0
Apr 06, 2014 10:52:50	78	66	0
Apr 06, 2014 10:52:51	80	63	0
Apr 06, 2014 10:52:52	83	66	0
Apr 06, 2014 10:52:53	87	60	0
Apr 06, 2014 10:52:55	75	51	0
Apr 06, 2014 10:52:56	75	51	0
Apr 06, 2014 10:52:57	64	51	0
Apr 06, 2014 10:52:58	63	50	0
Apr 06, 2014 10:52:59	67	64	0
Apr 06, 2014 10:53:00	70	63	0
Apr 06, 2014 10:53:01	74	51	0
Apr 06, 2014 10:53:02	61	56	0
Apr 06, 2014 10:53:03	80	43	0
Apr 06, 2014 10:53:04	74	53	0
Apr 06, 2014 10:53:05	83	60	0
Apr 06, 2014 10:53:06	81	64	0
Apr 06, 2014 10:53:07	84	57	0
Apr 06, 2014 10:53:08	94	50	0
Apr 06, 2014 10:53:09	90	54	0
Apr 06, 2014 10:53:10	84	51	0
Apr 06, 2014 10:53:11	63	47	0
Apr 06, 2014 10:53:12	34	60	0
Apr 06, 2014 10:53:13	3	51	0
Apr 06, 2014 10:53:14	1	57	0
Apr 06, 2014 10:53:15	1	63	0
Apr 06, 2014 10:53:17	1	57	0
Apr 06, 2014 10:53:18	24	60	0
Apr 06, 2014 10:53:19	37	53	0
Apr 06, 2014 10:53:20	54	48	0
Apr 06, 2014 10:53:21	63	47	0
Apr 06, 2014 10:53:22	56	66	0
Apr 06, 2014 10:53:23	50	64	0
Apr 06, 2014 10:53:24	50	66	0
Apr 06, 2014 10:53:25	44	61	0
Apr 06, 2014 10:53:26	48	63	0
Apr 06, 2014 10:53:27	53	70	0
Apr 06, 2014 10:53:28	64	70	0
Apr 06, 2014 10:53:29	56	77	0
Apr 06, 2014 10:53:30	66	64	0
Apr 06, 2014 10:53:31	60	61	0
Apr 06, 2014 10:53:32	37	57	0
Apr 06, 2014 10:53:33	21	63	0
Apr 06, 2014 10:53:34	1	66	0
Apr 06, 2014 10:53:35	1	75	0
Apr 06, 2014 10:53:37	1	78	0
Apr 06, 2014 10:53:38	8	60	0
Apr 06, 2014 10:53:39	14	70	0
Apr 06, 2014 10:53:40	10	63	0
Apr 06, 2014 10:53:41	17	64	0
Apr 06, 2014 10:53:42	7	69	0
Apr 06, 2014 10:53:43	16	67	0
Apr 06, 2014 10:53:44	16	61	0
Apr 06, 2014 10:53:45	35	67	0
Apr 06, 2014 10:53:46	35	60	0
Apr 06, 2014 10:53:47	44	64	0
Apr 06, 2014 10:53:48	38	63	0
Apr 06, 2014 10:53:49	30	56	0
Apr 06, 2014 10:53:50	37	50	0
Apr 06, 2014 10:53:51	35	51	0
Apr 06, 2014 10:53:52	30	50	0
Apr 06, 2014 10:53:53	37	54	0
Apr 06, 2014 10:53:54	40	66	0
Apr 06, 2014 10:53:55	21	54	0
Apr 06, 2014 10:53:56	16	64	0
Apr 06, 2014 10:53:58	3	66	0
Apr 06, 2014 10:53:59	1	61	0
Apr 06, 2014 10:54:00	13	74	0
Apr 06, 2014 10:54:01	27	63	0
Apr 06, 2014 10:54:02	30	51	0
Apr 06, 2014 10:54:03	17	43	0
Apr 06, 2014 10:54:04	11	57	0
Apr 06, 2014 10:54:05	7	63	0
Apr 06, 2014 10:54:06	29	48	0
Apr 06, 2014 10:54:07	43	54	0
Apr 06, 2014 10:54:08	54	40	0
Apr 06, 2014 10:54:09	61	35	0
Apr 06, 2014 10:54:10	40	56	0
Apr 06, 2014 10:54:11	43	50	0
Apr 06, 2014 10:54:12	43	50	0
Apr 06, 2014 10:54:13	47	66	0
Apr 06, 2014 10:54:14	53	66	0
Apr 06, 2014 10:54:15	61	70	0
Apr 06, 2014 10:54:16	60	66	0
Apr 06, 2014 10:54:17	74	57	0
Apr 06, 2014 10:54:18	77	51	0
Apr 06, 2014 10:54:20	66	54	0
Apr 06, 2014 10:54:21	67	50	0
Apr 06, 2014 10:54:22	67	67	0
Apr 06, 2014 10:54:23	60	57	0
Apr 06, 2014 10:54:24	50	60	0
Apr 06, 2014 10:54:25	44	48	0
Apr 06, 2014 10:54:26	23	53	0
Apr 06, 2014 10:54:27	21	64	0
Apr 06, 2014 10:54:28	20	77	0
Apr 06, 2014 10:54:29	11	66	0
Apr 06, 2014 10:54:30	17	51	0
Apr 06, 2014 10:54:31	24	53	0
Apr 06, 2014 10:54:32	24	53	0
Apr 06, 2014 10:54:33	34	60	0
Apr 06, 2014 10:54:34	35	61	0
Apr 06, 2014 10:54:35	44	61	0
Apr 06, 2014 10:54:36	41	66	0
Apr 06, 2014 10:54:37	44	70	0
Apr 06, 2014 10:54:39	26	48	0
Apr 06, 2014 10:54:40	30	41	0
Apr 06, 2014 10:54:41	37	30	0
Apr 06, 2014 10:54:42	44	43	0
Apr 06, 2014 10:54:43	53	56	0
Apr 06, 2014 10:54:44	56	60	0
Apr 06, 2014 10:54:45	74	67	0
Apr 06, 2014 10:54:46	83	66	0
Apr 06, 2014 10:54:47	91	70	0
Apr 06, 2014 10:54:48	84	66	0
Apr 06, 2014 10:54:49	78	57	0
Apr 06, 2014 10:54:50	66	57	0
Apr 06, 2014 10:54:51	66	57	0
Apr 06, 2014 10:54:52	66	57	0
Apr 06, 2014 10:54:53	67	67	0
Apr 06, 2014 10:54:54	67	64	0
Apr 06, 2014 10:54:55	60	61	0
Apr 06, 2014 10:54:56	60	60	0
Apr 06, 2014 10:54:57	48	51	0
Apr 06, 2014 10:54:58	53	47	0
Apr 06, 2014 10:54:59	50	48	0
Apr 06, 2014 10:55:01	63	43	0
Apr 06, 2014 10:55:02	60	44	0
Apr 06, 2014 10:55:03	74	54	0
Apr 06, 2014 10:55:04	80	66	0
Apr 06, 2014 10:55:05	78	67	0
Apr 06, 2014 10:55:06	77	66	0
Apr 06, 2014 10:55:07	70	70	0
Apr 06, 2014 10:55:08	74	63	0
Apr 06, 2014 10:55:09	69	64	0
Apr 06, 2014 10:55:10	70	74	0
Apr 06, 2014 10:55:11	63	67	0
Apr 06, 2014 10:55:12	50	74	0
Apr 06, 2014 10:55:13	63	60	0
Apr 06, 2014 10:55:14	70	48	0
Apr 06, 2014 10:55:15	70	41	0
Apr 06, 2014 10:55:16	80	37	0
Apr 06, 2014 10:55:17	66	54	0
Apr 06, 2014 10:55:18	48	64	0
Apr 06, 2014 10:55:19	54	63	0
Apr 06, 2014 10:55:20	47	75	0
Apr 06, 2014 10:55:21	48	53	0
Apr 06, 2014 10:55:22	63	48	0
Apr 06, 2014 10:55:23	67	43	0
Apr 06, 2014 10:55:24	78	40	0
Apr 06, 2014 10:55:26	80	51	0
Apr 06, 2014 10:55:27	69	63	0
Apr 06, 2014 10:55:28	75	53	0
Apr 06, 2014 10:55:29	67	57	0
Apr 06, 2014 10:55:30	63	57	0
Apr 06, 2014 10:55:31	50	47	0
Apr 06, 2014 10:55:32	53	54	0
Apr 06, 2014 10:55:33	70	40	0
Apr 06, 2014 10:55:34	80	40	0
Apr 06, 2014 10:55:35	84	43	0
Apr 06, 2014 10:55:36	80	38	0
Apr 06, 2014 10:55:37	80	37	0
Apr 06, 2014 10:55:38	81	35	0
Apr 06, 2014 10:55:39	87	40	0
Apr 06, 2014 10:55:40	83	38	0
Apr 06, 2014 10:55:41	74	54	0
Apr 06, 2014 10:55:42	64	57	0
Apr 06, 2014 10:55:43	44	70	0
Apr 06, 2014 10:55:44	43	67	0
Apr 06, 2014 10:55:45	44	54	0
Apr 06, 2014 10:55:46	64	54	0
Apr 06, 2014 10:55:47	57	54	0
Apr 06, 2014 10:55:48	67	53	0
Apr 06, 2014 10:55:49	78	61	0
Apr 06, 2014 10:55:50	69	54	0
Apr 06, 2014 10:55:52	67	54	0
Apr 06, 2014 10:55:53	61	54	0
Apr 06, 2014 10:55:54	61	53	0
Apr 06, 2014 10:55:55	80	51	0
Apr 06, 2014 10:55:56	80	48	0
Apr 06, 2014 10:55:57	77	48	0
Apr 06, 2014 10:55:58	70	48	0
Apr 06, 2014 10:55:59	67	47	0
Apr 06, 2014 10:56:00	63	47	0
Apr 06, 2014 10:56:01	60	50	0
Apr 06, 2014 10:56:02	51	56	0
Apr 06, 2014 10:56:03	50	54	0
Apr 06, 2014 10:56:04	54	57	0
Apr 06, 2014 10:56:05	48	38	0
Apr 06, 2014 10:56:06	35	47	0
Apr 06, 2014 10:56:07	37	30	0
Apr 06, 2014 10:56:08	20	37	0
Apr 06, 2014 10:56:09	40	53	0
Apr 06, 2014 10:56:10	57	51	0
Apr 06, 2014 10:56:11	63	66	0
Apr 06, 2014 10:56:12	77	60	0
Apr 06, 2014 10:56:13	63	40	0
Apr 06, 2014 10:56:15	51	51	0
Apr 06, 2014 10:56:16	43	47	0
Apr 06, 2014 10:56:17	40	53	0
Apr 06, 2014 10:56:18	51	74	0
Apr 06, 2014 10:56:19	53	64	0
Apr 06, 2014 10:56:20	63	70	0
Apr 06, 2014 10:56:21	78	69	0
Apr 06, 2014 10:56:22	67	60	0
Apr 06, 2014 10:56:23	74	48	0
Apr 06, 2014 10:56:24	54	47	0
Apr 06, 2014 10:56:25	56	53	0
Apr 06, 2014 10:56:26	41	63	0
Apr 06, 2014 10:56:27	38	61	0
Apr 06, 2014 10:56:28	47	60	0
Apr 06, 2014 10:56:29	51	47	0
Apr 06, 2014 10:56:30	57	30	0
Apr 06, 2014 10:56:31	60	24	0
Apr 06, 2014 10:56:32	60	34	0
Apr 06, 2014 10:56:33	61	40	0
Apr 06, 2014 10:56:34	56	57	0
Apr 06, 2014 10:56:36	51	64	0
Apr 06, 2014 10:56:37	40	60	0
Apr 06, 2014 10:56:38	26	60	0
Apr 06, 2014 10:56:39	40	63	0
Apr 06, 2014 10:56:40	50	53	0
Apr 06, 2014 10:56:41	70	48	0
Apr 06, 2014 10:56:42	74	47	0
Apr 06, 2014 10:56:43	57	56	0
Apr 06, 2014 10:56:44	29	63	0
Apr 06, 2014 10:56:45	14	63	0
Apr 06, 2014 10:56:46	16	64	0
Apr 06, 2014 10:56:47	14	70	0
Apr 06, 2014 10:56:48	20	78	0
Apr 06, 2014 10:56:49	34	63	0
Apr 06, 2014 10:56:50	35	64	0
Apr 06, 2014 10:56:51	41	51	0
Apr 06, 2014 10:56:52	50	50	0
Apr 06, 2014 10:56:53	43	61	0
Apr 06, 2014 10:56:54	50	60	0
Apr 06, 2014 10:56:56	69	56	0
Apr 06, 2014 10:56:57	77	51	0
Apr 06, 2014 10:56:58	75	54	0
Apr 06, 2014 10:56:59	64	74	0
Apr 06, 2014 10:57:00	41	91	0
Apr 06, 2014 10:57:01	37	80	0
Apr 06, 2014 10:57:02	34	61	0
Apr 06, 2014 10:57:03	24	51	0
Apr 06, 2014 10:57:04	21	40	0
Apr 06, 2014 10:57:05	17	50	0
Apr 06, 2014 10:57:06	23	43	0
Apr 06, 2014 10:57:07	26	38	0
Apr 06, 2014 10:57:08	47	44	0
Apr 06, 2014 10:57:09	61	44	0
Apr 06, 2014 10:57:10	60	50	0
Apr 06, 2014 10:57:11	75	50	0
Apr 06, 2014 10:57:12	53	53	0
Apr 06, 2014 10:57:13	53	51	0
Apr 06, 2014 10:57:15	60	61	0
Apr 06, 2014 10:57:16	66	51	0
Apr 06, 2014 10:57:17	75	63	0
Apr 06, 2014 10:57:18	75	57	0
Apr 06, 2014 10:57:19	63	67	0
Apr 06, 2014 10:57:20	63	67	51
Apr 06, 2014 10:57:21	63	67	25
Apr 06, 2014 10:57:22	63	67	25
Apr 06, 2014 10:57:23	63	67	25
Apr 06, 2014 10:57:24	60	63	0
Apr 06, 2014 10:57:25	50	64	0
Apr 06, 2014 10:57:26	35	70	0
Apr 06, 2014 10:57:27	35	84	0
Apr 06, 2014 10:57:28	37	80	0
Apr 06, 2014 10:57:29	50	81	0
Apr 06, 2014 10:57:30	60	77	0
Apr 06, 2014 10:57:31	51	61	0
Apr 06, 2014 10:57:32	60	56	0
Apr 06, 2014 10:57:33	66	51	0
Apr 06, 2014 10:57:35	80	37	0
Apr 06, 2014 10:57:36	83	34	0
Apr 06, 2014 10:57:37	83	40	0
Apr 06, 2014 10:57:38	70	48	0
Apr 06, 2014 10:57:39	90	51	0
Apr 06, 2014 10:57:40	81	56	0
Apr 06, 2014 10:57:41	66	57	0
Apr 06, 2014 10:57:42	54	66	0
Apr 06, 2014 10:57:43	40	66	0
Apr 06, 2014 10:57:44	53	60	0
Apr 06, 2014 10:57:45	54	48	0
Apr 06, 2014 10:57:46	69	38	0
Apr 06, 2014 10:57:47	78	40	0
Apr 06, 2014 10:57:48	77	27	0
Apr 06, 2014 10:57:49	80	35	0
Apr 06, 2014 10:57:50	74	38	0
Apr 06, 2014 10:57:51	83	38	0
Apr 06, 2014 10:57:52	66	54	0
Apr 06, 2014 10:57:54	66	63	0
Apr 06, 2014 10:57:55	56	53	0
Apr 06, 2014 10:57:56	63	54	0
Apr 06, 2014 10:57:57	67	60	0
Apr 06, 2014 10:57:58	78	47	0
Apr 06, 2014 10:57:59	70	47	0
Apr 06, 2014 10:58:00	64	34	0
Apr 06, 2014 10:58:01	57	43	0
Apr 06, 2014 10:58:02	38	48	0
Apr 06, 2014 10:58:03	44	64	0
Apr 06, 2014 10:58:04	44	78	0
Apr 06, 2014 10:58:05	43	57	0
Apr 06, 2014 10:58:06	43	57	0
Apr 06, 2014 10:58:07	35	67	0
Apr 06, 2014 10:58:08	48	56	0
Apr 06, 2014 10:58:09	51	67	0
Apr 06, 2014 10:58:10	53	67	0
Apr 06, 2014 10:58:11	53	67	0
Apr 06, 2014 10:58:12	40	74	0
Apr 06, 2014 10:58:13	34	80	0
Apr 06, 2014 10:58:14	37	81	0
Apr 06, 2014 10:58:15	43	74	0
Apr 06, 2014 10:58:16	50	60	0
Apr 06, 2014 10:58:18	57	60	0
Apr 06, 2014 10:58:19	57	53	0
Apr 06, 2014 10:58:20	50	54	0
Apr 06, 2014 10:58:21	43	53	0
Apr 06, 2014 10:58:22	34	51	0
Apr 06, 2014 10:58:23	35	61	0
Apr 06, 2014 10:58:24	43	61	0
Apr 06, 2014 10:58:25	44	70	0
Apr 06, 2014 10:58:26	50	56	0
Apr 06, 2014 10:58:27	54	51	0
Apr 06, 2014 10:58:28	53	54	0
Apr 06, 2014 10:58:29	47	54	0
Apr 06, 2014 10:58:30	48	67	0
Apr 06, 2014 10:58:31	43	54	0
Apr 06, 2014 10:58:32	48	48	0
Apr 06, 2014 10:58:33	44	50	0
Apr 06, 2014 10:58:34	37	54	0
Apr 06, 2014 10:58:35	24	51	0
Apr 06, 2014 10:58:36	20	44	0
Apr 06, 2014 10:58:38	21	48	0
Apr 06, 2014 10:58:39	27	56	0
Apr 06, 2014 10:58:40	37	64	0
Apr 06, 2014 10:58:41	44	69	0
Apr 06, 2014 10:58:42	50	67	0
Apr 06, 2014 10:58:43	44	63	0
Apr 06, 2014 10:58:44	41	50	0
Apr 06, 2014 10:58:45	38	44	0
Apr 06, 2014 10:58:46	26	51	0
Apr 06, 2014 10:58:47	17	44	0
Apr 06, 2014 10:58:48	23	54	0
Apr 06, 2014 10:58:49	14	56	0
Apr 06, 2014 10:58:50	16	54	0
Apr 06, 2014 10:58:51	26	57	0
Apr 06, 2014 10:58:52	26	63	0
Apr 06, 2014 10:58:53	27	53	0
Apr 06, 2014 10:58:54	27	47	0
Apr 06, 2014 10:58:55	23	47	0
Apr 06, 2014 10:58:56	37	53	0
Apr 06, 2014 10:58:57	38	53	0
Apr 06, 2014 10:58:58	43	51	0
Apr 06, 2014 10:58:59	50	50	0
Apr 06, 2014 10:59:00	48	48	0
Apr 06, 2014 10:59:01	50	44	0
Apr 06, 2014 10:59:03	48	50	0
Apr 06, 2014 10:59:04	41	48	0
Apr 06, 2014 10:59:05	53	51	0
Apr 06, 2014 10:59:06	56	40	0
Apr 06, 2014 10:59:07	70	43	0
Apr 06, 2014 10:59:08	78	50	0
Apr 06, 2014 10:59:09	78	54	0
Apr 06, 2014 10:59:10	81	69	0
Apr 06, 2014 10:59:11	83	74	0
Apr 06, 2014 10:59:12	78	69	0
Apr 06, 2014 10:59:13	63	70	0
Apr 06, 2014 10:59:14	47	69	0
Apr 06, 2014 10:59:15	41	67	0
Apr 06, 2014 10:59:16	54	63	0
Apr 06, 2014 10:59:17	63	54	0
Apr 06, 2014 10:59:18	64	57	0
Apr 06, 2014 10:59:19	60	64	0
Apr 06, 2014 10:59:20	69	53	0
Apr 06, 2014 10:59:21	67	63	0
Apr 06, 2014 10:59:22	70	54	0
Apr 06, 2014 10:59:23	61	53	0
Apr 06, 2014 10:59:24	67	40	0
Apr 06, 2014 10:59:25	83	20	0
Apr 06, 2014 10:59:26	77	29	0
Apr 06, 2014 10:59:28	84	34	0
Apr 06, 2014 10:59:29	69	50	0
Apr 06, 2014 10:59:30	51	67	0
Apr 06, 2014 10:59:31	54	69	0
Apr 06, 2014 10:59:32	53	66	0
Apr 06, 2014 10:59:33	61	54	0
Apr 06, 2014 10:59:34	57	41	0
Apr 06, 2014 10:59:35	56	47	0
Apr 06, 2014 10:59:36	60	53	0
Apr 06, 2014 10:59:37	70	53	0
Apr 06, 2014 10:59:38	54	34	0
Apr 06, 2014 10:59:39	61	35	0
Apr 06, 2014 10:59:40	50	41	0
Apr 06, 2014 10:59:41	51	47	0
Apr 06, 2014 10:59:42	70	60	0
Apr 06, 2014 10:59:43	61	48	0
Apr 06, 2014 10:59:44	67	43	0
Apr 06, 2014 10:59:45	48	34	0
Apr 06, 2014 10:59:46	50	30	0
Apr 06, 2014 10:59:47	50	43	0
Apr 06, 2014 10:59:48	38	48	0
Apr 06, 2014 10:59:49	60	63	0
Apr 06, 2014 10:59:50	53	66	0
Apr 06, 2014 10:59:52	48	66	0
Apr 06, 2014 10:59:53	51	81	0
Apr 06, 2014 10:59:54	43	80	0
Apr 06, 2014 10:59:55	41	77	0
Apr 06, 2014 10:59:56	47	66	0
Apr 06, 2014 10:59:57	44	47	0
Apr 06, 2014 10:59:58	37	38	0
Apr 06, 2014 10:59:59	29	41	0
Apr 06, 2014 11:00:00	26	64	0
Apr 06, 2014 11:00:01	38	66	0
Apr 06, 2014 11:00:02	47	66	0
Apr 06, 2014 11:00:03	47	64	0
Apr 06, 2014 11:00:04	54	61	0
Apr 06, 2014 11:00:05	51	67	0
Apr 06, 2014 11:00:06	41	60	0
Apr 06, 2014 11:00:07	38	51	0
Apr 06, 2014 11:00:08	50	38	0
Apr 06, 2014 11:00:09	54	35	0
Apr 06, 2014 11:00:10	63	35	0
Apr 06, 2014 11:00:11	69	48	0
Apr 06, 2014 11:00:12	64	56	0
Apr 06, 2014 11:00:14	56	64	0
Apr 06, 2014 11:00:15	48	61	0
Apr 06, 2014 11:00:16	34	53	0
Apr 06, 2014 11:00:17	30	51	0
Apr 06, 2014 11:00:18	43	35	0
Apr 06, 2014 11:00:19	50	50	0
Apr 06, 2014 11:00:20	43	40	0
Apr 06, 2014 11:00:21	38	56	0
Apr 06, 2014 11:00:22	57	43	0
Apr 06, 2014 11:00:23	69	56	0
Apr 06, 2014 11:00:24	88	63	0
Apr 06, 2014 11:00:25	90	48	0
Apr 06, 2014 11:00:26	75	43	0
Apr 06, 2014 11:00:27	81	37	0
Apr 06, 2014 11:00:28	74	38	0
Apr 06, 2014 11:00:29	75	41	0
Apr 06, 2014 11:00:30	83	41	0
Apr 06, 2014 11:00:31	67	40	0
Apr 06, 2014 11:00:32	63	44	0
Apr 06, 2014 11:00:33	66	54	0
Apr 06, 2014 11:00:34	64	61	0
Apr 06, 2014 11:00:35	81	66	0
Apr 06, 2014 11:00:36	87	63	0
Apr 06, 2014 11:00:37	83	67	0
Apr 06, 2014 11:00:39	78	70	0
Apr 06, 2014 11:00:40	84	57	0
Apr 06, 2014 11:00:41	83	50	0
Apr 06, 2014 11:00:42	91	44	0
Apr 06, 2014 11:00:43	78	43	0
Apr 06, 2014 11:00:44	77	44	0
Apr 06, 2014 11:00:45	91	41	0
Apr 06, 2014 11:00:46	84	41	0
Apr 06, 2014 11:00:47	84	50	0
Apr 06, 2014 11:00:48	78	57	0
Apr 06, 2014 11:00:49	70	60	0
Apr 06, 2014 11:00:50	67	74	0
Apr 06, 2014 11:00:51	88	66	0
Apr 06, 2014 11:00:52	91	64	0
Apr 06, 2014 11:00:53	78	57	0
Apr 06, 2014 11:00:54	84	56	0
Apr 06, 2014 11:00:55	70	61	0
Apr 06, 2014 11:00:56	75	57	0
Apr 06, 2014 11:00:57	84	66	0
Apr 06, 2014 11:00:58	84	54	0
Apr 06, 2014 11:00:59	83	60	0
Apr 06, 2014 11:01:00	81	63	0
Apr 06, 2014 11:01:01	91	60	0
Apr 06, 2014 11:01:02	100	47	0
Apr 06, 2014 11:01:04	100	41	0
Apr 06, 2014 11:01:05	96	47	0
Apr 06, 2014 11:01:06	96	47	0
Apr 06, 2014 11:01:07	84	48	0
Apr 06, 2014 11:01:08	81	60	0
Apr 06, 2014 11:01:09	84	56	0
Apr 06, 2014 11:01:10	83	57	0
Apr 06, 2014 11:01:11	78	57	0
Apr 06, 2014 11:01:12	78	54	0
Apr 06, 2014 11:01:13	75	47	0
Apr 06, 2014 11:01:14	77	48	0
Apr 06, 2014 11:01:15	88	56	0
Apr 06, 2014 11:01:16	88	51	0
Apr 06, 2014 11:01:17	88	57	0
Apr 06, 2014 11:01:18	78	61	0
Apr 06, 2014 11:01:19	87	63	0
Apr 06, 2014 11:01:20	80	60	0
Apr 06, 2014 11:01:21	64	64	0
Apr 06, 2014 11:01:22	51	63	0
Apr 06, 2014 11:01:23	26	47	0
Apr 06, 2014 11:01:24	26	54	0
Apr 06, 2014 11:01:25	50	47	0
Apr 06, 2014 11:01:26	51	60	0
Apr 06, 2014 11:01:28	44	44	0
Apr 06, 2014 11:01:29	50	37	0
Apr 06, 2014 11:01:30	29	35	0
Apr 06, 2014 11:01:31	40	38	0
Apr 06, 2014 11:01:32	60	54	0
Apr 06, 2014 11:01:33	64	66	0
Apr 06, 2014 11:01:34	64	70	0
Apr 06, 2014 11:01:35	67	74	0
Apr 06, 2014 11:01:36	60	69	0
Apr 06, 2014 11:01:37	57	66	0
Apr 06, 2014 11:01:38	70	56	0
Apr 06, 2014 11:01:39	69	54	0
Apr 06, 2014 11:01:40	70	51	0
Apr 06, 2014 11:01:41	61	48	0
Apr 06, 2014 11:01:42	60	64	0
Apr 06, 2014 11:01:43	53	60	0
Apr 06, 2014 11:01:44	57	53	0
Apr 06, 2014 11:01:45	61	50	0
Apr 06, 2014 11:01:46	63	51	0
Apr 06, 2014 11:01:47	57	48	0
Apr 06, 2014 11:01:48	61	60	0
Apr 06, 2014 11:01:49	53	44	0
Apr 06, 2014 11:01:50	50	57	0
Apr 06, 2014 11:01:51	57	66	0
Apr 06, 2014 11:01:53	54	56	0
Apr 06, 2014 11:01:54	57	67	0
Apr 06, 2014 11:01:55	60	44	0
Apr 06, 2014 11:01:56	66	38	0
Apr 06, 2014 11:01:57	61	48	0
Apr 06, 2014 11:01:58	54	37	0
Apr 06, 2014 11:01:59	60	35	0
Apr 06, 2014 11:02:00	61	37	0
Apr 06, 2014 11:02:01	70	34	0
Apr 06, 2014 11:02:02	83	50	0
Apr 06, 2014 11:02:03	70	75	0
Apr 06, 2014 11:02:04	56	78	0
Apr 06, 2014 11:02:05	64	70	0
Apr 06, 2014 11:02:06	60	67	0
Apr 06, 2014 11:02:07	66	61	0
Apr 06, 2014 11:02:08	69	69	0
Apr 06, 2014 11:02:09	70	63	0
Apr 06, 2014 11:02:10	66	67	0
Apr 06, 2014 11:02:11	56	66	0
Apr 06, 2014 11:02:12	40	60	0
Apr 06, 2014 11:02:13	41	56	0
Apr 06, 2014 11:02:14	48	61	0
Apr 06, 2014 11:02:15	56	56	0
Apr 06, 2014 11:02:16	60	64	0
Apr 06, 2014 11:02:17	54	63	0
Apr 06, 2014 11:02:19	48	48	0
Apr 06, 2014 11:02:20	48	51	0
Apr 06, 2014 11:02:21	41	48	0
Apr 06, 2014 11:02:22	53	48	0
Apr 06, 2014 11:02:23	61	61	0
Apr 06, 2014 11:02:24	50	64	0
Apr 06, 2014 11:02:25	51	54	0
Apr 06, 2014 11:02:26	37	56	0
Apr 06, 2014 11:02:27	27	40	0
Apr 06, 2014 11:02:28	24	54	0
Apr 06, 2014 11:02:29	27	70	0
Apr 06, 2014 11:02:30	34	80	0
Apr 06, 2014 11:02:31	41	60	0
Apr 06, 2014 11:02:32	50	64	0
Apr 06, 2014 11:02:33	41	57	0
Apr 06, 2014 11:02:34	43	60	0
Apr 06, 2014 11:02:35	37	64	0
Apr 06, 2014 11:02:36	29	51	0
Apr 06, 2014 11:02:37	41	41	0
Apr 06, 2014 11:02:38	40	40	0
Apr 06, 2014 11:02:40	54	38	0
Apr 06, 2014 11:02:41	63	57	0
Apr 06, 2014 11:02:42	67	57	0
Apr 06, 2014 11:02:43	75	48	0
Apr 06, 2014 11:02:44	56	41	0
Apr 06, 2014 11:02:45	51	40	0
Apr 06, 2014 11:02:46	50	43	0
Apr 06, 2014 11:02:47	44	43	0
Apr 06, 2014 11:02:48	48	50	0
Apr 06, 2014 11:02:49	57	50	0
Apr 06, 2014 11:02:50	67	54	0
Apr 06, 2014 11:02:51	75	67	0
Apr 06, 2014 11:02:52	78	69	0
Apr 06, 2014 11:02:53	81	63	0
Apr 06, 2014 11:02:54	83	60	0
Apr 06, 2014 11:02:55	87	63	0
Apr 06, 2014 11:02:56	81	66	0
Apr 06, 2014 11:02:57	81	66	0
Apr 06, 2014 11:02:58	91	64	0
Apr 06, 2014 11:02:59	91	51	0
Apr 06, 2014 11:03:00	93	44	0
Apr 06, 2014 11:03:02	88	38	0
Apr 06, 2014 11:03:03	69	40	0
Apr 06, 2014 11:03:04	69	41	0
Apr 06, 2014 11:03:05	70	47	0
Apr 06, 2014 11:03:06	75	37	0
Apr 06, 2014 11:03:07	83	44	0
Apr 06, 2014 11:03:08	75	37	0
Apr 06, 2014 11:03:09	78	47	0
Apr 06, 2014 11:03:10	74	40	0
Apr 06, 2014 11:03:11	78	30	0
Apr 06, 2014 11:03:12	70	48	0
Apr 06, 2014 11:03:13	50	53	0
Apr 06, 2014 11:03:14	38	40	0
Apr 06, 2014 11:03:15	40	50	0
Apr 06, 2014 11:03:16	53	41	0
Apr 06, 2014 11:03:17	69	24	0
Apr 06, 2014 11:03:18	80	40	0
Apr 06, 2014 11:03:19	66	30	0
Apr 06, 2014 11:03:20	74	21	0
Apr 06, 2014 11:03:21	67	23	0
Apr 06, 2014 11:03:22	83	17	0
Apr 06, 2014 11:03:23	70	29	0
Apr 06, 2014 11:03:24	60	35	0
Apr 06, 2014 11:03:26	64	47	0
Apr 06, 2014 11:03:27	50	48	0
Apr 06, 2014 11:03:28	74	44	0
Apr 06, 2014 11:03:29	75	60	0
Apr 06, 2014 11:03:30	63	81	0
Apr 06, 2014 11:03:31	47	81	0
Apr 06, 2014 11:03:32	48	69	0
Apr 06, 2014 11:03:33	50	47	0
Apr 06, 2014 11:03:34	63	26	0
Apr 06, 2014 11:03:35	70	29	0
Apr 06, 2014 11:03:36	66	34	0
Apr 06, 2014 11:03:37	63	48	0
Apr 06, 2014 11:03:38	56	57	0
Apr 06, 2014 11:03:39	50	61	0
Apr 06, 2014 11:03:40	40	64	0
Apr 06, 2014 11:03:41	47	60	0
Apr 06, 2014 11:03:42	37	69	0
Apr 06, 2014 11:03:43	34	54	0
Apr 06, 2014 11:03:44	34	53	0
Apr 06, 2014 11:03:45	37	66	0
Apr 06, 2014 11:03:46	37	54	0
Apr 06, 2014 11:03:48	44	60	0
Apr 06, 2014 11:03:49	61	61	0
Apr 06, 2014 11:03:50	63	69	0
Apr 06, 2014 11:03:51	75	77	0
Apr 06, 2014 11:03:52	83	70	0
Apr 06, 2014 11:03:53	63	70	0
Apr 06, 2014 11:03:54	60	64	0
Apr 06, 2014 11:03:55	44	48	0
Apr 06, 2014 11:03:56	29	50	0
Apr 06, 2014 11:03:57	34	50	0
Apr 06, 2014 11:03:58	37	53	0
Apr 06, 2014 11:03:59	26	67	0
Apr 06, 2014 11:04:00	27	66	0
Apr 06, 2014 11:04:01	30	69	0
Apr 06, 2014 11:04:02	11	74	0
Apr 06, 2014 11:04:03	20	77	0
Apr 06, 2014 11:04:04	14	83	0
Apr 06, 2014 11:04:05	14	83	26
Apr 06, 2014 11:04:06	1	81	0
Apr 06, 2014 11:04:07	1	75	0
Apr 06, 2014 11:04:08	1	78	0
Apr 06, 2014 11:04:10	17	61	0
Apr 06, 2014 11:04:11	27	64	0
Apr 06, 2014 11:04:12	26	56	0
Apr 06, 2014 11:04:13	29	66	0
Apr 06, 2014 11:04:14	14	91	0
Apr 06, 2014 11:04:15	16	84	0
Apr 06, 2014 11:04:16	20	77	0
Apr 06, 2014 11:04:17	30	64	0
Apr 06, 2014 11:04:18	37	53	0
Apr 06, 2014 11:04:19	53	53	0
